-1.000000000000000000e+00
3.604552149772644043e-01
4.177733063697814941e-01
4.405258595943450928e-01
4.610165059566497803e-01
4.672213494777679443e-01
3.649922311305999756e-01
3.839032649993896484e-01
3.944469392299652100e-01
3.963735401630401611e-01
3.605017066001892090e-01
3.856118619441986084e-01
3.999504446983337402e-01
4.051685035228729248e-01
3.672853708267211914e-01
4.445579051971435547e-01
4.487227797508239746e-01
4.321826100349426270e-01
3.901217281818389893e-01
4.563802182674407959e-01
4.585300683975219727e-01
4.444270133972167969e-01
7.799990177154541016e-01
7.054080963134765625e-01
6.348009109497070312e-01
5.914915800094604492e-01
5.864646434783935547e-01
5.411763191223144531e-01
4.547831416130065918e-01
3.919266760349273682e-01
3.393653929233551025e-01
5.513146519660949707e-01
4.459649920463562012e-01
3.780744075775146484e-01
3.169411718845367432e-01
5.808171033859252930e-01
5.387876629829406738e-01
5.890848040580749512e-01
6.200067400932312012e-01
6.204723119735717773e-01
5.971000790596008301e-01
6.288197636604309082e-01
6.492307782173156738e-01
0.000000000000000000e+00
1.000000000000000000e+00
1.000000000000000000e+00
0.000000000000000000e+00
0.000000000000000000e+00
0.000000000000000000e+00
0.000000000000000000e+00
0.000000000000000000e+00
0.000000000000000000e+00
0.000000000000000000e+00
0.000000000000000000e+00
0.000000000000000000e+00
0.000000000000000000e+00
0.000000000000000000e+00
0.000000000000000000e+00
0.000000000000000000e+00
0.000000000000000000e+00
0.000000000000000000e+00
0.000000000000000000e+00
0.000000000000000000e+00
0.000000000000000000e+00
0.000000000000000000e+00
0.000000000000000000e+00
0.000000000000000000e+00
0.000000000000000000e+00
0.000000000000000000e+00
0.000000000000000000e+00
0.000000000000000000e+00
0.000000000000000000e+00
0.000000000000000000e+00
0.000000000000000000e+00
0.000000000000000000e+00
0.000000000000000000e+00
0.000000000000000000e+00
0.000000000000000000e+00
0.000000000000000000e+00
0.000000000000000000e+00
0.000000000000000000e+00
0.000000000000000000e+00
0.000000000000000000e+00
0.000000000000000000e+00
0.000000000000000000e+00
0.000000000000000000e+00
0.000000000000000000e+00
0.000000000000000000e+00
0.000000000000000000e+00
0.000000000000000000e+00
0.000000000000000000e+00
0.000000000000000000e+00
0.000000000000000000e+00
0.000000000000000000e+00
0.000000000000000000e+00
0.000000000000000000e+00
