1.000000000000000000e+00
3.741579353809356689e-01
3.632768392562866211e-01
3.790718317031860352e-01
4.198584556579589844e-01
4.566092789173126221e-01
3.593802452087402344e-01
3.774784207344055176e-01
3.844023942947387695e-01
3.859863579273223877e-01
3.827643096446990967e-01
4.182048439979553223e-01
4.372105002403259277e-01
4.491663277149200439e-01
4.096215367317199707e-01
4.731324911117553711e-01
4.686313867568969727e-01
4.509509801864624023e-01
4.409483969211578369e-01
4.907986223697662354e-01
4.846735894680023193e-01
4.671290218830108643e-01
7.742500901222229004e-01
6.857990026473999023e-01
6.101140975952148438e-01
5.716779828071594238e-01
5.551517605781555176e-01
5.545084476470947266e-01
4.520394206047058105e-01
3.937389850616455078e-01
3.448430895805358887e-01
5.604420900344848633e-01
4.480201601982116699e-01
3.832309842109680176e-01
3.319659829139709473e-01
5.837478041648864746e-01
5.335719585418701172e-01
5.723286271095275879e-01
5.985178351402282715e-01
6.175215840339660645e-01
5.879300236701965332e-01
6.180554628372192383e-01
6.375874876976013184e-01
0.000000000000000000e+00
1.000000000000000000e+00
1.000000000000000000e+00
0.000000000000000000e+00
0.000000000000000000e+00
0.000000000000000000e+00
0.000000000000000000e+00
0.000000000000000000e+00
0.000000000000000000e+00
0.000000000000000000e+00
0.000000000000000000e+00
0.000000000000000000e+00
0.000000000000000000e+00
0.000000000000000000e+00
0.000000000000000000e+00
0.000000000000000000e+00
0.000000000000000000e+00
0.000000000000000000e+00
0.000000000000000000e+00
0.000000000000000000e+00
0.000000000000000000e+00
0.000000000000000000e+00
0.000000000000000000e+00
0.000000000000000000e+00
0.000000000000000000e+00
0.000000000000000000e+00
0.000000000000000000e+00
0.000000000000000000e+00
0.000000000000000000e+00
0.000000000000000000e+00
0.000000000000000000e+00
0.000000000000000000e+00
0.000000000000000000e+00
0.000000000000000000e+00
0.000000000000000000e+00
0.000000000000000000e+00
0.000000000000000000e+00
0.000000000000000000e+00
0.000000000000000000e+00
0.000000000000000000e+00
0.000000000000000000e+00
0.000000000000000000e+00
0.000000000000000000e+00
0.000000000000000000e+00
0.000000000000000000e+00
0.000000000000000000e+00
0.000000000000000000e+00
0.000000000000000000e+00
0.000000000000000000e+00
0.000000000000000000e+00
0.000000000000000000e+00
0.000000000000000000e+00
0.000000000000000000e+00
