-1.000000000000000000e+00
3.492672145366668701e-01
3.994728326797485352e-01
4.214150905609130859e-01
3.863500058650970459e-01
3.459325134754180908e-01
4.269976913928985596e-01
4.539372324943542480e-01
4.683829843997955322e-01
4.757887125015258789e-01
3.786473870277404785e-01
3.686089217662811279e-01
3.619914948940277100e-01
3.546082079410552979e-01
3.352612257003784180e-01
3.422229886054992676e-01
3.549868762493133545e-01
3.575091958045959473e-01
2.994634509086608887e-01
3.080596327781677246e-01
3.229416012763977051e-01
3.297276794910430908e-01
8.480454683303833008e-01
8.083188533782958984e-01
7.396304607391357422e-01
6.877425312995910645e-01
6.463404893875122070e-01
5.962868928909301758e-01
4.979987144470214844e-01
4.359521269798278809e-01
3.833603262901306152e-01
5.913417339324951172e-01
4.707974791526794434e-01
3.971979618072509766e-01
3.355988562107086182e-01
6.197789907455444336e-01
5.748043060302734375e-01
6.402656435966491699e-01
6.865097284317016602e-01
6.647086143493652344e-01
6.377447247505187988e-01
6.810534000396728516e-01
7.154043316841125488e-01
1.000000000000000000e+00
1.000000000000000000e+00
1.000000000000000000e+00
0.000000000000000000e+00
0.000000000000000000e+00
0.000000000000000000e+00
0.000000000000000000e+00
0.000000000000000000e+00
0.000000000000000000e+00
0.000000000000000000e+00
0.000000000000000000e+00
0.000000000000000000e+00
0.000000000000000000e+00
0.000000000000000000e+00
0.000000000000000000e+00
0.000000000000000000e+00
0.000000000000000000e+00
0.000000000000000000e+00
0.000000000000000000e+00
0.000000000000000000e+00
0.000000000000000000e+00
0.000000000000000000e+00
0.000000000000000000e+00
0.000000000000000000e+00
0.000000000000000000e+00
0.000000000000000000e+00
0.000000000000000000e+00
0.000000000000000000e+00
0.000000000000000000e+00
0.000000000000000000e+00
0.000000000000000000e+00
0.000000000000000000e+00
0.000000000000000000e+00
0.000000000000000000e+00
0.000000000000000000e+00
0.000000000000000000e+00
0.000000000000000000e+00
0.000000000000000000e+00
0.000000000000000000e+00
0.000000000000000000e+00
0.000000000000000000e+00
0.000000000000000000e+00
0.000000000000000000e+00
0.000000000000000000e+00
0.000000000000000000e+00
0.000000000000000000e+00
0.000000000000000000e+00
0.000000000000000000e+00
0.000000000000000000e+00
0.000000000000000000e+00
0.000000000000000000e+00
0.000000000000000000e+00
0.000000000000000000e+00
