1.000000000000000000e+00
4.035446643829345703e-01
3.688455224037170410e-01
3.738076388835906982e-01
4.063151478767395020e-01
4.390600323677062988e-01
3.757010698318481445e-01
3.730726838111877441e-01
3.694595098495483398e-01
3.670755624771118164e-01
4.166005253791809082e-01
4.450529217720031738e-01
4.616337716579437256e-01
4.756276905536651611e-01
4.545383751392364502e-01
4.698055684566497803e-01
4.570856690406799316e-01
4.457356333732604980e-01
4.853862226009368896e-01
4.830240011215209961e-01
4.709228277206420898e-01
4.645600020885467529e-01
7.819129228591918945e-01
6.876807808876037598e-01
6.088985204696655273e-01
5.611894726753234863e-01
5.460458993911743164e-01
5.569589734077453613e-01
4.502265453338623047e-01
3.878202438354492188e-01
3.394859135150909424e-01
5.647585988044738770e-01
4.503013491630554199e-01
3.808560371398925781e-01
3.335098922252655029e-01
5.903975367546081543e-01
5.292980074882507324e-01
5.500395298004150391e-01
5.777463912963867188e-01
6.252925395965576172e-01
5.823311209678649902e-01
5.970134139060974121e-01
6.206806898117065430e-01
0.000000000000000000e+00
1.000000000000000000e+00
1.000000000000000000e+00
0.000000000000000000e+00
0.000000000000000000e+00
0.000000000000000000e+00
0.000000000000000000e+00
0.000000000000000000e+00
0.000000000000000000e+00
0.000000000000000000e+00
0.000000000000000000e+00
0.000000000000000000e+00
0.000000000000000000e+00
0.000000000000000000e+00
0.000000000000000000e+00
0.000000000000000000e+00
0.000000000000000000e+00
0.000000000000000000e+00
0.000000000000000000e+00
0.000000000000000000e+00
0.000000000000000000e+00
0.000000000000000000e+00
0.000000000000000000e+00
0.000000000000000000e+00
0.000000000000000000e+00
0.000000000000000000e+00
0.000000000000000000e+00
0.000000000000000000e+00
0.000000000000000000e+00
0.000000000000000000e+00
0.000000000000000000e+00
0.000000000000000000e+00
0.000000000000000000e+00
0.000000000000000000e+00
0.000000000000000000e+00
0.000000000000000000e+00
0.000000000000000000e+00
0.000000000000000000e+00
0.000000000000000000e+00
0.000000000000000000e+00
0.000000000000000000e+00
0.000000000000000000e+00
0.000000000000000000e+00
0.000000000000000000e+00
0.000000000000000000e+00
0.000000000000000000e+00
0.000000000000000000e+00
0.000000000000000000e+00
0.000000000000000000e+00
0.000000000000000000e+00
0.000000000000000000e+00
0.000000000000000000e+00
0.000000000000000000e+00
