-1.000000000000000000e+00
3.195510506629943848e-01
3.636551499366760254e-01
3.776055574417114258e-01
3.421620726585388184e-01
3.021010458469390869e-01
3.847574591636657715e-01
4.116124510765075684e-01
4.254308640956878662e-01
4.325606524944305420e-01
3.390806615352630615e-01
3.281110227108001709e-01
3.177979588508605957e-01
3.078162670135498047e-01
3.006538450717926025e-01
2.905214726924896240e-01
3.033537268638610840e-01
3.120529353618621826e-01
2.707394063472747803e-01
2.683079838752746582e-01
2.832254171371459961e-01
2.968353629112243652e-01
7.817859649658203125e-01
7.412633299827575684e-01
6.804218292236328125e-01
6.343913674354553223e-01
5.997520685195922852e-01
5.444959402084350586e-01
4.519385695457458496e-01
3.936983346939086914e-01
3.435003757476806641e-01
5.374277830123901367e-01
4.293044805526733398e-01
3.608261644840240479e-01
3.011484444141387939e-01
5.629170536994934082e-01
5.143893957138061523e-01
5.595630407333374023e-01
5.976350903511047363e-01
6.064701676368713379e-01
5.881415009498596191e-01
6.190338730812072754e-01
6.461136937141418457e-01
1.000000000000000000e+00
1.000000000000000000e+00
1.000000000000000000e+00
0.000000000000000000e+00
0.000000000000000000e+00
0.000000000000000000e+00
0.000000000000000000e+00
0.000000000000000000e+00
0.000000000000000000e+00
0.000000000000000000e+00
0.000000000000000000e+00
0.000000000000000000e+00
0.000000000000000000e+00
0.000000000000000000e+00
0.000000000000000000e+00
0.000000000000000000e+00
0.000000000000000000e+00
0.000000000000000000e+00
0.000000000000000000e+00
0.000000000000000000e+00
0.000000000000000000e+00
0.000000000000000000e+00
0.000000000000000000e+00
0.000000000000000000e+00
0.000000000000000000e+00
0.000000000000000000e+00
0.000000000000000000e+00
0.000000000000000000e+00
0.000000000000000000e+00
0.000000000000000000e+00
0.000000000000000000e+00
0.000000000000000000e+00
0.000000000000000000e+00
0.000000000000000000e+00
0.000000000000000000e+00
0.000000000000000000e+00
0.000000000000000000e+00
0.000000000000000000e+00
0.000000000000000000e+00
0.000000000000000000e+00
0.000000000000000000e+00
0.000000000000000000e+00
0.000000000000000000e+00
0.000000000000000000e+00
0.000000000000000000e+00
0.000000000000000000e+00
0.000000000000000000e+00
0.000000000000000000e+00
0.000000000000000000e+00
0.000000000000000000e+00
0.000000000000000000e+00
0.000000000000000000e+00
0.000000000000000000e+00
