-1.000000000000000000e+00
2.332400083541870117e-01
2.852557301521301270e-01
3.214228749275207520e-01
3.049448728561401367e-01
2.783347070217132568e-01
3.737870752811431885e-01
4.332396388053894043e-01
4.693061709403991699e-01
4.978420734405517578e-01
3.318184614181518555e-01
3.628770709037780762e-01
3.813133835792541504e-01
3.975963592529296875e-01
2.831418812274932861e-01
3.031122088432312012e-01
2.949904203414916992e-01
2.843991219997406006e-01
2.369048744440078735e-01
2.528696060180664062e-01
2.523291707038879395e-01
2.488447725772857666e-01
7.644461989402770996e-01
7.481591701507568359e-01
6.949878931045532227e-01
6.325266957283020020e-01
5.730310082435607910e-01
5.783879160881042480e-01
5.163612365722656250e-01
4.724475145339965820e-01
4.328335523605346680e-01
5.468946695327758789e-01
4.397212862968444824e-01
3.707905411720275879e-01
3.078193366527557373e-01
5.481469631195068359e-01
5.130884647369384766e-01
5.805475711822509766e-01
6.225798130035400391e-01
5.702828764915466309e-01
5.610664486885070801e-01
6.135766506195068359e-01
6.477057933807373047e-01
1.000000000000000000e+00
1.000000000000000000e+00
1.000000000000000000e+00
0.000000000000000000e+00
0.000000000000000000e+00
0.000000000000000000e+00
0.000000000000000000e+00
0.000000000000000000e+00
0.000000000000000000e+00
0.000000000000000000e+00
0.000000000000000000e+00
0.000000000000000000e+00
0.000000000000000000e+00
0.000000000000000000e+00
0.000000000000000000e+00
0.000000000000000000e+00
0.000000000000000000e+00
0.000000000000000000e+00
0.000000000000000000e+00
0.000000000000000000e+00
0.000000000000000000e+00
0.000000000000000000e+00
0.000000000000000000e+00
0.000000000000000000e+00
0.000000000000000000e+00
0.000000000000000000e+00
0.000000000000000000e+00
0.000000000000000000e+00
0.000000000000000000e+00
0.000000000000000000e+00
0.000000000000000000e+00
0.000000000000000000e+00
0.000000000000000000e+00
0.000000000000000000e+00
0.000000000000000000e+00
0.000000000000000000e+00
0.000000000000000000e+00
0.000000000000000000e+00
0.000000000000000000e+00
0.000000000000000000e+00
0.000000000000000000e+00
0.000000000000000000e+00
0.000000000000000000e+00
0.000000000000000000e+00
0.000000000000000000e+00
0.000000000000000000e+00
0.000000000000000000e+00
0.000000000000000000e+00
0.000000000000000000e+00
0.000000000000000000e+00
0.000000000000000000e+00
0.000000000000000000e+00
0.000000000000000000e+00
