-1.000000000000000000e+00
2.329902350902557373e-01
2.850679755210876465e-01
3.216062486171722412e-01
3.051303923130035400e-01
2.795381546020507812e-01
3.748744428157806396e-01
4.350042343139648438e-01
4.709836840629577637e-01
4.993217587471008301e-01
3.323886990547180176e-01
3.626764416694641113e-01
3.809161186218261719e-01
3.968899250030517578e-01
2.835254669189453125e-01
3.026548624038696289e-01
2.951889336109161377e-01
2.852652966976165771e-01
2.370075583457946777e-01
2.511587142944335938e-01
2.504398226737976074e-01
2.473810315132141113e-01
7.643414735794067383e-01
7.476870417594909668e-01
6.946760416030883789e-01
6.313081383705139160e-01
5.712212324142456055e-01
5.783916115760803223e-01
5.163762569427490234e-01
4.724301099777221680e-01
4.325912892818450928e-01
5.464906096458435059e-01
4.389311075210571289e-01
3.695189356803894043e-01
3.069454729557037354e-01
5.480457544326782227e-01
5.108598470687866211e-01
5.787208676338195801e-01
6.219661831855773926e-01
5.704534053802490234e-01
5.599117875099182129e-01
6.117632985115051270e-01
6.462386250495910645e-01
1.000000000000000000e+00
1.000000000000000000e+00
1.000000000000000000e+00
0.000000000000000000e+00
0.000000000000000000e+00
0.000000000000000000e+00
0.000000000000000000e+00
0.000000000000000000e+00
0.000000000000000000e+00
0.000000000000000000e+00
0.000000000000000000e+00
0.000000000000000000e+00
0.000000000000000000e+00
0.000000000000000000e+00
0.000000000000000000e+00
0.000000000000000000e+00
0.000000000000000000e+00
0.000000000000000000e+00
0.000000000000000000e+00
0.000000000000000000e+00
0.000000000000000000e+00
0.000000000000000000e+00
0.000000000000000000e+00
0.000000000000000000e+00
0.000000000000000000e+00
0.000000000000000000e+00
0.000000000000000000e+00
0.000000000000000000e+00
0.000000000000000000e+00
0.000000000000000000e+00
0.000000000000000000e+00
0.000000000000000000e+00
0.000000000000000000e+00
0.000000000000000000e+00
0.000000000000000000e+00
0.000000000000000000e+00
0.000000000000000000e+00
0.000000000000000000e+00
0.000000000000000000e+00
0.000000000000000000e+00
0.000000000000000000e+00
0.000000000000000000e+00
0.000000000000000000e+00
0.000000000000000000e+00
0.000000000000000000e+00
0.000000000000000000e+00
0.000000000000000000e+00
0.000000000000000000e+00
0.000000000000000000e+00
0.000000000000000000e+00
0.000000000000000000e+00
0.000000000000000000e+00
0.000000000000000000e+00
