-1.000000000000000000e+00
2.498155832290649414e-01
2.983935475349426270e-01
3.226916790008544922e-01
2.950511872768402100e-01
2.575502693653106689e-01
3.353120386600494385e-01
3.694642484188079834e-01
3.895593583583831787e-01
4.036902189254760742e-01
2.852270007133483887e-01
2.807072699069976807e-01
2.779368460178375244e-01
2.759208679199218750e-01
2.409709095954895020e-01
2.469530105590820312e-01
2.612652480602264404e-01
2.687472403049468994e-01
2.065734267234802246e-01
2.192008197307586670e-01
2.392868846654891968e-01
2.535965144634246826e-01
8.143254518508911133e-01
7.786724567413330078e-01
7.189869880676269531e-01
6.651930212974548340e-01
6.203643083572387695e-01
5.748393535614013672e-01
4.801996946334838867e-01
4.227077066898345947e-01
3.754650354385375977e-01
5.642261505126953125e-01
4.397644698619842529e-01
3.678101301193237305e-01
3.090485036373138428e-01
5.893669128417968750e-01
5.390542745590209961e-01
5.896228551864624023e-01
6.313873529434204102e-01
6.346009969711303711e-01
6.154238581657409668e-01
6.484391093254089355e-01
6.752675771713256836e-01
1.000000000000000000e+00
1.000000000000000000e+00
1.000000000000000000e+00
0.000000000000000000e+00
0.000000000000000000e+00
0.000000000000000000e+00
0.000000000000000000e+00
0.000000000000000000e+00
0.000000000000000000e+00
0.000000000000000000e+00
0.000000000000000000e+00
0.000000000000000000e+00
0.000000000000000000e+00
0.000000000000000000e+00
0.000000000000000000e+00
0.000000000000000000e+00
0.000000000000000000e+00
0.000000000000000000e+00
0.000000000000000000e+00
0.000000000000000000e+00
0.000000000000000000e+00
0.000000000000000000e+00
0.000000000000000000e+00
0.000000000000000000e+00
0.000000000000000000e+00
0.000000000000000000e+00
0.000000000000000000e+00
0.000000000000000000e+00
0.000000000000000000e+00
0.000000000000000000e+00
0.000000000000000000e+00
0.000000000000000000e+00
0.000000000000000000e+00
0.000000000000000000e+00
0.000000000000000000e+00
0.000000000000000000e+00
0.000000000000000000e+00
0.000000000000000000e+00
0.000000000000000000e+00
0.000000000000000000e+00
0.000000000000000000e+00
0.000000000000000000e+00
0.000000000000000000e+00
0.000000000000000000e+00
0.000000000000000000e+00
0.000000000000000000e+00
0.000000000000000000e+00
0.000000000000000000e+00
0.000000000000000000e+00
0.000000000000000000e+00
0.000000000000000000e+00
0.000000000000000000e+00
0.000000000000000000e+00
