-1.000000000000000000e+00
2.513349950313568115e-01
2.951537668704986572e-01
3.052560091018676758e-01
2.575363218784332275e-01
2.056565135717391968e-01
2.769686281681060791e-01
2.816496193408966064e-01
2.831443548202514648e-01
2.802209854125976562e-01
2.263643145561218262e-01
1.900831311941146851e-01
1.603418290615081787e-01
1.328016966581344604e-01
1.894307285547256470e-01
1.755138039588928223e-01
2.037323117256164551e-01
2.241216748952865601e-01
1.664656847715377808e-01
1.655728816986083984e-01
1.935278177261352539e-01
2.177407741546630859e-01
8.457385301589965820e-01
7.915343642234802246e-01
7.223357558250427246e-01
6.865668296813964844e-01
6.622627973556518555e-01
5.661441087722778320e-01
4.578346014022827148e-01
3.891738057136535645e-01
3.306253850460052490e-01
5.767018198966979980e-01
4.628469347953796387e-01
3.940827250480651855e-01
3.336805701255798340e-01
6.214286684989929199e-01
5.816559791564941406e-01
6.374806165695190430e-01
6.754294633865356445e-01
6.831956505775451660e-01
6.634251475334167480e-01
6.881932020187377930e-01
7.031368017196655273e-01
1.000000000000000000e+00
1.000000000000000000e+00
1.000000000000000000e+00
0.000000000000000000e+00
0.000000000000000000e+00
0.000000000000000000e+00
0.000000000000000000e+00
0.000000000000000000e+00
0.000000000000000000e+00
0.000000000000000000e+00
0.000000000000000000e+00
0.000000000000000000e+00
0.000000000000000000e+00
0.000000000000000000e+00
0.000000000000000000e+00
0.000000000000000000e+00
0.000000000000000000e+00
0.000000000000000000e+00
0.000000000000000000e+00
0.000000000000000000e+00
0.000000000000000000e+00
0.000000000000000000e+00
0.000000000000000000e+00
0.000000000000000000e+00
0.000000000000000000e+00
0.000000000000000000e+00
0.000000000000000000e+00
0.000000000000000000e+00
0.000000000000000000e+00
0.000000000000000000e+00
0.000000000000000000e+00
0.000000000000000000e+00
0.000000000000000000e+00
0.000000000000000000e+00
0.000000000000000000e+00
0.000000000000000000e+00
0.000000000000000000e+00
0.000000000000000000e+00
0.000000000000000000e+00
0.000000000000000000e+00
0.000000000000000000e+00
0.000000000000000000e+00
0.000000000000000000e+00
0.000000000000000000e+00
0.000000000000000000e+00
0.000000000000000000e+00
0.000000000000000000e+00
0.000000000000000000e+00
0.000000000000000000e+00
0.000000000000000000e+00
0.000000000000000000e+00
0.000000000000000000e+00
0.000000000000000000e+00
