-1.000000000000000000e+00
2.530107498168945312e-01
2.944996953010559082e-01
2.990582585334777832e-01
2.428253591060638428e-01
1.872685104608535767e-01
2.596062123775482178e-01
2.551268041133880615e-01
2.499396353960037231e-01
2.414607703685760498e-01
2.052496820688247681e-01
1.536943316459655762e-01
1.194691807031631470e-01
9.039311110973358154e-02
1.706887781620025635e-01
1.460314542055130005e-01
1.767072975635528564e-01
2.000578790903091431e-01
1.501448005437850952e-01
1.418408453464508057e-01
1.699656546115875244e-01
1.926614195108413696e-01
8.439408540725708008e-01
7.851071357727050781e-01
7.122939825057983398e-01
6.783370375633239746e-01
6.537444591522216797e-01
5.536745190620422363e-01
4.353429377079010010e-01
3.618327975273132324e-01
3.016077280044555664e-01
5.706846117973327637e-01
4.498096704483032227e-01
3.785469233989715576e-01
3.178629875183105469e-01
6.207068562507629395e-01
5.717137455940246582e-01
6.152908205986022949e-01
6.501491665840148926e-01
6.861218810081481934e-01
6.639472246170043945e-01
6.872648000717163086e-01
7.033798098564147949e-01
1.000000000000000000e+00
1.000000000000000000e+00
1.000000000000000000e+00
0.000000000000000000e+00
0.000000000000000000e+00
0.000000000000000000e+00
0.000000000000000000e+00
0.000000000000000000e+00
0.000000000000000000e+00
0.000000000000000000e+00
0.000000000000000000e+00
0.000000000000000000e+00
0.000000000000000000e+00
0.000000000000000000e+00
0.000000000000000000e+00
0.000000000000000000e+00
0.000000000000000000e+00
0.000000000000000000e+00
0.000000000000000000e+00
0.000000000000000000e+00
0.000000000000000000e+00
0.000000000000000000e+00
0.000000000000000000e+00
0.000000000000000000e+00
0.000000000000000000e+00
0.000000000000000000e+00
0.000000000000000000e+00
0.000000000000000000e+00
0.000000000000000000e+00
0.000000000000000000e+00
0.000000000000000000e+00
0.000000000000000000e+00
0.000000000000000000e+00
0.000000000000000000e+00
0.000000000000000000e+00
0.000000000000000000e+00
0.000000000000000000e+00
0.000000000000000000e+00
0.000000000000000000e+00
0.000000000000000000e+00
0.000000000000000000e+00
0.000000000000000000e+00
0.000000000000000000e+00
0.000000000000000000e+00
0.000000000000000000e+00
0.000000000000000000e+00
0.000000000000000000e+00
0.000000000000000000e+00
0.000000000000000000e+00
0.000000000000000000e+00
0.000000000000000000e+00
0.000000000000000000e+00
0.000000000000000000e+00
