-1.000000000000000000e+00
2.919867634773254395e-01
3.495028316974639893e-01
3.590158224105834961e-01
2.943730950355529785e-01
2.295733988285064697e-01
3.427629470825195312e-01
3.583028614521026611e-01
3.649663031101226807e-01
3.654823899269104004e-01
2.793531715869903564e-01
2.413267791271209717e-01
2.130873203277587891e-01
1.882477402687072754e-01
2.329379022121429443e-01
2.112391293048858643e-01
2.389946877956390381e-01
2.597937881946563721e-01
1.994580328464508057e-01
1.887646466493606567e-01
2.161216139793395996e-01
2.412110120058059692e-01
8.387303352355957031e-01
7.815473675727844238e-01
6.911675930023193359e-01
6.408086419105529785e-01
6.009004116058349609e-01
5.037530660629272461e-01
3.661736249923706055e-01
2.758642137050628662e-01
2.005076408386230469e-01
5.088753700256347656e-01
3.588790297508239746e-01
2.635312676429748535e-01
1.811037659645080566e-01
5.569916963577270508e-01
5.004587769508361816e-01
5.689116120338439941e-01
6.214491128921508789e-01
6.270435452461242676e-01
5.928895473480224609e-01
6.321012973785400391e-01
6.650927662849426270e-01
1.000000000000000000e+00
1.000000000000000000e+00
1.000000000000000000e+00
0.000000000000000000e+00
0.000000000000000000e+00
0.000000000000000000e+00
0.000000000000000000e+00
0.000000000000000000e+00
0.000000000000000000e+00
0.000000000000000000e+00
0.000000000000000000e+00
0.000000000000000000e+00
0.000000000000000000e+00
0.000000000000000000e+00
0.000000000000000000e+00
0.000000000000000000e+00
0.000000000000000000e+00
0.000000000000000000e+00
0.000000000000000000e+00
0.000000000000000000e+00
0.000000000000000000e+00
0.000000000000000000e+00
0.000000000000000000e+00
0.000000000000000000e+00
0.000000000000000000e+00
0.000000000000000000e+00
0.000000000000000000e+00
0.000000000000000000e+00
0.000000000000000000e+00
0.000000000000000000e+00
0.000000000000000000e+00
0.000000000000000000e+00
0.000000000000000000e+00
0.000000000000000000e+00
0.000000000000000000e+00
0.000000000000000000e+00
0.000000000000000000e+00
0.000000000000000000e+00
0.000000000000000000e+00
0.000000000000000000e+00
0.000000000000000000e+00
0.000000000000000000e+00
0.000000000000000000e+00
0.000000000000000000e+00
0.000000000000000000e+00
0.000000000000000000e+00
0.000000000000000000e+00
0.000000000000000000e+00
0.000000000000000000e+00
0.000000000000000000e+00
0.000000000000000000e+00
0.000000000000000000e+00
0.000000000000000000e+00
