-1.000000000000000000e+00
3.283218145370483398e-01
3.774001002311706543e-01
3.928400278091430664e-01
3.476697206497192383e-01
2.966786921024322510e-01
3.773667514324188232e-01
3.892123699188232422e-01
3.929127156734466553e-01
3.928168118000030518e-01
3.242860138416290283e-01
2.895565629005432129e-01
2.691179513931274414e-01
2.518056929111480713e-01
2.845241129398345947e-01
2.761216461658477783e-01
3.045283555984497070e-01
3.223024010658264160e-01
2.579137086868286133e-01
2.634958624839782715e-01
2.917101979255676270e-01
3.112213313579559326e-01
8.048970699310302734e-01
7.483276128768920898e-01
6.719649434089660645e-01
6.187469363212585449e-01
5.846249461174011230e-01
5.146227478981018066e-01
4.024764895439147949e-01
3.354478478431701660e-01
2.778780162334442139e-01
5.216222405433654785e-01
3.944354057312011719e-01
3.269652724266052246e-01
2.733539938926696777e-01
5.622321963310241699e-01
5.173750519752502441e-01
5.744960308074951172e-01
6.186681389808654785e-01
6.188220977783203125e-01
5.960990190505981445e-01
6.327828168869018555e-01
6.639585494995117188e-01
1.000000000000000000e+00
1.000000000000000000e+00
1.000000000000000000e+00
0.000000000000000000e+00
0.000000000000000000e+00
0.000000000000000000e+00
0.000000000000000000e+00
0.000000000000000000e+00
0.000000000000000000e+00
0.000000000000000000e+00
0.000000000000000000e+00
0.000000000000000000e+00
0.000000000000000000e+00
0.000000000000000000e+00
0.000000000000000000e+00
0.000000000000000000e+00
0.000000000000000000e+00
0.000000000000000000e+00
0.000000000000000000e+00
0.000000000000000000e+00
0.000000000000000000e+00
0.000000000000000000e+00
0.000000000000000000e+00
0.000000000000000000e+00
0.000000000000000000e+00
0.000000000000000000e+00
0.000000000000000000e+00
0.000000000000000000e+00
0.000000000000000000e+00
0.000000000000000000e+00
0.000000000000000000e+00
0.000000000000000000e+00
0.000000000000000000e+00
0.000000000000000000e+00
0.000000000000000000e+00
0.000000000000000000e+00
0.000000000000000000e+00
0.000000000000000000e+00
0.000000000000000000e+00
0.000000000000000000e+00
0.000000000000000000e+00
0.000000000000000000e+00
0.000000000000000000e+00
0.000000000000000000e+00
0.000000000000000000e+00
0.000000000000000000e+00
0.000000000000000000e+00
0.000000000000000000e+00
0.000000000000000000e+00
0.000000000000000000e+00
0.000000000000000000e+00
0.000000000000000000e+00
0.000000000000000000e+00
