-1.000000000000000000e+00
3.271816670894622803e-01
3.797481954097747803e-01
4.033147096633911133e-01
3.628529012203216553e-01
3.205991685390472412e-01
4.127282500267028809e-01
4.406388700008392334e-01
4.557316601276397705e-01
4.647170901298522949e-01
3.629496395587921143e-01
3.545139133930206299e-01
3.489648997783660889e-01
3.436347842216491699e-01
3.180259168148040771e-01
3.200533688068389893e-01
3.332102894783020020e-01
3.380449712276458740e-01
2.796460390090942383e-01
2.860609889030456543e-01
3.015900850296020508e-01
3.110080063343048096e-01
8.518865108489990234e-01
8.201599121093750000e-01
7.598353624343872070e-01
7.074989676475524902e-01
6.632362008094787598e-01
6.080002784729003906e-01
5.119307041168212891e-01
4.478542208671569824e-01
3.926172852516174316e-01
5.990764498710632324e-01
4.802597165107727051e-01
4.049503207206726074e-01
3.382897675037384033e-01
6.257550120353698730e-01
5.923006534576416016e-01
6.604846715927124023e-01
7.056852579116821289e-01
6.698245406150817871e-01
6.516882181167602539e-01
6.955152750015258789e-01
7.262048721313476562e-01
1.000000000000000000e+00
1.000000000000000000e+00
1.000000000000000000e+00
0.000000000000000000e+00
0.000000000000000000e+00
0.000000000000000000e+00
0.000000000000000000e+00
0.000000000000000000e+00
0.000000000000000000e+00
0.000000000000000000e+00
0.000000000000000000e+00
0.000000000000000000e+00
0.000000000000000000e+00
0.000000000000000000e+00
0.000000000000000000e+00
0.000000000000000000e+00
0.000000000000000000e+00
0.000000000000000000e+00
0.000000000000000000e+00
0.000000000000000000e+00
0.000000000000000000e+00
0.000000000000000000e+00
0.000000000000000000e+00
0.000000000000000000e+00
0.000000000000000000e+00
0.000000000000000000e+00
0.000000000000000000e+00
0.000000000000000000e+00
0.000000000000000000e+00
0.000000000000000000e+00
0.000000000000000000e+00
0.000000000000000000e+00
0.000000000000000000e+00
0.000000000000000000e+00
0.000000000000000000e+00
0.000000000000000000e+00
0.000000000000000000e+00
0.000000000000000000e+00
0.000000000000000000e+00
0.000000000000000000e+00
0.000000000000000000e+00
0.000000000000000000e+00
0.000000000000000000e+00
0.000000000000000000e+00
0.000000000000000000e+00
0.000000000000000000e+00
0.000000000000000000e+00
0.000000000000000000e+00
0.000000000000000000e+00
0.000000000000000000e+00
0.000000000000000000e+00
0.000000000000000000e+00
0.000000000000000000e+00
