-1.000000000000000000e+00
3.426717817783355713e-01
3.801400959491729736e-01
3.933973908424377441e-01
3.654392957687377930e-01
3.316810429096221924e-01
3.832227587699890137e-01
3.928646147251129150e-01
3.967096507549285889e-01
3.961316645145416260e-01
3.448419570922851562e-01
3.221473693847656250e-01
3.099686801433563232e-01
2.979241311550140381e-01
3.144119381904602051e-01
3.139130175113677979e-01
3.341249823570251465e-01
3.433837294578552246e-01
2.918250560760498047e-01
3.020012378692626953e-01
3.225796222686767578e-01
3.342712819576263428e-01
7.781302332878112793e-01
7.375917434692382812e-01
6.773463487625122070e-01
6.373588442802429199e-01
6.105322837829589844e-01
5.702713727951049805e-01
4.864268898963928223e-01
4.363867044448852539e-01
3.945072889328002930e-01
5.758940577507019043e-01
4.816961288452148438e-01
4.268051385879516602e-01
3.819613456726074219e-01
6.055915951728820801e-01
5.631546378135681152e-01
6.083382964134216309e-01
6.419112682342529297e-01
6.460891366004943848e-01
6.249910593032836914e-01
6.478487849235534668e-01
6.636890172958374023e-01
1.000000000000000000e+00
1.000000000000000000e+00
1.000000000000000000e+00
0.000000000000000000e+00
0.000000000000000000e+00
0.000000000000000000e+00
0.000000000000000000e+00
0.000000000000000000e+00
0.000000000000000000e+00
0.000000000000000000e+00
0.000000000000000000e+00
0.000000000000000000e+00
0.000000000000000000e+00
0.000000000000000000e+00
0.000000000000000000e+00
0.000000000000000000e+00
0.000000000000000000e+00
0.000000000000000000e+00
0.000000000000000000e+00
0.000000000000000000e+00
0.000000000000000000e+00
0.000000000000000000e+00
0.000000000000000000e+00
0.000000000000000000e+00
0.000000000000000000e+00
0.000000000000000000e+00
0.000000000000000000e+00
0.000000000000000000e+00
0.000000000000000000e+00
0.000000000000000000e+00
0.000000000000000000e+00
0.000000000000000000e+00
0.000000000000000000e+00
0.000000000000000000e+00
0.000000000000000000e+00
0.000000000000000000e+00
0.000000000000000000e+00
0.000000000000000000e+00
0.000000000000000000e+00
0.000000000000000000e+00
0.000000000000000000e+00
0.000000000000000000e+00
0.000000000000000000e+00
0.000000000000000000e+00
0.000000000000000000e+00
0.000000000000000000e+00
0.000000000000000000e+00
0.000000000000000000e+00
0.000000000000000000e+00
0.000000000000000000e+00
0.000000000000000000e+00
0.000000000000000000e+00
0.000000000000000000e+00
