-1.000000000000000000e+00
3.494017720222473145e-01
3.844611942768096924e-01
3.931864202022552490e-01
3.628822565078735352e-01
3.265144228935241699e-01
3.716254532337188721e-01
3.750650286674499512e-01
3.754698634147644043e-01
3.730261623859405518e-01
3.334740996360778809e-01
3.068321645259857178e-01
2.867296934127807617e-01
2.681729793548583984e-01
3.053727447986602783e-01
2.983601093292236328e-01
3.190239667892456055e-01
3.321145176887512207e-01
2.875677943229675293e-01
2.908537387847900391e-01
3.115637004375457764e-01
3.275655806064605713e-01
7.979293465614318848e-01
7.534154653549194336e-01
6.946425437927246094e-01
6.609483361244201660e-01
6.419112682342529297e-01
5.802342295646667480e-01
4.979172945022583008e-01
4.462099969387054443e-01
4.032960236072540283e-01
5.902854800224304199e-01
5.025473833084106445e-01
4.476718306541442871e-01
4.030487537384033203e-01
6.263632178306579590e-01
5.867815017700195312e-01
6.259781122207641602e-01
6.573272347450256348e-01
6.752237081527709961e-01
6.529388427734375000e-01
6.703988909721374512e-01
6.844502687454223633e-01
1.000000000000000000e+00
1.000000000000000000e+00
1.000000000000000000e+00
0.000000000000000000e+00
0.000000000000000000e+00
0.000000000000000000e+00
0.000000000000000000e+00
0.000000000000000000e+00
0.000000000000000000e+00
0.000000000000000000e+00
0.000000000000000000e+00
0.000000000000000000e+00
0.000000000000000000e+00
0.000000000000000000e+00
0.000000000000000000e+00
0.000000000000000000e+00
0.000000000000000000e+00
0.000000000000000000e+00
0.000000000000000000e+00
0.000000000000000000e+00
0.000000000000000000e+00
0.000000000000000000e+00
0.000000000000000000e+00
0.000000000000000000e+00
0.000000000000000000e+00
0.000000000000000000e+00
0.000000000000000000e+00
0.000000000000000000e+00
0.000000000000000000e+00
0.000000000000000000e+00
0.000000000000000000e+00
0.000000000000000000e+00
0.000000000000000000e+00
0.000000000000000000e+00
0.000000000000000000e+00
0.000000000000000000e+00
0.000000000000000000e+00
0.000000000000000000e+00
0.000000000000000000e+00
0.000000000000000000e+00
0.000000000000000000e+00
0.000000000000000000e+00
0.000000000000000000e+00
0.000000000000000000e+00
0.000000000000000000e+00
0.000000000000000000e+00
0.000000000000000000e+00
0.000000000000000000e+00
0.000000000000000000e+00
0.000000000000000000e+00
0.000000000000000000e+00
0.000000000000000000e+00
0.000000000000000000e+00
