-1.000000000000000000e+00
3.523221313953399658e-01
3.877098560333251953e-01
3.965281844139099121e-01
3.578955531120300293e-01
3.163159191608428955e-01
3.714440166950225830e-01
3.683924376964569092e-01
3.651172220706939697e-01
3.589186072349548340e-01
3.314315378665924072e-01
2.978936731815338135e-01
2.769775390625000000e-01
2.581332325935363770e-01
3.041808307170867920e-01
2.936274707317352295e-01
3.175117075443267822e-01
3.323525488376617432e-01
2.876492142677307129e-01
2.894622683525085449e-01
3.092341125011444092e-01
3.222312927246093750e-01
7.979590892791748047e-01
7.569940686225891113e-01
6.956354975700378418e-01
6.652369499206542969e-01
6.478107571601867676e-01
5.811500549316406250e-01
4.937422573566436768e-01
4.401588439941406250e-01
3.961096405982971191e-01
5.919886231422424316e-01
5.046557784080505371e-01
4.499261975288391113e-01
4.047334492206573486e-01
6.276269555091857910e-01
6.025324463844299316e-01
6.444908976554870605e-01
6.731524467468261719e-01
6.743880510330200195e-01
6.701430082321166992e-01
6.967223882675170898e-01
7.129005193710327148e-01
1.000000000000000000e+00
1.000000000000000000e+00
1.000000000000000000e+00
0.000000000000000000e+00
0.000000000000000000e+00
0.000000000000000000e+00
0.000000000000000000e+00
0.000000000000000000e+00
0.000000000000000000e+00
0.000000000000000000e+00
0.000000000000000000e+00
0.000000000000000000e+00
0.000000000000000000e+00
0.000000000000000000e+00
0.000000000000000000e+00
0.000000000000000000e+00
0.000000000000000000e+00
0.000000000000000000e+00
0.000000000000000000e+00
0.000000000000000000e+00
0.000000000000000000e+00
0.000000000000000000e+00
0.000000000000000000e+00
0.000000000000000000e+00
0.000000000000000000e+00
0.000000000000000000e+00
0.000000000000000000e+00
0.000000000000000000e+00
0.000000000000000000e+00
0.000000000000000000e+00
0.000000000000000000e+00
0.000000000000000000e+00
0.000000000000000000e+00
0.000000000000000000e+00
0.000000000000000000e+00
0.000000000000000000e+00
0.000000000000000000e+00
0.000000000000000000e+00
0.000000000000000000e+00
0.000000000000000000e+00
0.000000000000000000e+00
0.000000000000000000e+00
0.000000000000000000e+00
0.000000000000000000e+00
0.000000000000000000e+00
0.000000000000000000e+00
0.000000000000000000e+00
0.000000000000000000e+00
0.000000000000000000e+00
0.000000000000000000e+00
0.000000000000000000e+00
0.000000000000000000e+00
0.000000000000000000e+00
