-1.000000000000000000e+00
3.691851496696472168e-01
4.040076434612274170e-01
4.121875762939453125e-01
3.737665414810180664e-01
3.323089480400085449e-01
3.800577819347381592e-01
3.739562034606933594e-01
3.683982491493225098e-01
3.602433502674102783e-01
3.404501080513000488e-01
3.033752441406250000e-01
2.815152704715728760e-01
2.616047859191894531e-01
3.140011429786682129e-01
3.077961206436157227e-01
3.352088332176208496e-01
3.501946628093719482e-01
2.984347641468048096e-01
3.049072027206420898e-01
3.278750181198120117e-01
3.408708870410919189e-01
8.000487685203552246e-01
7.560875415802001953e-01
6.946359276771545410e-01
6.685764789581298828e-01
6.549510359764099121e-01
5.790291428565979004e-01
4.913158416748046875e-01
4.379501938819885254e-01
3.943367302417755127e-01
5.934628844261169434e-01
5.068439841270446777e-01
4.522742927074432373e-01
4.064312875270843506e-01
6.320711970329284668e-01
6.040477752685546875e-01
6.458724141120910645e-01
6.758038997650146484e-01
6.811016798019409180e-01
6.719606518745422363e-01
6.962608098983764648e-01
7.124055624008178711e-01
1.000000000000000000e+00
1.000000000000000000e+00
1.000000000000000000e+00
0.000000000000000000e+00
0.000000000000000000e+00
0.000000000000000000e+00
0.000000000000000000e+00
0.000000000000000000e+00
0.000000000000000000e+00
0.000000000000000000e+00
0.000000000000000000e+00
0.000000000000000000e+00
0.000000000000000000e+00
0.000000000000000000e+00
0.000000000000000000e+00
0.000000000000000000e+00
0.000000000000000000e+00
0.000000000000000000e+00
0.000000000000000000e+00
0.000000000000000000e+00
0.000000000000000000e+00
0.000000000000000000e+00
0.000000000000000000e+00
0.000000000000000000e+00
0.000000000000000000e+00
0.000000000000000000e+00
0.000000000000000000e+00
0.000000000000000000e+00
0.000000000000000000e+00
0.000000000000000000e+00
0.000000000000000000e+00
0.000000000000000000e+00
0.000000000000000000e+00
0.000000000000000000e+00
0.000000000000000000e+00
0.000000000000000000e+00
0.000000000000000000e+00
0.000000000000000000e+00
0.000000000000000000e+00
0.000000000000000000e+00
0.000000000000000000e+00
0.000000000000000000e+00
0.000000000000000000e+00
0.000000000000000000e+00
0.000000000000000000e+00
0.000000000000000000e+00
0.000000000000000000e+00
0.000000000000000000e+00
0.000000000000000000e+00
0.000000000000000000e+00
0.000000000000000000e+00
0.000000000000000000e+00
0.000000000000000000e+00
