-1.000000000000000000e+00
3.747303783893585205e-01
4.131880402565002441e-01
4.309746623039245605e-01
3.989851772785186768e-01
3.623068630695343018e-01
4.081655740737915039e-01
4.129998683929443359e-01
4.161366820335388184e-01
4.156675934791564941e-01
3.672660589218139648e-01
3.402249515056610107e-01
3.235784173011779785e-01
3.090152442455291748e-01
3.373720645904541016e-01
3.380282819271087646e-01
3.613978922367095947e-01
3.751208484172821045e-01
3.167369067668914795e-01
3.278999626636505127e-01
3.511906266212463379e-01
3.645257353782653809e-01
7.949264049530029297e-01
7.537547349929809570e-01
6.958438158035278320e-01
6.577123999595642090e-01
6.308308839797973633e-01
5.792213082313537598e-01
4.900745451450347900e-01
4.372739791870117188e-01
3.914426565170288086e-01
5.848374366760253906e-01
4.850958287715911865e-01
4.269221723079681396e-01
3.780290484428405762e-01
6.165571808815002441e-01
5.798131823539733887e-01
6.216410994529724121e-01
6.535280942916870117e-01
6.608071923255920410e-01
6.473236680030822754e-01
6.698818802833557129e-01
6.849244236946105957e-01
1.000000000000000000e+00
1.000000000000000000e+00
1.000000000000000000e+00
0.000000000000000000e+00
0.000000000000000000e+00
0.000000000000000000e+00
0.000000000000000000e+00
0.000000000000000000e+00
0.000000000000000000e+00
0.000000000000000000e+00
0.000000000000000000e+00
0.000000000000000000e+00
0.000000000000000000e+00
0.000000000000000000e+00
0.000000000000000000e+00
0.000000000000000000e+00
0.000000000000000000e+00
0.000000000000000000e+00
0.000000000000000000e+00
0.000000000000000000e+00
0.000000000000000000e+00
0.000000000000000000e+00
0.000000000000000000e+00
0.000000000000000000e+00
0.000000000000000000e+00
0.000000000000000000e+00
0.000000000000000000e+00
0.000000000000000000e+00
0.000000000000000000e+00
0.000000000000000000e+00
0.000000000000000000e+00
0.000000000000000000e+00
0.000000000000000000e+00
0.000000000000000000e+00
0.000000000000000000e+00
0.000000000000000000e+00
0.000000000000000000e+00
0.000000000000000000e+00
0.000000000000000000e+00
0.000000000000000000e+00
0.000000000000000000e+00
0.000000000000000000e+00
0.000000000000000000e+00
0.000000000000000000e+00
0.000000000000000000e+00
0.000000000000000000e+00
0.000000000000000000e+00
0.000000000000000000e+00
0.000000000000000000e+00
0.000000000000000000e+00
0.000000000000000000e+00
0.000000000000000000e+00
0.000000000000000000e+00
