-1.000000000000000000e+00
3.733325004577636719e-01
4.166862964630126953e-01
4.390519559383392334e-01
4.070172905921936035e-01
3.678210973739624023e-01
4.211518764495849609e-01
4.331865012645721436e-01
4.395698010921478271e-01
4.410722851753234863e-01
3.795440495014190674e-01
3.603550791740417480e-01
3.501510322093963623e-01
3.392173051834106445e-01
3.467331230640411377e-01
3.517823219299316406e-01
3.727364540100097656e-01
3.821202516555786133e-01
3.226785063743591309e-01
3.352217674255371094e-01
3.573100566864013672e-01
3.692750036716461182e-01
7.948971986770629883e-01
7.611293792724609375e-01
7.001141905784606934e-01
6.595704555511474609e-01
6.345988512039184570e-01
5.778425931930541992e-01
4.916155338287353516e-01
4.374914765357971191e-01
3.929809331893920898e-01
5.804539322853088379e-01
4.811886548995971680e-01
4.195936918258666992e-01
3.692870140075683594e-01
6.097919940948486328e-01
5.701229572296142578e-01
6.201270818710327148e-01
6.577422022819519043e-01
6.529828310012817383e-01
6.374861598014831543e-01
6.649950146675109863e-01
6.855595111846923828e-01
1.000000000000000000e+00
1.000000000000000000e+00
1.000000000000000000e+00
0.000000000000000000e+00
0.000000000000000000e+00
0.000000000000000000e+00
0.000000000000000000e+00
0.000000000000000000e+00
0.000000000000000000e+00
0.000000000000000000e+00
0.000000000000000000e+00
0.000000000000000000e+00
0.000000000000000000e+00
0.000000000000000000e+00
0.000000000000000000e+00
0.000000000000000000e+00
0.000000000000000000e+00
0.000000000000000000e+00
0.000000000000000000e+00
0.000000000000000000e+00
0.000000000000000000e+00
0.000000000000000000e+00
0.000000000000000000e+00
0.000000000000000000e+00
0.000000000000000000e+00
0.000000000000000000e+00
0.000000000000000000e+00
0.000000000000000000e+00
0.000000000000000000e+00
0.000000000000000000e+00
0.000000000000000000e+00
0.000000000000000000e+00
0.000000000000000000e+00
0.000000000000000000e+00
0.000000000000000000e+00
0.000000000000000000e+00
0.000000000000000000e+00
0.000000000000000000e+00
0.000000000000000000e+00
0.000000000000000000e+00
0.000000000000000000e+00
0.000000000000000000e+00
0.000000000000000000e+00
0.000000000000000000e+00
0.000000000000000000e+00
0.000000000000000000e+00
0.000000000000000000e+00
0.000000000000000000e+00
0.000000000000000000e+00
0.000000000000000000e+00
0.000000000000000000e+00
0.000000000000000000e+00
0.000000000000000000e+00
