-1.000000000000000000e+00
3.634974956512451172e-01
4.112919270992279053e-01
4.419609010219573975e-01
4.219235479831695557e-01
3.899272680282592773e-01
4.419804215431213379e-01
4.706911146640777588e-01
4.863618314266204834e-01
4.962789714336395264e-01
3.997868001461029053e-01
3.958534896373748779e-01
3.957063257694244385e-01
3.928499221801757812e-01
3.617728948593139648e-01
3.785833716392517090e-01
3.919993042945861816e-01
3.931148946285247803e-01
3.309398889541625977e-01
3.545915186405181885e-01
3.684671819210052490e-01
3.695917725563049316e-01
7.822857499122619629e-01
7.612023353576660156e-01
7.055688500404357910e-01
6.616829633712768555e-01
6.265430450439453125e-01
5.782037973403930664e-01
4.960498809814453125e-01
4.445769190788269043e-01
3.996242284774780273e-01
5.702584385871887207e-01
4.641348421573638916e-01
4.003319442272186279e-01
3.468860685825347900e-01
5.909548997879028320e-01
5.493372082710266113e-01
6.108205318450927734e-01
6.524981856346130371e-01
6.267292499542236328e-01
6.088986992835998535e-01
6.493944525718688965e-01
6.778860092163085938e-01
1.000000000000000000e+00
1.000000000000000000e+00
1.000000000000000000e+00
0.000000000000000000e+00
0.000000000000000000e+00
0.000000000000000000e+00
0.000000000000000000e+00
0.000000000000000000e+00
0.000000000000000000e+00
0.000000000000000000e+00
0.000000000000000000e+00
0.000000000000000000e+00
0.000000000000000000e+00
0.000000000000000000e+00
0.000000000000000000e+00
0.000000000000000000e+00
0.000000000000000000e+00
0.000000000000000000e+00
0.000000000000000000e+00
0.000000000000000000e+00
0.000000000000000000e+00
0.000000000000000000e+00
0.000000000000000000e+00
0.000000000000000000e+00
0.000000000000000000e+00
0.000000000000000000e+00
0.000000000000000000e+00
0.000000000000000000e+00
0.000000000000000000e+00
0.000000000000000000e+00
0.000000000000000000e+00
0.000000000000000000e+00
0.000000000000000000e+00
0.000000000000000000e+00
0.000000000000000000e+00
0.000000000000000000e+00
0.000000000000000000e+00
0.000000000000000000e+00
0.000000000000000000e+00
0.000000000000000000e+00
0.000000000000000000e+00
0.000000000000000000e+00
0.000000000000000000e+00
0.000000000000000000e+00
0.000000000000000000e+00
0.000000000000000000e+00
0.000000000000000000e+00
0.000000000000000000e+00
0.000000000000000000e+00
0.000000000000000000e+00
0.000000000000000000e+00
0.000000000000000000e+00
0.000000000000000000e+00
