-1.000000000000000000e+00
3.226110339164733887e-01
3.737665414810180664e-01
3.966826200485229492e-01
3.567649126052856445e-01
3.149945437908172607e-01
4.082672894001007080e-01
4.370220899581909180e-01
4.526234865188598633e-01
4.617719352245330811e-01
3.578141331672668457e-01
3.490995764732360840e-01
3.433301150798797607e-01
3.380357623100280762e-01
3.135324120521545410e-01
3.120948672294616699e-01
3.243372440338134766e-01
3.296241462230682373e-01
2.777739763259887695e-01
2.827134132385253906e-01
2.967478036880493164e-01
3.052060306072235107e-01
8.384436368942260742e-01
8.040298819541931152e-01
7.391251921653747559e-01
6.876057386398315430e-01
6.474915742874145508e-01
5.944192409515380859e-01
4.935165345668792725e-01
4.285795688629150391e-01
3.739641010761260986e-01
5.857843756675720215e-01
4.641443490982055664e-01
3.867520689964294434e-01
3.223002851009368896e-01
6.116266250610351562e-01
5.671456456184387207e-01
6.289896368980407715e-01
6.741569042205810547e-01
6.555294990539550781e-01
6.447373032569885254e-01
6.901549100875854492e-01
7.226477861404418945e-01
1.000000000000000000e+00
1.000000000000000000e+00
1.000000000000000000e+00
0.000000000000000000e+00
0.000000000000000000e+00
0.000000000000000000e+00
0.000000000000000000e+00
0.000000000000000000e+00
0.000000000000000000e+00
0.000000000000000000e+00
0.000000000000000000e+00
0.000000000000000000e+00
0.000000000000000000e+00
0.000000000000000000e+00
0.000000000000000000e+00
0.000000000000000000e+00
0.000000000000000000e+00
0.000000000000000000e+00
0.000000000000000000e+00
0.000000000000000000e+00
0.000000000000000000e+00
0.000000000000000000e+00
0.000000000000000000e+00
0.000000000000000000e+00
0.000000000000000000e+00
0.000000000000000000e+00
0.000000000000000000e+00
0.000000000000000000e+00
0.000000000000000000e+00
0.000000000000000000e+00
0.000000000000000000e+00
0.000000000000000000e+00
0.000000000000000000e+00
0.000000000000000000e+00
0.000000000000000000e+00
0.000000000000000000e+00
0.000000000000000000e+00
0.000000000000000000e+00
0.000000000000000000e+00
0.000000000000000000e+00
0.000000000000000000e+00
0.000000000000000000e+00
0.000000000000000000e+00
0.000000000000000000e+00
0.000000000000000000e+00
0.000000000000000000e+00
0.000000000000000000e+00
0.000000000000000000e+00
0.000000000000000000e+00
0.000000000000000000e+00
0.000000000000000000e+00
0.000000000000000000e+00
0.000000000000000000e+00
