-1.000000000000000000e+00
0.000000000000000000e+00
2.951648647688541738e-01
6.011266413814341236e-01
8.397170709297657742e-01
1.000000000000000000e+00
6.621525734684066133e-01
7.552135656776807204e-01
6.516006012872919140e-01
5.837576190151727573e-01
5.372314378690230541e-01
6.642186910586521664e-01
5.685892269188054238e-01
4.929012312477801805e-01
4.312517225735312820e-01
5.759340737282251377e-01
4.906219422251540951e-01
4.116250455335472846e-01
3.830940032030951681e-01
4.845794933010340033e-01
4.065902114964988212e-01
3.403842982551687490e-01
1.000000000000000000e+00
0.000000000000000000e+00
0.000000000000000000e+00
0.000000000000000000e+00
0.000000000000000000e+00
1.000000000000000000e+00
0.000000000000000000e+00
4.063279825265305178e-01
6.961363774232093293e-01
8.238405321769669554e-01
8.630218148445687465e-01
9.656206989596040069e-01
1.000000000000000000e+00
9.075950601553101071e-01
8.226419643192132147e-01
8.811504047929525907e-01
9.009571955489252826e-01
7.932912055758608583e-01
6.917324592494413782e-01
7.501529646824237618e-01
8.269823316880539066e-01
7.295903822007216988e-01
6.217681275738364821e-01
6.445541216152768094e-01
7.539239093164779026e-01
6.703756181677578141e-01
5.739949348749848745e-01
1.000000000000000000e+00
0.000000000000000000e+00
0.000000000000000000e+00
0.000000000000000000e+00
0.000000000000000000e+00
