-1.000000000000000000e+00
0.000000000000000000e+00
2.950306714607314196e-01
6.080854514096074581e-01
8.384840054703811552e-01
1.000000000000000000e+00
5.857816443300201126e-01
7.106108241999625763e-01
6.321056260635403712e-01
5.645112111353920437e-01
4.588482848572732475e-01
6.297085981212923178e-01
5.555118162587638908e-01
4.734841154440276312e-01
3.799546495197075324e-01
5.511114272555674987e-01
4.898519411204843577e-01
4.069953958176449338e-01
3.732165269521624529e-01
5.085081172299455998e-01
4.511835346772327116e-01
3.836781537403555209e-01
1.000000000000000000e+00
0.000000000000000000e+00
0.000000000000000000e+00
0.000000000000000000e+00
0.000000000000000000e+00
1.000000000000000000e+00
0.000000000000000000e+00
2.975588013331493253e-01
5.854596072480704461e-01
8.179044541495127385e-01
1.000000000000000000e+00
5.100557518155887093e-01
7.332018489851440668e-01
6.754310895225539291e-01
5.806287405310546212e-01
4.127520924477766084e-01
6.462024411770017629e-01
5.932585886274013287e-01
5.072882707936766655e-01
3.777295575297556218e-01
5.635163891661518765e-01
5.088186983602209779e-01
4.302803731270240517e-01
3.907582719462588394e-01
5.126471549049292920e-01
4.651109790051108916e-01
4.053952088408813714e-01
1.000000000000000000e+00
0.000000000000000000e+00
0.000000000000000000e+00
0.000000000000000000e+00
0.000000000000000000e+00
