-1.000000000000000000e+00
0.000000000000000000e+00
2.888820921642224482e-01
6.046760741241787862e-01
8.321051555692364765e-01
1.000000000000000000e+00
5.580229291739492448e-01
6.920156343082413120e-01
6.195712097890747616e-01
5.512610504637772690e-01
4.222355868510581089e-01
6.152980653557107438e-01
5.451528666882854424e-01
4.521263370675761006e-01
3.516481913259092429e-01
5.487752564201117123e-01
4.882837458393726182e-01
3.964972620210647225e-01
3.593751534193670438e-01
5.060159243787074601e-01
4.513548566531576101e-01
3.804207458034570832e-01
1.000000000000000000e+00
0.000000000000000000e+00
0.000000000000000000e+00
0.000000000000000000e+00
0.000000000000000000e+00
1.000000000000000000e+00
0.000000000000000000e+00
3.025683108931567777e-01
5.897701795871369557e-01
8.209755352909372528e-01
1.000000000000000000e+00
5.070969513103700255e-01
7.601136546437824437e-01
6.991961173650439454e-01
6.040673222609961313e-01
4.111019669056260595e-01
6.840232910989850756e-01
6.244197897898742244e-01
5.323642070205064636e-01
3.848698787064821492e-01
6.057113828737558103e-01
5.475151588897781973e-01
4.621057817538439805e-01
4.030490321557830269e-01
5.519736054271560111e-01
5.075456055544688150e-01
4.387327912412117281e-01
1.000000000000000000e+00
0.000000000000000000e+00
0.000000000000000000e+00
0.000000000000000000e+00
0.000000000000000000e+00
