-1.000000000000000000e+00
0.000000000000000000e+00
3.036159079732184685e-01
6.017779092189392554e-01
8.427457747556004186e-01
1.000000000000000000e+00
5.264824473705863594e-01
6.847212761451574314e-01
6.226237774906655531e-01
5.477465318819135787e-01
4.198313956084869791e-01
6.121759773784454239e-01
5.657800247608085753e-01
4.843590137754866798e-01
3.605624121956153005e-01
5.417951005388610408e-01
4.988901349248324180e-01
4.246509821713755906e-01
3.531868414042252380e-01
4.888945374288953816e-01
4.457212410812120829e-01
3.858516823922263916e-01
1.000000000000000000e+00
0.000000000000000000e+00
0.000000000000000000e+00
0.000000000000000000e+00
0.000000000000000000e+00
1.000000000000000000e+00
0.000000000000000000e+00
3.037743605421622251e-01
5.729860431963235134e-01
8.235093360998204659e-01
1.000000000000000000e+00
5.111816658439582994e-01
7.225297127498451211e-01
6.619934280168022767e-01
5.720897888990625901e-01
4.428828379749321642e-01
6.438551993430707832e-01
5.854541413178931952e-01
5.067956506840202158e-01
4.120457267279925562e-01
5.657245029621729149e-01
5.073096719065613991e-01
4.373472147199335969e-01
4.159146229306421305e-01
5.222180578349816527e-01
4.699358853031080363e-01
4.141176461554575972e-01
1.000000000000000000e+00
0.000000000000000000e+00
0.000000000000000000e+00
0.000000000000000000e+00
0.000000000000000000e+00
