-1.000000000000000000e+00
0.000000000000000000e+00
3.073410824307471478e-01
6.020000921285908468e-01
8.395129766430443619e-01
1.000000000000000000e+00
5.084266840158281342e-01
6.727169181154730726e-01
6.102722813708574279e-01
5.441458677207805517e-01
3.973098086631965953e-01
6.022925009233731641e-01
5.534976062633552019e-01
4.757497383401623758e-01
3.510713468415092020e-01
5.349563375692512057e-01
4.883272373045766668e-01
4.140613638343556557e-01
3.586446932467601822e-01
4.932368029548483968e-01
4.453010592489624608e-01
3.833800658380028259e-01
1.000000000000000000e+00
0.000000000000000000e+00
0.000000000000000000e+00
0.000000000000000000e+00
0.000000000000000000e+00
1.000000000000000000e+00
0.000000000000000000e+00
3.097461977549086920e-01
5.811291425677962419e-01
8.275548834687991295e-01
1.000000000000000000e+00
5.174217352792136460e-01
7.267863618457540698e-01
6.709411137458000107e-01
5.795275643618109651e-01
4.428084912877143231e-01
6.335023664073557992e-01
5.728812196917674182e-01
4.914285270044305709e-01
4.112332333056469280e-01
5.622407118963951289e-01
5.057331312500645826e-01
4.335799036687455477e-01
4.171272234455860595e-01
5.243433781177854192e-01
4.749052798236990669e-01
4.180186876943045582e-01
1.000000000000000000e+00
0.000000000000000000e+00
0.000000000000000000e+00
0.000000000000000000e+00
0.000000000000000000e+00
