-1.000000000000000000e+00
0.000000000000000000e+00
2.965058175310621436e-01
5.994944085030471381e-01
8.281335054196864442e-01
1.000000000000000000e+00
6.367208251800400287e-01
7.146905275938968405e-01
6.223430555943988418e-01
5.660931717438538735e-01
4.910688555602031324e-01
6.416381536399653474e-01
5.509671604608742390e-01
4.658166687165749553e-01
3.883362604331436763e-01
5.687978625007384936e-01
4.868692653437009521e-01
3.922382889434852804e-01
3.732766984112729225e-01
4.923538073692392270e-01
4.212473161866413518e-01
3.490453280755210774e-01
1.000000000000000000e+00
0.000000000000000000e+00
0.000000000000000000e+00
0.000000000000000000e+00
0.000000000000000000e+00
1.000000000000000000e+00
0.000000000000000000e+00
2.944418076501552628e-01
5.728337446453344306e-01
8.058407176446662490e-01
1.000000000000000000e+00
6.005430511686455919e-01
6.939915505844622690e-01
6.116514904723153734e-01
5.358025380096735901e-01
4.799496587753996346e-01
6.354584929414686112e-01
5.444565787706797666e-01
4.502172979673507158e-01
4.017528902194558715e-01
5.552534047285008212e-01
4.784057771034372908e-01
3.897813930410538585e-01
3.857802172264367946e-01
5.090169454670920857e-01
4.414958869288228005e-01
3.621015509386800724e-01
1.000000000000000000e+00
0.000000000000000000e+00
0.000000000000000000e+00
0.000000000000000000e+00
0.000000000000000000e+00
