-1.000000000000000000e+00
0.000000000000000000e+00
2.916179872133860540e-01
5.914879625725544265e-01
8.273955049746261059e-01
1.000000000000000000e+00
6.266124810443157722e-01
7.258067206871244847e-01
6.309278612648571150e-01
5.668488567228148201e-01
4.969918762295227332e-01
6.448689526214506085e-01
5.536786787901593065e-01
4.652639922363132063e-01
4.019165823451865682e-01
5.752275582059984682e-01
4.956920610625965562e-01
3.990492413362017321e-01
3.845515401416796930e-01
5.103407604525153074e-01
4.388395860582833263e-01
3.569950202920468274e-01
1.000000000000000000e+00
0.000000000000000000e+00
0.000000000000000000e+00
0.000000000000000000e+00
0.000000000000000000e+00
1.000000000000000000e+00
0.000000000000000000e+00
3.029444540612694081e-01
5.878487447610231120e-01
8.132650834104007131e-01
1.000000000000000000e+00
5.921866022751662850e-01
7.032305067146635835e-01
6.264360908463062483e-01
5.574571182068096542e-01
4.494054827728896084e-01
6.297749383651964905e-01
5.464621678882559674e-01
4.588652635323333118e-01
3.519501644107509430e-01
5.352629163687151470e-01
4.642118163418535448e-01
3.762723369760011538e-01
3.344639123234717237e-01
4.685209645758621200e-01
4.049322480738704044e-01
3.271798693248268441e-01
1.000000000000000000e+00
0.000000000000000000e+00
0.000000000000000000e+00
0.000000000000000000e+00
0.000000000000000000e+00
