-1.000000000000000000e+00
0.000000000000000000e+00
2.888526828636742150e-01
5.921324564960338543e-01
8.241580858975472434e-01
1.000000000000000000e+00
6.178183503004344157e-01
7.369697111398488820e-01
6.391727295961836530e-01
5.705813476250267691e-01
4.900279724396924275e-01
6.445825106223119771e-01
5.487444394004697967e-01
4.623700440398733069e-01
3.964967035055830258e-01
5.743229488935784888e-01
4.908406816963609143e-01
3.926488952883969152e-01
3.793930361424165398e-01
4.984843761677379415e-01
4.236130001859391703e-01
3.445708670452901634e-01
1.000000000000000000e+00
0.000000000000000000e+00
0.000000000000000000e+00
0.000000000000000000e+00
0.000000000000000000e+00
1.000000000000000000e+00
0.000000000000000000e+00
2.979964956382008534e-01
5.886670604413062335e-01
8.149903082974574442e-01
1.000000000000000000e+00
5.827081521223640426e-01
6.904649087211618408e-01
6.174177985893242182e-01
5.525979909341143248e-01
4.357279255652322658e-01
6.130957481251858576e-01
5.300914905809055444e-01
4.425824649586572734e-01
3.495840061459353221e-01
5.285928058585109834e-01
4.547424391674388389e-01
3.670287557396832434e-01
3.490605284222225713e-01
4.745312564165930502e-01
4.082661251548653225e-01
3.337660261130733219e-01
1.000000000000000000e+00
0.000000000000000000e+00
0.000000000000000000e+00
0.000000000000000000e+00
0.000000000000000000e+00
