-1.000000000000000000e+00
0.000000000000000000e+00
3.199107562233339253e-01
6.027505279348370770e-01
8.335699496302416689e-01
1.000000000000000000e+00
6.737394984433711098e-01
6.977391151477230213e-01
6.144055721443133500e-01
5.583403681588351430e-01
5.604661897279729077e-01
6.136101093123513817e-01
5.383333224308494147e-01
4.712724039178068369e-01
4.654572118952521875e-01
5.368758773764040759e-01
4.746112182372689281e-01
3.998651215015414095e-01
4.277033140746996365e-01
4.746327183657566562e-01
4.193854211084239725e-01
3.638745648051017745e-01
1.000000000000000000e+00
0.000000000000000000e+00
0.000000000000000000e+00
0.000000000000000000e+00
0.000000000000000000e+00
1.000000000000000000e+00
0.000000000000000000e+00
2.767004431166368295e-01
5.854269522389569103e-01
8.078389650534514299e-01
1.000000000000000000e+00
5.322489526180845809e-01
6.730061777931468647e-01
5.916883622885905636e-01
5.230649899786316004e-01
3.573031069535367310e-01
5.619953768797995020e-01
4.842160103517186287e-01
3.972407980686846196e-01
2.154588618705694514e-01
4.663919551198505986e-01
3.933699098764718571e-01
3.012417835990358062e-01
1.962529413812821311e-01
4.154230005822241445e-01
3.510011344907318920e-01
2.644100131423643418e-01
1.000000000000000000e+00
0.000000000000000000e+00
0.000000000000000000e+00
0.000000000000000000e+00
0.000000000000000000e+00
