-1.000000000000000000e+00
0.000000000000000000e+00
3.017296970659963939e-01
6.023134797528620910e-01
8.374646473790976486e-01
1.000000000000000000e+00
6.579735962589234877e-01
7.184887059106425111e-01
6.345761569343550956e-01
5.748588773099834182e-01
5.275011369339778211e-01
6.395123437133624078e-01
5.617407101450186957e-01
4.844299573079519083e-01
4.299185241423574277e-01
5.662377137482654810e-01
4.969832221849244669e-01
4.118458465842265714e-01
4.015164751709612290e-01
4.956231594605469137e-01
4.320400440440497203e-01
3.663222330231649670e-01
1.000000000000000000e+00
0.000000000000000000e+00
0.000000000000000000e+00
0.000000000000000000e+00
0.000000000000000000e+00
1.000000000000000000e+00
0.000000000000000000e+00
2.727951062957179595e-01
5.848012740871827431e-01
8.037564549420150861e-01
1.000000000000000000e+00
5.418707201327248590e-01
6.930158915825525012e-01
6.125938341703484058e-01
5.321368284835074070e-01
3.745379041202783754e-01
5.918309311604861289e-01
5.054367064130673715e-01
4.065404073580814459e-01
2.407754739077845874e-01
4.925410279819650849e-01
4.107001619617428045e-01
3.117257128814298062e-01
2.270470472328707523e-01
4.437356135367222509e-01
3.768057863019224074e-01
2.896986373082918731e-01
1.000000000000000000e+00
0.000000000000000000e+00
0.000000000000000000e+00
0.000000000000000000e+00
0.000000000000000000e+00
