-1.000000000000000000e+00
0.000000000000000000e+00
2.838543047536415953e-01
5.919301099071002659e-01
8.257502021394240721e-01
1.000000000000000000e+00
6.443309387573608049e-01
7.443576141003154234e-01
6.614757347939964616e-01
5.910797458804479820e-01
5.073622909216071175e-01
6.575592890118986400e-01
5.641120484549266845e-01
4.716123416449374828e-01
4.003665170461562228e-01
5.850834985819344247e-01
5.023486473820742981e-01
4.015330970984264947e-01
3.683647011816262862e-01
4.944128658229584028e-01
4.191384495545333322e-01
3.374739415995823277e-01
1.000000000000000000e+00
0.000000000000000000e+00
0.000000000000000000e+00
0.000000000000000000e+00
0.000000000000000000e+00
1.000000000000000000e+00
0.000000000000000000e+00
2.702141814516912377e-01
5.869969534994431415e-01
8.168659419192884075e-01
1.000000000000000000e+00
5.708254081849832851e-01
6.879649239023986063e-01
6.036305372907219136e-01
5.447976977228006223e-01
4.194322325876816970e-01
6.064979336378625296e-01
5.219224505704587180e-01
4.397854959468291414e-01
2.921964228235880423e-01
5.128467618598654409e-01
4.320935664514978791e-01
3.424322104867011940e-01
2.603447520761887346e-01
4.592391252135907820e-01
3.927076014588725683e-01
3.058418282557030521e-01
1.000000000000000000e+00
0.000000000000000000e+00
0.000000000000000000e+00
0.000000000000000000e+00
1.000000000000000000e+00
