-1.000000000000000000e+00
4.128706455230712891e-01
3.696309328079223633e-01
3.617846965789794922e-01
3.697936534881591797e-01
3.599782288074493408e-01
4.543026089668273926e-01
5.136432051658630371e-01
4.895286560058593750e-01
4.613403379917144775e-01
5.083108544349670410e-01
5.520533919334411621e-01
5.291756391525268555e-01
5.110711455345153809e-01
5.524576306343078613e-01
5.921891331672668457e-01
5.698422193527221680e-01
5.483585596084594727e-01
5.873302221298217773e-01
6.691086292266845703e-01
7.229179739952087402e-01
7.688578367233276367e-01
8.093796372413635254e-01
6.797270178794860840e-01
5.456393957138061523e-01
4.285887479782104492e-01
3.416877985000610352e-01
5.257922410964965820e-01
4.511384367942810059e-01
4.822856187820434570e-01
5.240349173545837402e-01
5.769877433776855469e-01
4.930042624473571777e-01
5.161003470420837402e-01
5.589269399642944336e-01
6.337275505065917969e-01
5.505071282386779785e-01
5.665938854217529297e-01
6.023522019386291504e-01
6.932176351547241211e-01
6.375923752784729004e-01
6.093840003013610840e-01
5.822161436080932617e-01
1.000000000000000000e+00
0.000000000000000000e+00
0.000000000000000000e+00
0.000000000000000000e+00
1.000000000000000000e+00
0.000000000000000000e+00
0.000000000000000000e+00
0.000000000000000000e+00
0.000000000000000000e+00
0.000000000000000000e+00
0.000000000000000000e+00
0.000000000000000000e+00
0.000000000000000000e+00
0.000000000000000000e+00
0.000000000000000000e+00
0.000000000000000000e+00
0.000000000000000000e+00
0.000000000000000000e+00
0.000000000000000000e+00
0.000000000000000000e+00
0.000000000000000000e+00
0.000000000000000000e+00
0.000000000000000000e+00
0.000000000000000000e+00
0.000000000000000000e+00
0.000000000000000000e+00
0.000000000000000000e+00
0.000000000000000000e+00
0.000000000000000000e+00
0.000000000000000000e+00
0.000000000000000000e+00
0.000000000000000000e+00
0.000000000000000000e+00
0.000000000000000000e+00
0.000000000000000000e+00
0.000000000000000000e+00
0.000000000000000000e+00
0.000000000000000000e+00
0.000000000000000000e+00
0.000000000000000000e+00
0.000000000000000000e+00
0.000000000000000000e+00
0.000000000000000000e+00
0.000000000000000000e+00
0.000000000000000000e+00
0.000000000000000000e+00
0.000000000000000000e+00
0.000000000000000000e+00
0.000000000000000000e+00
0.000000000000000000e+00
0.000000000000000000e+00
0.000000000000000000e+00
0.000000000000000000e+00
