1.000000000000000000e+00
4.592847526073455811e-01
4.189129173755645752e-01
3.992167711257934570e-01
3.920699656009674072e-01
3.791341185569763184e-01
4.518071711063385010e-01
5.025197863578796387e-01
5.034934878349304199e-01
4.872932732105255127e-01
4.962167441844940186e-01
5.384043455123901367e-01
5.351886749267578125e-01
5.183708667755126953e-01
5.367895364761352539e-01
5.712684988975524902e-01
5.644026398658752441e-01
5.462473630905151367e-01
5.728681087493896484e-01
6.278643012046813965e-01
6.656364202499389648e-01
6.929807662963867188e-01
8.252548575401306152e-01
7.295456528663635254e-01
6.294697523117065430e-01
5.413220524787902832e-01
4.809222221374511719e-01
5.740544795989990234e-01
5.314109325408935547e-01
5.688588619232177734e-01
5.957834124565124512e-01
6.069982051849365234e-01
5.643106698989868164e-01
5.991883277893066406e-01
6.229604482650756836e-01
6.472632884979248047e-01
6.021494269371032715e-01
6.302143931388854980e-01
6.551841497421264648e-01
6.879110932350158691e-01
6.243120431900024414e-01
5.902113914489746094e-01
5.579116344451904297e-01
1.000000000000000000e+00
0.000000000000000000e+00
0.000000000000000000e+00
0.000000000000000000e+00
1.000000000000000000e+00
0.000000000000000000e+00
0.000000000000000000e+00
0.000000000000000000e+00
0.000000000000000000e+00
0.000000000000000000e+00
0.000000000000000000e+00
0.000000000000000000e+00
0.000000000000000000e+00
0.000000000000000000e+00
0.000000000000000000e+00
0.000000000000000000e+00
0.000000000000000000e+00
0.000000000000000000e+00
0.000000000000000000e+00
0.000000000000000000e+00
0.000000000000000000e+00
0.000000000000000000e+00
0.000000000000000000e+00
0.000000000000000000e+00
0.000000000000000000e+00
0.000000000000000000e+00
0.000000000000000000e+00
0.000000000000000000e+00
0.000000000000000000e+00
0.000000000000000000e+00
0.000000000000000000e+00
0.000000000000000000e+00
0.000000000000000000e+00
0.000000000000000000e+00
0.000000000000000000e+00
0.000000000000000000e+00
0.000000000000000000e+00
0.000000000000000000e+00
0.000000000000000000e+00
0.000000000000000000e+00
0.000000000000000000e+00
0.000000000000000000e+00
0.000000000000000000e+00
0.000000000000000000e+00
0.000000000000000000e+00
0.000000000000000000e+00
0.000000000000000000e+00
0.000000000000000000e+00
0.000000000000000000e+00
0.000000000000000000e+00
0.000000000000000000e+00
0.000000000000000000e+00
0.000000000000000000e+00
