-1.000000000000000000e+00
4.192833006381988525e-01
3.958978652954101562e-01
3.937026262283325195e-01
3.950065374374389648e-01
3.799139857292175293e-01
4.339099526405334473e-01
4.971414804458618164e-01
4.900801777839660645e-01
4.717185795307159424e-01
4.676544070243835449e-01
5.248741507530212402e-01
5.163139104843139648e-01
4.980784058570861816e-01
5.014740228652954102e-01
5.514413714408874512e-01
5.445525050163269043e-01
5.262308120727539062e-01
5.324255824089050293e-01
5.804068446159362793e-01
5.935387015342712402e-01
5.969356298446655273e-01
8.814034461975097656e-01
7.842041850090026855e-01
6.790663599967956543e-01
5.951622724533081055e-01
5.394264459609985352e-01
6.499541997909545898e-01
6.101765036582946777e-01
6.413236260414123535e-01
6.651517152786254883e-01
6.839280128479003906e-01
6.463903784751892090e-01
6.744410395622253418e-01
6.972667574882507324e-01
7.220692038536071777e-01
6.834511756896972656e-01
7.049942612648010254e-01
7.250499129295349121e-01
7.598596811294555664e-01
7.142993807792663574e-01
7.140042185783386230e-01
7.143540382385253906e-01
1.000000000000000000e+00
0.000000000000000000e+00
0.000000000000000000e+00
0.000000000000000000e+00
0.000000000000000000e+00
0.000000000000000000e+00
0.000000000000000000e+00
0.000000000000000000e+00
0.000000000000000000e+00
0.000000000000000000e+00
0.000000000000000000e+00
0.000000000000000000e+00
0.000000000000000000e+00
0.000000000000000000e+00
0.000000000000000000e+00
0.000000000000000000e+00
0.000000000000000000e+00
0.000000000000000000e+00
0.000000000000000000e+00
0.000000000000000000e+00
0.000000000000000000e+00
0.000000000000000000e+00
0.000000000000000000e+00
0.000000000000000000e+00
0.000000000000000000e+00
0.000000000000000000e+00
0.000000000000000000e+00
0.000000000000000000e+00
0.000000000000000000e+00
0.000000000000000000e+00
0.000000000000000000e+00
0.000000000000000000e+00
0.000000000000000000e+00
0.000000000000000000e+00
0.000000000000000000e+00
0.000000000000000000e+00
0.000000000000000000e+00
0.000000000000000000e+00
0.000000000000000000e+00
0.000000000000000000e+00
0.000000000000000000e+00
0.000000000000000000e+00
0.000000000000000000e+00
0.000000000000000000e+00
0.000000000000000000e+00
0.000000000000000000e+00
0.000000000000000000e+00
0.000000000000000000e+00
0.000000000000000000e+00
0.000000000000000000e+00
0.000000000000000000e+00
0.000000000000000000e+00
0.000000000000000000e+00
