-1.000000000000000000e+00
5.150138735771179199e-01
5.333784222602844238e-01
5.773932933807373047e-01
6.256528496742248535e-01
6.444034576416015625e-01
6.712244749069213867e-01
7.365151643753051758e-01
7.074196338653564453e-01
6.708725690841674805e-01
6.975913643836975098e-01
7.541656494140625000e-01
7.255131006240844727e-01
6.930961012840270996e-01
7.106885910034179688e-01
7.612040042877197266e-01
7.345837950706481934e-01
7.010991573333740234e-01
7.131456732749938965e-01
7.992774248123168945e-01
8.519580960273742676e-01
8.955605626106262207e-01
6.832743287086486816e-01
5.430794954299926758e-01
4.305610060691833496e-01
3.418154716491699219e-01
2.621392011642456055e-01
4.576988220214843750e-01
4.665445983409881592e-01
4.881970286369323730e-01
4.982883036136627197e-01
5.351749658584594727e-01
5.323387980461120605e-01
5.479363799095153809e-01
5.638508796691894531e-01
6.142503023147583008e-01
6.058898568153381348e-01
6.119861602783203125e-01
6.216702461242675781e-01
6.897677779197692871e-01
7.020007967948913574e-01
7.209890484809875488e-01
7.335182428359985352e-01
0.000000000000000000e+00
0.000000000000000000e+00
0.000000000000000000e+00
0.000000000000000000e+00
0.000000000000000000e+00
0.000000000000000000e+00
0.000000000000000000e+00
0.000000000000000000e+00
0.000000000000000000e+00
0.000000000000000000e+00
0.000000000000000000e+00
0.000000000000000000e+00
0.000000000000000000e+00
0.000000000000000000e+00
0.000000000000000000e+00
0.000000000000000000e+00
0.000000000000000000e+00
0.000000000000000000e+00
0.000000000000000000e+00
0.000000000000000000e+00
0.000000000000000000e+00
0.000000000000000000e+00
0.000000000000000000e+00
0.000000000000000000e+00
0.000000000000000000e+00
0.000000000000000000e+00
0.000000000000000000e+00
0.000000000000000000e+00
0.000000000000000000e+00
0.000000000000000000e+00
0.000000000000000000e+00
0.000000000000000000e+00
0.000000000000000000e+00
0.000000000000000000e+00
0.000000000000000000e+00
0.000000000000000000e+00
0.000000000000000000e+00
0.000000000000000000e+00
0.000000000000000000e+00
0.000000000000000000e+00
0.000000000000000000e+00
0.000000000000000000e+00
0.000000000000000000e+00
0.000000000000000000e+00
0.000000000000000000e+00
0.000000000000000000e+00
0.000000000000000000e+00
0.000000000000000000e+00
0.000000000000000000e+00
0.000000000000000000e+00
0.000000000000000000e+00
0.000000000000000000e+00
0.000000000000000000e+00
