-1.000000000000000000e+00
0.000000000000000000e+00
1.182770853046750531e-01
2.267878655542747701e-01
2.908791488153584237e-01
3.719264364065281714e-01
5.024741597607476074e-01
7.002828380301148181e-01
8.268577518611756050e-01
9.350156099901946183e-01
4.995518493392587245e-01
7.202893966651329194e-01
8.677387643952526597e-01
1.000000000000000000e+00
4.442129281810750507e-01
5.341120332411071203e-01
4.323103051916676320e-01
3.511238751228536459e-01
3.641511512716519849e-01
4.005814892371183933e-01
3.279208188079746900e-01
2.666301238341499125e-01
1.000000000000000000e+00
1.000000000000000000e+00
1.000000000000000000e+00
0.000000000000000000e+00
0.000000000000000000e+00
0.000000000000000000e+00
0.000000000000000000e+00
0.000000000000000000e+00
0.000000000000000000e+00
0.000000000000000000e+00
0.000000000000000000e+00
0.000000000000000000e+00
0.000000000000000000e+00
0.000000000000000000e+00
0.000000000000000000e+00
0.000000000000000000e+00
0.000000000000000000e+00
0.000000000000000000e+00
0.000000000000000000e+00
0.000000000000000000e+00
0.000000000000000000e+00
0.000000000000000000e+00
0.000000000000000000e+00
0.000000000000000000e+00
0.000000000000000000e+00
0.000000000000000000e+00
0.000000000000000000e+00
0.000000000000000000e+00
0.000000000000000000e+00
0.000000000000000000e+00
0.000000000000000000e+00
0.000000000000000000e+00
