1.000000000000000000e+00
0.000000000000000000e+00
1.389517567642191698e-01
2.663433198777079847e-01
3.138593031359044327e-01
3.793866412404541255e-01
5.416031076534021382e-01
7.565992759590416394e-01
8.907226197665549794e-01
1.000000000000000000e+00
5.183127756871738212e-01
7.435857825845522129e-01
8.795450621620287679e-01
9.979455574326622225e-01
4.459511642590657798e-01
5.328857240354295532e-01
4.310542487490682806e-01
3.555572482870075213e-01
3.524978577373192867e-01
3.998389644425193179e-01
3.368796902350338907e-01
2.896352995796059315e-01
1.000000000000000000e+00
1.000000000000000000e+00
1.000000000000000000e+00
0.000000000000000000e+00
0.000000000000000000e+00
0.000000000000000000e+00
0.000000000000000000e+00
0.000000000000000000e+00
0.000000000000000000e+00
0.000000000000000000e+00
0.000000000000000000e+00
0.000000000000000000e+00
0.000000000000000000e+00
0.000000000000000000e+00
0.000000000000000000e+00
0.000000000000000000e+00
0.000000000000000000e+00
0.000000000000000000e+00
0.000000000000000000e+00
0.000000000000000000e+00
0.000000000000000000e+00
0.000000000000000000e+00
0.000000000000000000e+00
0.000000000000000000e+00
0.000000000000000000e+00
0.000000000000000000e+00
0.000000000000000000e+00
0.000000000000000000e+00
0.000000000000000000e+00
0.000000000000000000e+00
0.000000000000000000e+00
0.000000000000000000e+00
