-1.000000000000000000e+00
0.000000000000000000e+00
1.194854816906238126e-01
2.324672238147174885e-01
2.894339868014659811e-01
3.673472085924053276e-01
5.029664899698258473e-01
6.974440283290764819e-01
8.251069091390490495e-01
9.329788404049036421e-01
4.968817822582889954e-01
7.251593692430522431e-01
8.707946432161961514e-01
1.000000000000000000e+00
4.404247856147407991e-01
5.053586641414846703e-01
3.726631343714122968e-01
2.852999425690452284e-01
3.661800222216077816e-01
3.977302560946729404e-01
3.083553498147557637e-01
2.466002159398994753e-01
1.000000000000000000e+00
1.000000000000000000e+00
1.000000000000000000e+00
0.000000000000000000e+00
0.000000000000000000e+00
0.000000000000000000e+00
0.000000000000000000e+00
0.000000000000000000e+00
0.000000000000000000e+00
0.000000000000000000e+00
0.000000000000000000e+00
0.000000000000000000e+00
0.000000000000000000e+00
0.000000000000000000e+00
0.000000000000000000e+00
0.000000000000000000e+00
0.000000000000000000e+00
0.000000000000000000e+00
0.000000000000000000e+00
0.000000000000000000e+00
0.000000000000000000e+00
0.000000000000000000e+00
0.000000000000000000e+00
0.000000000000000000e+00
0.000000000000000000e+00
0.000000000000000000e+00
0.000000000000000000e+00
0.000000000000000000e+00
0.000000000000000000e+00
0.000000000000000000e+00
0.000000000000000000e+00
0.000000000000000000e+00
