-1.000000000000000000e+00
0.000000000000000000e+00
1.315816062449924606e-01
2.737313581648241345e-01
3.428272689109179150e-01
4.005318142711679630e-01
5.290023141809124807e-01
7.396943321517328584e-01
8.657286681032423381e-01
9.712791245563638931e-01
5.077973785154843434e-01
7.412195496263160877e-01
8.814532507889895063e-01
1.000000000000000000e+00
4.400358110407711076e-01
5.364283663396884894e-01
4.093604689483534842e-01
3.233619651183435861e-01
3.559532561540800222e-01
3.874701479056158471e-01
3.092595931434209411e-01
2.619161108010675809e-01
1.000000000000000000e+00
1.000000000000000000e+00
1.000000000000000000e+00
0.000000000000000000e+00
0.000000000000000000e+00
0.000000000000000000e+00
0.000000000000000000e+00
0.000000000000000000e+00
0.000000000000000000e+00
0.000000000000000000e+00
0.000000000000000000e+00
0.000000000000000000e+00
0.000000000000000000e+00
0.000000000000000000e+00
0.000000000000000000e+00
0.000000000000000000e+00
0.000000000000000000e+00
0.000000000000000000e+00
0.000000000000000000e+00
0.000000000000000000e+00
0.000000000000000000e+00
0.000000000000000000e+00
0.000000000000000000e+00
0.000000000000000000e+00
0.000000000000000000e+00
0.000000000000000000e+00
0.000000000000000000e+00
0.000000000000000000e+00
0.000000000000000000e+00
0.000000000000000000e+00
0.000000000000000000e+00
0.000000000000000000e+00
