-1.000000000000000000e+00
0.000000000000000000e+00
1.363736266589353485e-01
2.805794825001543535e-01
3.476932007617704601e-01
4.046686326977886883e-01
5.334156714786588704e-01
7.440277958978895878e-01
8.707543332505791600e-01
9.752241436679384146e-01
5.091847507518588722e-01
7.416702374683967758e-01
8.825143046692990323e-01
1.000000000000000000e+00
4.398659295533520752e-01
5.377051080259445115e-01
4.204865981329984903e-01
3.379931210004892828e-01
3.551329781248915296e-01
3.871762178984810565e-01
3.141011632652267460e-01
2.682440291280337452e-01
1.000000000000000000e+00
1.000000000000000000e+00
1.000000000000000000e+00
0.000000000000000000e+00
0.000000000000000000e+00
0.000000000000000000e+00
0.000000000000000000e+00
0.000000000000000000e+00
0.000000000000000000e+00
0.000000000000000000e+00
0.000000000000000000e+00
0.000000000000000000e+00
0.000000000000000000e+00
0.000000000000000000e+00
0.000000000000000000e+00
0.000000000000000000e+00
0.000000000000000000e+00
0.000000000000000000e+00
0.000000000000000000e+00
0.000000000000000000e+00
0.000000000000000000e+00
0.000000000000000000e+00
0.000000000000000000e+00
0.000000000000000000e+00
0.000000000000000000e+00
0.000000000000000000e+00
0.000000000000000000e+00
0.000000000000000000e+00
0.000000000000000000e+00
0.000000000000000000e+00
0.000000000000000000e+00
0.000000000000000000e+00
