-1.000000000000000000e+00
0.000000000000000000e+00
1.343412508240739711e-01
2.752579078527738754e-01
3.442813875571272275e-01
4.047469956810393343e-01
5.315167443309453121e-01
7.413984785399322375e-01
8.679587442608102110e-01
9.725327089083682930e-01
5.079740841408841856e-01
7.418668314481179360e-01
8.826276805616083410e-01
1.000000000000000000e+00
4.384648576583047297e-01
5.369634390117292710e-01
4.200514485677704357e-01
3.372087849009744454e-01
3.535268610150865132e-01
3.861874259931985520e-01
3.140540658404952779e-01
2.685420719898006792e-01
1.000000000000000000e+00
1.000000000000000000e+00
1.000000000000000000e+00
0.000000000000000000e+00
0.000000000000000000e+00
0.000000000000000000e+00
0.000000000000000000e+00
0.000000000000000000e+00
0.000000000000000000e+00
0.000000000000000000e+00
0.000000000000000000e+00
0.000000000000000000e+00
0.000000000000000000e+00
0.000000000000000000e+00
0.000000000000000000e+00
0.000000000000000000e+00
0.000000000000000000e+00
0.000000000000000000e+00
0.000000000000000000e+00
0.000000000000000000e+00
0.000000000000000000e+00
0.000000000000000000e+00
0.000000000000000000e+00
0.000000000000000000e+00
0.000000000000000000e+00
0.000000000000000000e+00
0.000000000000000000e+00
0.000000000000000000e+00
0.000000000000000000e+00
0.000000000000000000e+00
0.000000000000000000e+00
0.000000000000000000e+00
