-1.000000000000000000e+00
0.000000000000000000e+00
1.405501234849272918e-01
2.782696975473399337e-01
3.414193327342357476e-01
3.911408596894545009e-01
5.427937472678324715e-01
7.468900384878037757e-01
8.748239582370620493e-01
9.806304939258454478e-01
5.165684475073353266e-01
7.402573116305735113e-01
8.826034304801213537e-01
1.000000000000000000e+00
4.393556998029099492e-01
5.388323677048558746e-01
4.331255660839944399e-01
3.513862401611586028e-01
3.408294771200597872e-01
3.878602915605972590e-01
3.299659764456220334e-01
2.866458982425489910e-01
1.000000000000000000e+00
1.000000000000000000e+00
1.000000000000000000e+00
0.000000000000000000e+00
0.000000000000000000e+00
0.000000000000000000e+00
0.000000000000000000e+00
0.000000000000000000e+00
0.000000000000000000e+00
0.000000000000000000e+00
0.000000000000000000e+00
0.000000000000000000e+00
0.000000000000000000e+00
0.000000000000000000e+00
0.000000000000000000e+00
0.000000000000000000e+00
0.000000000000000000e+00
0.000000000000000000e+00
0.000000000000000000e+00
0.000000000000000000e+00
0.000000000000000000e+00
0.000000000000000000e+00
0.000000000000000000e+00
0.000000000000000000e+00
0.000000000000000000e+00
0.000000000000000000e+00
0.000000000000000000e+00
0.000000000000000000e+00
0.000000000000000000e+00
0.000000000000000000e+00
0.000000000000000000e+00
0.000000000000000000e+00
