-1.000000000000000000e+00
0.000000000000000000e+00
1.338779550019848219e-01
2.756637596670260537e-01
3.285260407848488162e-01
3.818614275244361922e-01
5.382744946673914122e-01
7.534113963248814105e-01
8.854458094391719492e-01
9.939527107267118744e-01
5.120014485381118030e-01
7.377559310955176253e-01
8.806631126380822794e-01
1.000000000000000000e+00
4.377522022000892576e-01
5.046399832345419556e-01
3.891853135178195977e-01
3.125869400270036569e-01
3.449294683778219572e-01
3.522628207119007371e-01
2.721035801830076206e-01
2.231347534073974126e-01
1.000000000000000000e+00
1.000000000000000000e+00
1.000000000000000000e+00
0.000000000000000000e+00
0.000000000000000000e+00
0.000000000000000000e+00
0.000000000000000000e+00
0.000000000000000000e+00
0.000000000000000000e+00
0.000000000000000000e+00
0.000000000000000000e+00
0.000000000000000000e+00
0.000000000000000000e+00
0.000000000000000000e+00
0.000000000000000000e+00
0.000000000000000000e+00
0.000000000000000000e+00
0.000000000000000000e+00
0.000000000000000000e+00
0.000000000000000000e+00
0.000000000000000000e+00
0.000000000000000000e+00
0.000000000000000000e+00
0.000000000000000000e+00
0.000000000000000000e+00
0.000000000000000000e+00
0.000000000000000000e+00
0.000000000000000000e+00
0.000000000000000000e+00
0.000000000000000000e+00
0.000000000000000000e+00
0.000000000000000000e+00
