-1.000000000000000000e+00
0.000000000000000000e+00
1.374377194284936432e-01
2.789989942495737507e-01
3.223887380725401486e-01
3.668885071586839852e-01
5.422977533772881387e-01
7.566881207945255206e-01
8.873806507578259062e-01
9.945015450989949102e-01
5.111447030155497062e-01
7.364206588400318276e-01
8.789384660352477230e-01
1.000000000000000000e+00
4.332999922098635937e-01
5.033396609235297747e-01
3.868988312842813748e-01
3.080174200123057537e-01
3.391658841766773125e-01
3.512072849401122743e-01
2.737554266912070600e-01
2.257135290289762897e-01
1.000000000000000000e+00
1.000000000000000000e+00
1.000000000000000000e+00
0.000000000000000000e+00
0.000000000000000000e+00
0.000000000000000000e+00
0.000000000000000000e+00
0.000000000000000000e+00
0.000000000000000000e+00
0.000000000000000000e+00
0.000000000000000000e+00
0.000000000000000000e+00
0.000000000000000000e+00
0.000000000000000000e+00
0.000000000000000000e+00
0.000000000000000000e+00
0.000000000000000000e+00
0.000000000000000000e+00
0.000000000000000000e+00
0.000000000000000000e+00
0.000000000000000000e+00
0.000000000000000000e+00
0.000000000000000000e+00
0.000000000000000000e+00
0.000000000000000000e+00
0.000000000000000000e+00
0.000000000000000000e+00
0.000000000000000000e+00
0.000000000000000000e+00
0.000000000000000000e+00
0.000000000000000000e+00
0.000000000000000000e+00
