-1.000000000000000000e+00
0.000000000000000000e+00
1.193976414751300869e-01
2.399389001469420524e-01
2.995044798311048972e-01
3.700883127584441157e-01
5.008409814433369966e-01
7.037671968463579120e-01
8.327116354958583599e-01
9.390064880869130048e-01
4.940217963407572688e-01
7.266739833349695754e-01
8.756573757089067822e-01
1.000000000000000000e+00
4.396013871240080917e-01
5.257852755622588470e-01
4.056385525104613810e-01
3.184444278094943903e-01
3.647151646905809619e-01
3.830026086903575155e-01
2.915083145332284520e-01
2.267671248490750191e-01
1.000000000000000000e+00
1.000000000000000000e+00
1.000000000000000000e+00
0.000000000000000000e+00
0.000000000000000000e+00
0.000000000000000000e+00
0.000000000000000000e+00
0.000000000000000000e+00
0.000000000000000000e+00
0.000000000000000000e+00
0.000000000000000000e+00
0.000000000000000000e+00
0.000000000000000000e+00
0.000000000000000000e+00
0.000000000000000000e+00
0.000000000000000000e+00
0.000000000000000000e+00
0.000000000000000000e+00
0.000000000000000000e+00
0.000000000000000000e+00
0.000000000000000000e+00
0.000000000000000000e+00
0.000000000000000000e+00
0.000000000000000000e+00
0.000000000000000000e+00
0.000000000000000000e+00
0.000000000000000000e+00
0.000000000000000000e+00
0.000000000000000000e+00
0.000000000000000000e+00
0.000000000000000000e+00
0.000000000000000000e+00
