-1.000000000000000000e+00
0.000000000000000000e+00
1.227793112649831625e-01
2.508285807005838364e-01
3.097833784377842514e-01
3.639960828941061211e-01
5.015106171973309213e-01
7.021036259863825402e-01
8.254607978320904760e-01
9.286532281022281676e-01
4.929657734590162654e-01
7.331752428760659468e-01
8.802707213761932215e-01
1.000000000000000000e+00
4.378073463144210309e-01
5.403578611583063074e-01
4.231254007089872982e-01
3.339981329866345550e-01
3.630467894773227178e-01
3.990085560336838477e-01
3.271215636987973019e-01
2.726252888889806880e-01
1.000000000000000000e+00
1.000000000000000000e+00
1.000000000000000000e+00
0.000000000000000000e+00
0.000000000000000000e+00
0.000000000000000000e+00
0.000000000000000000e+00
0.000000000000000000e+00
0.000000000000000000e+00
0.000000000000000000e+00
0.000000000000000000e+00
0.000000000000000000e+00
0.000000000000000000e+00
0.000000000000000000e+00
0.000000000000000000e+00
0.000000000000000000e+00
0.000000000000000000e+00
0.000000000000000000e+00
0.000000000000000000e+00
0.000000000000000000e+00
0.000000000000000000e+00
0.000000000000000000e+00
0.000000000000000000e+00
0.000000000000000000e+00
0.000000000000000000e+00
0.000000000000000000e+00
0.000000000000000000e+00
0.000000000000000000e+00
0.000000000000000000e+00
0.000000000000000000e+00
0.000000000000000000e+00
0.000000000000000000e+00
