1.000000000000000000e+00
2.246640473604202271e-01
2.179707884788513184e-01
1.892527043819427490e-01
1.667280048131942749e-01
1.788708567619323730e-01
8.961614966392517090e-02
3.735748678445816040e-02
9.430195391178131104e-02
1.163678243756294250e-01
7.671236991882324219e-02
2.764693647623062134e-02
9.836405515670776367e-02
1.051085218787193298e-01
6.974431872367858887e-02
2.689415216445922852e-02
8.998186141252517700e-02
1.011745333671569824e-01
6.573989987373352051e-02
3.925263881683349609e-02
8.383361995220184326e-02
1.001445278525352478e-01
8.470386862754821777e-01
7.450728416442871094e-01
6.474130749702453613e-01
5.656824707984924316e-01
5.096911191940307617e-01
6.685309410095214844e-01
6.797263026237487793e-01
7.005857825279235840e-01
6.867288351058959961e-01
7.324672341346740723e-01
7.402755022048950195e-01
7.598374485969543457e-01
7.405305504798889160e-01
7.903658151626586914e-01
7.974934577941894531e-01
8.093926906585693359e-01
7.895627617835998535e-01
8.455500602722167969e-01
8.594083189964294434e-01
8.585093021392822266e-01
8.430249691009521484e-01
0.000000000000000000e+00
0.000000000000000000e+00
0.000000000000000000e+00
1.000000000000000000e+00
1.000000000000000000e+00
0.000000000000000000e+00
0.000000000000000000e+00
0.000000000000000000e+00
0.000000000000000000e+00
0.000000000000000000e+00
0.000000000000000000e+00
0.000000000000000000e+00
0.000000000000000000e+00
0.000000000000000000e+00
0.000000000000000000e+00
0.000000000000000000e+00
0.000000000000000000e+00
0.000000000000000000e+00
0.000000000000000000e+00
0.000000000000000000e+00
0.000000000000000000e+00
0.000000000000000000e+00
0.000000000000000000e+00
0.000000000000000000e+00
0.000000000000000000e+00
0.000000000000000000e+00
0.000000000000000000e+00
0.000000000000000000e+00
0.000000000000000000e+00
0.000000000000000000e+00
0.000000000000000000e+00
0.000000000000000000e+00
0.000000000000000000e+00
0.000000000000000000e+00
0.000000000000000000e+00
0.000000000000000000e+00
0.000000000000000000e+00
0.000000000000000000e+00
0.000000000000000000e+00
0.000000000000000000e+00
0.000000000000000000e+00
0.000000000000000000e+00
0.000000000000000000e+00
0.000000000000000000e+00
0.000000000000000000e+00
0.000000000000000000e+00
0.000000000000000000e+00
0.000000000000000000e+00
0.000000000000000000e+00
0.000000000000000000e+00
0.000000000000000000e+00
0.000000000000000000e+00
0.000000000000000000e+00
