1.000000000000000000e+00
4.017656445503234863e-01
3.952760696411132812e-01
3.637486696243286133e-01
3.390659987926483154e-01
3.405112624168395996e-01
2.696240246295928955e-01
2.351505458354949951e-01
2.904911339282989502e-01
3.105418384075164795e-01
2.600516974925994873e-01
2.287211120128631592e-01
2.919114828109741211e-01
2.999697923660278320e-01
2.599833309650421143e-01
2.286944836378097534e-01
2.865636050701141357e-01
2.970128655433654785e-01
2.663227319717407227e-01
2.416683733463287354e-01
2.822328805923461914e-01
2.972320914268493652e-01
7.877893447875976562e-01
6.955210566520690918e-01
6.121183037757873535e-01
5.442237257957458496e-01
4.814684689044952393e-01
6.406224966049194336e-01
6.446014642715454102e-01
6.621271371841430664e-01
6.584933400154113770e-01
7.011718750000000000e-01
7.053620815277099609e-01
7.140343189239501953e-01
7.055171728134155273e-01
7.585179805755615234e-01
7.590690851211547852e-01
7.600020766258239746e-01
7.510197162628173828e-01
8.122496008872985840e-01
8.155213594436645508e-01
8.086271882057189941e-01
8.018608093261718750e-01
0.000000000000000000e+00
0.000000000000000000e+00
0.000000000000000000e+00
1.000000000000000000e+00
1.000000000000000000e+00
0.000000000000000000e+00
0.000000000000000000e+00
0.000000000000000000e+00
0.000000000000000000e+00
0.000000000000000000e+00
0.000000000000000000e+00
0.000000000000000000e+00
0.000000000000000000e+00
0.000000000000000000e+00
0.000000000000000000e+00
0.000000000000000000e+00
0.000000000000000000e+00
0.000000000000000000e+00
0.000000000000000000e+00
0.000000000000000000e+00
0.000000000000000000e+00
0.000000000000000000e+00
0.000000000000000000e+00
0.000000000000000000e+00
0.000000000000000000e+00
0.000000000000000000e+00
0.000000000000000000e+00
0.000000000000000000e+00
0.000000000000000000e+00
0.000000000000000000e+00
0.000000000000000000e+00
0.000000000000000000e+00
0.000000000000000000e+00
0.000000000000000000e+00
0.000000000000000000e+00
0.000000000000000000e+00
0.000000000000000000e+00
0.000000000000000000e+00
0.000000000000000000e+00
0.000000000000000000e+00
0.000000000000000000e+00
0.000000000000000000e+00
0.000000000000000000e+00
0.000000000000000000e+00
0.000000000000000000e+00
0.000000000000000000e+00
0.000000000000000000e+00
0.000000000000000000e+00
0.000000000000000000e+00
0.000000000000000000e+00
0.000000000000000000e+00
0.000000000000000000e+00
0.000000000000000000e+00
