1.000000000000000000e+00
5.023799538612365723e-01
4.907554984092712402e-01
4.594601392745971680e-01
4.345851242542266846e-01
4.328437447547912598e-01
3.789560794830322266e-01
3.467080891132354736e-01
3.957248628139495850e-01
4.073089063167572021e-01
3.708717823028564453e-01
3.392139673233032227e-01
3.981761336326599121e-01
4.034090340137481689e-01
3.709651827812194824e-01
3.398979306221008301e-01
3.944581449031829834e-01
4.025811851024627686e-01
3.741477727890014648e-01
3.555901348590850830e-01
3.912909626960754395e-01
4.003550410270690918e-01
7.671260833740234375e-01
6.834375858306884766e-01
5.971960425376892090e-01
5.332245826721191406e-01
4.801513552665710449e-01
6.288710236549377441e-01
6.267028450965881348e-01
6.434968709945678711e-01
6.431477069854736328e-01
6.851990818977355957e-01
6.813234090805053711e-01
6.916716694831848145e-01
6.909728050231933594e-01
7.395476102828979492e-01
7.337234020233154297e-01
7.362824082374572754e-01
7.337039709091186523e-01
7.922703623771667480e-01
7.894370555877685547e-01
7.816919088363647461e-01
7.763518691062927246e-01
1.000000000000000000e+00
0.000000000000000000e+00
0.000000000000000000e+00
1.000000000000000000e+00
1.000000000000000000e+00
0.000000000000000000e+00
0.000000000000000000e+00
0.000000000000000000e+00
0.000000000000000000e+00
0.000000000000000000e+00
0.000000000000000000e+00
0.000000000000000000e+00
0.000000000000000000e+00
0.000000000000000000e+00
0.000000000000000000e+00
0.000000000000000000e+00
0.000000000000000000e+00
0.000000000000000000e+00
0.000000000000000000e+00
0.000000000000000000e+00
0.000000000000000000e+00
0.000000000000000000e+00
0.000000000000000000e+00
0.000000000000000000e+00
0.000000000000000000e+00
0.000000000000000000e+00
0.000000000000000000e+00
0.000000000000000000e+00
0.000000000000000000e+00
0.000000000000000000e+00
0.000000000000000000e+00
0.000000000000000000e+00
0.000000000000000000e+00
0.000000000000000000e+00
0.000000000000000000e+00
0.000000000000000000e+00
0.000000000000000000e+00
0.000000000000000000e+00
0.000000000000000000e+00
0.000000000000000000e+00
0.000000000000000000e+00
0.000000000000000000e+00
0.000000000000000000e+00
0.000000000000000000e+00
0.000000000000000000e+00
0.000000000000000000e+00
0.000000000000000000e+00
0.000000000000000000e+00
0.000000000000000000e+00
0.000000000000000000e+00
0.000000000000000000e+00
0.000000000000000000e+00
0.000000000000000000e+00
