1.000000000000000000e+00
5.303488373756408691e-01
5.266503095626831055e-01
4.920582175254821777e-01
4.645897746086120605e-01
4.680538475513458252e-01
4.090281426906585693e-01
3.877621889114379883e-01
4.355584979057312012e-01
4.397503137588500977e-01
3.977990746498107910e-01
3.799234330654144287e-01
4.394256174564361572e-01
4.345949888229370117e-01
3.966260254383087158e-01
3.771799802780151367e-01
4.305449128150939941e-01
4.292982518672943115e-01
3.986530900001525879e-01
3.919710218906402588e-01
4.278790354728698730e-01
4.305404424667358398e-01
7.730034589767456055e-01
6.888768672943115234e-01
5.985352396965026855e-01
5.323122739791870117e-01
4.779226183891296387e-01
6.257253885269165039e-01
6.213288307189941406e-01
6.422488689422607422e-01
6.431835889816284180e-01
6.843999624252319336e-01
6.806251406669616699e-01
6.941223740577697754e-01
6.906616091728210449e-01
7.402132749557495117e-01
7.352447509765625000e-01
7.399279475212097168e-01
7.334784269332885742e-01
7.925063371658325195e-01
7.940754890441894531e-01
7.878180146217346191e-01
7.779315114021301270e-01
0.000000000000000000e+00
0.000000000000000000e+00
0.000000000000000000e+00
1.000000000000000000e+00
1.000000000000000000e+00
0.000000000000000000e+00
0.000000000000000000e+00
0.000000000000000000e+00
0.000000000000000000e+00
0.000000000000000000e+00
0.000000000000000000e+00
0.000000000000000000e+00
0.000000000000000000e+00
0.000000000000000000e+00
0.000000000000000000e+00
0.000000000000000000e+00
0.000000000000000000e+00
0.000000000000000000e+00
0.000000000000000000e+00
0.000000000000000000e+00
0.000000000000000000e+00
0.000000000000000000e+00
0.000000000000000000e+00
0.000000000000000000e+00
0.000000000000000000e+00
0.000000000000000000e+00
0.000000000000000000e+00
0.000000000000000000e+00
0.000000000000000000e+00
0.000000000000000000e+00
0.000000000000000000e+00
0.000000000000000000e+00
0.000000000000000000e+00
0.000000000000000000e+00
0.000000000000000000e+00
0.000000000000000000e+00
0.000000000000000000e+00
0.000000000000000000e+00
0.000000000000000000e+00
0.000000000000000000e+00
0.000000000000000000e+00
0.000000000000000000e+00
0.000000000000000000e+00
0.000000000000000000e+00
0.000000000000000000e+00
0.000000000000000000e+00
0.000000000000000000e+00
0.000000000000000000e+00
0.000000000000000000e+00
0.000000000000000000e+00
0.000000000000000000e+00
0.000000000000000000e+00
0.000000000000000000e+00
