1.000000000000000000e+00
4.731447100639343262e-01
4.943661987781524658e-01
4.870817661285400391e-01
4.812966883182525635e-01
4.990185797214508057e-01
4.045307636260986328e-01
3.780517876148223877e-01
4.127011299133300781e-01
4.248363375663757324e-01
3.778516650199890137e-01
3.549337685108184814e-01
4.022082984447479248e-01
4.034956991672515869e-01
3.599659204483032227e-01
3.357799351215362549e-01
3.798413574695587158e-01
3.821713030338287354e-01
3.464997410774230957e-01
3.310090005397796631e-01
3.638251423835754395e-01
3.706267774105072021e-01
7.855002284049987793e-01
7.044668197631835938e-01
6.119142770767211914e-01
5.455152392387390137e-01
5.073961615562438965e-01
5.963664054870605469e-01
5.678985118865966797e-01
6.085932850837707520e-01
6.235416531562805176e-01
6.415513157844543457e-01
6.145605444908142090e-01
6.580798029899597168e-01
6.609246730804443359e-01
6.901391744613647461e-01
6.624802947044372559e-01
6.951467990875244141e-01
7.001916170120239258e-01
7.411148548126220703e-01
7.188234925270080566e-01
7.326749563217163086e-01
7.383669614791870117e-01
0.000000000000000000e+00
0.000000000000000000e+00
0.000000000000000000e+00
0.000000000000000000e+00
0.000000000000000000e+00
0.000000000000000000e+00
0.000000000000000000e+00
0.000000000000000000e+00
0.000000000000000000e+00
0.000000000000000000e+00
0.000000000000000000e+00
0.000000000000000000e+00
0.000000000000000000e+00
0.000000000000000000e+00
0.000000000000000000e+00
0.000000000000000000e+00
0.000000000000000000e+00
0.000000000000000000e+00
0.000000000000000000e+00
0.000000000000000000e+00
0.000000000000000000e+00
0.000000000000000000e+00
0.000000000000000000e+00
0.000000000000000000e+00
0.000000000000000000e+00
0.000000000000000000e+00
0.000000000000000000e+00
0.000000000000000000e+00
0.000000000000000000e+00
0.000000000000000000e+00
0.000000000000000000e+00
0.000000000000000000e+00
0.000000000000000000e+00
0.000000000000000000e+00
0.000000000000000000e+00
0.000000000000000000e+00
0.000000000000000000e+00
0.000000000000000000e+00
0.000000000000000000e+00
0.000000000000000000e+00
0.000000000000000000e+00
0.000000000000000000e+00
0.000000000000000000e+00
0.000000000000000000e+00
0.000000000000000000e+00
0.000000000000000000e+00
0.000000000000000000e+00
0.000000000000000000e+00
0.000000000000000000e+00
0.000000000000000000e+00
0.000000000000000000e+00
0.000000000000000000e+00
0.000000000000000000e+00
