-1.000000000000000000e+00
0.000000000000000000e+00
3.047648757090507532e-01
6.070556183147391982e-01
8.395880109470497121e-01
1.000000000000000000e+00
6.712649017640689442e-01
7.278449157908880585e-01
6.331427155166658993e-01
5.730449808770196052e-01
5.351318892189711462e-01
6.394451882469573967e-01
5.533490362211533897e-01
4.793022296103378599e-01
4.297052540066021997e-01
5.564512141843015458e-01
4.828821555030792245e-01
3.986930834187973893e-01
3.971164338908380054e-01
4.818043928902061568e-01
4.168518452617098746e-01
3.526525826180116341e-01
1.000000000000000000e+00
0.000000000000000000e+00
0.000000000000000000e+00
0.000000000000000000e+00
0.000000000000000000e+00
1.000000000000000000e+00
0.000000000000000000e+00
3.084890777889039981e-01
5.938497998045453308e-01
8.265506052844033835e-01
1.000000000000000000e+00
5.873828787377436411e-01
7.000789148892196945e-01
6.167939704646623333e-01
5.514993165269270747e-01
4.548483180595586095e-01
6.270819306911485924e-01
5.429112847002626197e-01
4.600377273969539771e-01
3.732793412085878559e-01
5.555773260549119463e-01
4.837602459833271196e-01
3.964891808339015555e-01
3.702011235477419837e-01
4.941535478149820526e-01
4.338428455388661509e-01
3.638947437977428367e-01
1.000000000000000000e+00
0.000000000000000000e+00
0.000000000000000000e+00
0.000000000000000000e+00
0.000000000000000000e+00
