-1.000000000000000000e+00
0.000000000000000000e+00
2.892721601894022165e-01
6.008457691910803478e-01
8.250114836420968656e-01
1.000000000000000000e+00
4.797417908330950387e-01
6.757879733057173821e-01
6.311459240459197373e-01
5.547246474398027649e-01
3.446686202338320459e-01
6.155841478018920787e-01
5.761708816041173353e-01
4.802927382879023654e-01
3.062652321718837278e-01
5.621016500410817018e-01
5.232459437083477605e-01
4.337475075096834387e-01
3.399001670204018777e-01
5.125763396042104514e-01
4.745335729150903514e-01
3.976806868889133373e-01
1.000000000000000000e+00
0.000000000000000000e+00
1.000000000000000000e+00
1.000000000000000000e+00
1.000000000000000000e+00
1.000000000000000000e+00
0.000000000000000000e+00
2.944479363156088936e-01
5.648347322772562240e-01
8.114664273658033222e-01
1.000000000000000000e+00
6.230190999382068107e-01
6.541285005709545075e-01
5.742522641818864626e-01
5.019185756924143815e-01
5.528676272985661999e-01
5.408851912026271247e-01
4.693743475740233539e-01
4.014391109661836210e-01
4.873092823946623686e-01
4.717900750366939011e-01
4.056754757241911591e-01
3.474014335272609943e-01
4.405776759058427916e-01
4.275088048549837705e-01
3.617480893563033151e-01
3.159024967732715350e-01
1.000000000000000000e+00
0.000000000000000000e+00
0.000000000000000000e+00
0.000000000000000000e+00
0.000000000000000000e+00
