-1.000000000000000000e+00
0.000000000000000000e+00
2.872234337831920392e-01
6.013287367811527284e-01
8.318157820021042648e-01
1.000000000000000000e+00
6.412049570403162146e-01
7.117824696572668808e-01
6.248278376183822314e-01
5.596035911900560933e-01
5.031025772067024837e-01
6.435352056881942229e-01
5.549572964831198663e-01
4.661129623795776666e-01
4.039714846219968347e-01
5.599964158261855340e-01
4.829360193477144625e-01
3.913562765346172423e-01
3.824528304823756053e-01
4.909967723319927924e-01
4.254453159381933469e-01
3.533086515636914005e-01
1.000000000000000000e+00
0.000000000000000000e+00
0.000000000000000000e+00
0.000000000000000000e+00
0.000000000000000000e+00
1.000000000000000000e+00
0.000000000000000000e+00
3.076054201855745185e-01
5.934710026261889038e-01
8.291881008813394294e-01
1.000000000000000000e+00
5.836779467228757623e-01
7.102123568634692852e-01
6.374870272998054421e-01
5.549004415475290442e-01
4.554232285563280525e-01
6.334547037061616370e-01
5.640630147933146654e-01
4.794913467671407803e-01
3.721301228795377281e-01
5.449534505625961422e-01
4.831554739361275663e-01
4.015886868182200753e-01
3.589212508964481074e-01
4.783471344140389214e-01
4.171690976787467697e-01
3.440219078524971441e-01
1.000000000000000000e+00
0.000000000000000000e+00
0.000000000000000000e+00
0.000000000000000000e+00
1.000000000000000000e+00
