-1.000000000000000000e+00
0.000000000000000000e+00
3.047378675364576517e-01
6.074529912958319677e-01
8.410615168135279207e-01
1.000000000000000000e+00
5.432704736106949150e-01
7.163870309065705211e-01
6.384771124824240029e-01
5.590773315006991595e-01
4.292742443208481529e-01
6.316401852272731654e-01
5.721696379812538646e-01
4.854683861866556649e-01
3.702253325464834322e-01
5.573048834218559122e-01
5.088147781226193267e-01
4.316306017662590588e-01
3.665604191541119161e-01
5.075784919773085324e-01
4.604292963476363520e-01
3.958253333055481993e-01
1.000000000000000000e+00
0.000000000000000000e+00
0.000000000000000000e+00
0.000000000000000000e+00
0.000000000000000000e+00
1.000000000000000000e+00
0.000000000000000000e+00
3.153107457776306299e-01
5.829770403865330852e-01
8.208735161342252118e-01
1.000000000000000000e+00
5.448908435741963707e-01
7.173746239036491446e-01
6.677314097934777815e-01
5.825176837806199659e-01
4.621152986020229392e-01
6.548189327834801343e-01
6.117244930704942574e-01
5.274497850217066963e-01
4.198730091801892161e-01
5.875124711133973276e-01
5.394249727751828649e-01
4.657789386718849123e-01
4.168231742260648520e-01
5.244788062854712773e-01
4.784355200284723386e-01
4.212795429732372754e-01
1.000000000000000000e+00
0.000000000000000000e+00
0.000000000000000000e+00
1.000000000000000000e+00
1.000000000000000000e+00
