-1.000000000000000000e+00
0.000000000000000000e+00
3.000914752238908467e-01
6.128033381284021530e-01
8.430001806773269601e-01
1.000000000000000000e+00
5.516556000851543518e-01
7.158776828873554265e-01
6.392355412888574007e-01
5.654605107614509851e-01
4.148330920950409340e-01
6.158836846173857404e-01
5.509451082947603995e-01
4.667106173683353010e-01
3.413169863906020951e-01
5.316371809195693521e-01
4.780574975100951307e-01
3.988143669979871131e-01
3.394471063408960321e-01
4.829849441287494272e-01
4.342329894440426497e-01
3.725639505182691269e-01
1.000000000000000000e+00
0.000000000000000000e+00
0.000000000000000000e+00
0.000000000000000000e+00
0.000000000000000000e+00
1.000000000000000000e+00
0.000000000000000000e+00
3.087953035068101149e-01
5.828778043546771759e-01
8.143206289151804222e-01
1.000000000000000000e+00
5.218491671254705810e-01
6.999138069992341116e-01
6.473329235781564162e-01
5.641730817446664048e-01
4.223695631684568630e-01
6.170750520268702966e-01
5.661081890430708086e-01
4.813192421268753796e-01
3.803890953217904936e-01
5.288675197818126783e-01
4.753333462521125430e-01
4.008260975098705270e-01
3.847599025796888395e-01
4.707464822218404010e-01
4.138759957618476926e-01
3.536224691043962642e-01
1.000000000000000000e+00
0.000000000000000000e+00
0.000000000000000000e+00
0.000000000000000000e+00
0.000000000000000000e+00
