-1.000000000000000000e+00
0.000000000000000000e+00
2.982328329213193574e-01
6.098426191940307106e-01
8.407846572513257843e-01
1.000000000000000000e+00
6.251081897509809249e-01
7.125574217424964774e-01
6.349941746926514030e-01
5.652183475413571356e-01
4.750975858784646788e-01
6.349253511012296070e-01
5.625748439136517565e-01
4.772865152580055281e-01
3.801187197418782193e-01
5.501927107925296268e-01
4.790833360471483671e-01
3.894193417362164511e-01
3.690223424189768564e-01
4.804408484856860229e-01
4.130673668406241728e-01
3.446727647887046220e-01
1.000000000000000000e+00
0.000000000000000000e+00
0.000000000000000000e+00
0.000000000000000000e+00
0.000000000000000000e+00
1.000000000000000000e+00
0.000000000000000000e+00
2.998693650666121036e-01
5.908555490277869193e-01
8.197551809593141003e-01
1.000000000000000000e+00
6.014412237882007517e-01
7.024614854010677867e-01
6.213857644861495721e-01
5.577568565831666492e-01
4.678721374364512853e-01
6.285310535864047088e-01
5.422996630761973691e-01
4.582159305562070739e-01
3.768667898887095302e-01
5.469700621466113688e-01
4.681782636974057832e-01
3.817877921435294253e-01
3.544476609667375766e-01
4.782431639578926807e-01
4.083572272407556270e-01
3.326963259579717724e-01
1.000000000000000000e+00
0.000000000000000000e+00
0.000000000000000000e+00
0.000000000000000000e+00
0.000000000000000000e+00
