-1.000000000000000000e+00
0.000000000000000000e+00
3.064798432752278146e-01
5.993638540316306162e-01
8.332183245525019988e-01
1.000000000000000000e+00
6.665968337845591396e-01
7.185048902072106447e-01
6.307057715222755823e-01
5.721655126792263291e-01
5.362889722329561293e-01
6.377455451955713617e-01
5.560354529281037461e-01
4.800955695735016904e-01
4.378991330544229621e-01
5.632486858075496095e-01
4.917445883976886978e-01
4.081340322783675312e-01
4.076990524924097303e-01
4.979793259027011643e-01
4.348876370497310462e-01
3.715819844514516301e-01
1.000000000000000000e+00
0.000000000000000000e+00
0.000000000000000000e+00
0.000000000000000000e+00
0.000000000000000000e+00
1.000000000000000000e+00
0.000000000000000000e+00
2.644097551615378627e-01
5.827530089091724763e-01
8.080488705748726241e-01
1.000000000000000000e+00
5.436888185194973522e-01
6.973218466625367151e-01
6.109366872035290053e-01
5.341070280604283127e-01
3.800642228804370082e-01
5.936865383487672787e-01
4.982546836844464200e-01
4.002308342094558213e-01
2.490762309257524842e-01
4.933440228831809660e-01
4.087567756137576169e-01
3.108272335905151729e-01
2.315356254742474418e-01
4.464961789732406761e-01
3.805690260198330011e-01
2.934652133299549548e-01
1.000000000000000000e+00
0.000000000000000000e+00
0.000000000000000000e+00
0.000000000000000000e+00
0.000000000000000000e+00
