-1.000000000000000000e+00
0.000000000000000000e+00
2.945415541207628829e-01
5.855914941497436521e-01
8.189897333284168468e-01
1.000000000000000000e+00
6.773052870652918056e-01
7.532727747142891062e-01
6.592100927385070586e-01
6.011947144128978460e-01
5.633326451804182566e-01
6.670511422004365976e-01
5.861334038368194443e-01
5.292566457875859109e-01
4.617211295707600582e-01
6.034080874661201799e-01
5.318897957873506277e-01
4.599628595933494823e-01
4.102767056889659036e-01
6.171744597486065187e-01
7.392166756061033794e-01
8.451390472394966213e-01
0.000000000000000000e+00
0.000000000000000000e+00
0.000000000000000000e+00
0.000000000000000000e+00
1.000000000000000000e+00
0.000000000000000000e+00
0.000000000000000000e+00
0.000000000000000000e+00
0.000000000000000000e+00
0.000000000000000000e+00
0.000000000000000000e+00
0.000000000000000000e+00
0.000000000000000000e+00
0.000000000000000000e+00
0.000000000000000000e+00
0.000000000000000000e+00
0.000000000000000000e+00
0.000000000000000000e+00
0.000000000000000000e+00
0.000000000000000000e+00
0.000000000000000000e+00
0.000000000000000000e+00
0.000000000000000000e+00
0.000000000000000000e+00
0.000000000000000000e+00
0.000000000000000000e+00
0.000000000000000000e+00
0.000000000000000000e+00
0.000000000000000000e+00
0.000000000000000000e+00
0.000000000000000000e+00
0.000000000000000000e+00
