-1.000000000000000000e+00
0.000000000000000000e+00
2.800010123862847755e-01
5.857353374951865810e-01
8.279213293714902111e-01
1.000000000000000000e+00
6.950535747817609966e-01
7.991472352641847410e-01
6.939037717141141037e-01
6.153680595159558564e-01
5.979934679002792963e-01
7.215246031609112709e-01
6.212936493422592799e-01
5.471814321131118763e-01
5.072102226916707091e-01
6.552557295881665800e-01
5.718032188515422831e-01
4.888773098737601575e-01
4.546426302368194450e-01
6.760343271606029658e-01
8.054035046111968077e-01
9.196712995141638203e-01
1.000000000000000000e+00
0.000000000000000000e+00
0.000000000000000000e+00
0.000000000000000000e+00
1.000000000000000000e+00
0.000000000000000000e+00
0.000000000000000000e+00
0.000000000000000000e+00
0.000000000000000000e+00
0.000000000000000000e+00
0.000000000000000000e+00
0.000000000000000000e+00
0.000000000000000000e+00
0.000000000000000000e+00
0.000000000000000000e+00
0.000000000000000000e+00
0.000000000000000000e+00
0.000000000000000000e+00
0.000000000000000000e+00
0.000000000000000000e+00
0.000000000000000000e+00
0.000000000000000000e+00
0.000000000000000000e+00
0.000000000000000000e+00
0.000000000000000000e+00
0.000000000000000000e+00
0.000000000000000000e+00
0.000000000000000000e+00
0.000000000000000000e+00
0.000000000000000000e+00
0.000000000000000000e+00
0.000000000000000000e+00
