-1.000000000000000000e+00
0.000000000000000000e+00
2.793296978244311224e-01
5.838438406857139329e-01
8.249152993870174644e-01
1.000000000000000000e+00
6.274430839181025510e-01
7.552017707134826008e-01
6.554734944387172746e-01
5.765346433483393707e-01
5.281005406526191326e-01
6.846601871664012018e-01
6.040872932513865479e-01
5.266586495800649192e-01
4.501512388021070565e-01
6.165586121997841396e-01
5.449907514791352270e-01
4.601670326914475972e-01
4.185587602614567748e-01
6.284840387016878971e-01
7.474528643174432885e-01
8.488875841978558157e-01
1.000000000000000000e+00
0.000000000000000000e+00
0.000000000000000000e+00
0.000000000000000000e+00
1.000000000000000000e+00
0.000000000000000000e+00
0.000000000000000000e+00
0.000000000000000000e+00
0.000000000000000000e+00
0.000000000000000000e+00
0.000000000000000000e+00
0.000000000000000000e+00
0.000000000000000000e+00
0.000000000000000000e+00
0.000000000000000000e+00
0.000000000000000000e+00
0.000000000000000000e+00
0.000000000000000000e+00
0.000000000000000000e+00
0.000000000000000000e+00
0.000000000000000000e+00
0.000000000000000000e+00
0.000000000000000000e+00
0.000000000000000000e+00
0.000000000000000000e+00
0.000000000000000000e+00
0.000000000000000000e+00
0.000000000000000000e+00
0.000000000000000000e+00
0.000000000000000000e+00
0.000000000000000000e+00
0.000000000000000000e+00
