-1.000000000000000000e+00
0.000000000000000000e+00
3.036609294316537366e-01
5.862976745187856720e-01
8.244426029604052797e-01
1.000000000000000000e+00
6.354554289752764040e-01
7.787678067601936371e-01
7.000463890620332030e-01
6.120743071045219308e-01
5.486857804089887436e-01
7.051893098506367696e-01
6.347032346121620483e-01
5.483755574938606880e-01
4.801658339056773528e-01
6.209769282583194050e-01
5.560840768249326604e-01
4.793490659003546428e-01
4.441179684622774126e-01
6.568977606674412106e-01
7.739719372895703664e-01
8.790274759927643178e-01
1.000000000000000000e+00
0.000000000000000000e+00
0.000000000000000000e+00
0.000000000000000000e+00
1.000000000000000000e+00
0.000000000000000000e+00
0.000000000000000000e+00
0.000000000000000000e+00
0.000000000000000000e+00
0.000000000000000000e+00
0.000000000000000000e+00
0.000000000000000000e+00
0.000000000000000000e+00
0.000000000000000000e+00
0.000000000000000000e+00
0.000000000000000000e+00
0.000000000000000000e+00
0.000000000000000000e+00
0.000000000000000000e+00
0.000000000000000000e+00
0.000000000000000000e+00
0.000000000000000000e+00
0.000000000000000000e+00
0.000000000000000000e+00
0.000000000000000000e+00
0.000000000000000000e+00
0.000000000000000000e+00
0.000000000000000000e+00
0.000000000000000000e+00
0.000000000000000000e+00
0.000000000000000000e+00
0.000000000000000000e+00
