-1.000000000000000000e+00
0.000000000000000000e+00
3.030731086178889422e-01
5.844200318252985582e-01
8.206580054757778298e-01
1.000000000000000000e+00
6.270208051437689001e-01
7.817759436239731796e-01
7.009951089673394087e-01
6.156322096221026330e-01
5.446670411857768013e-01
7.150230616794778227e-01
6.461117996683913844e-01
5.600942304086075074e-01
4.810816977176072262e-01
6.341763982906259978e-01
5.769464415297862470e-01
4.984035766922920163e-01
4.447030470467142615e-01
6.621823173094757431e-01
7.915029480481658997e-01
9.056218481912436946e-01
1.000000000000000000e+00
0.000000000000000000e+00
0.000000000000000000e+00
0.000000000000000000e+00
1.000000000000000000e+00
0.000000000000000000e+00
0.000000000000000000e+00
0.000000000000000000e+00
0.000000000000000000e+00
0.000000000000000000e+00
0.000000000000000000e+00
0.000000000000000000e+00
0.000000000000000000e+00
0.000000000000000000e+00
0.000000000000000000e+00
0.000000000000000000e+00
0.000000000000000000e+00
0.000000000000000000e+00
0.000000000000000000e+00
0.000000000000000000e+00
0.000000000000000000e+00
0.000000000000000000e+00
0.000000000000000000e+00
0.000000000000000000e+00
0.000000000000000000e+00
0.000000000000000000e+00
0.000000000000000000e+00
0.000000000000000000e+00
0.000000000000000000e+00
0.000000000000000000e+00
0.000000000000000000e+00
0.000000000000000000e+00
