-1.000000000000000000e+00
0.000000000000000000e+00
3.206231764603836298e-01
5.878907894886636898e-01
8.163836935624259050e-01
1.000000000000000000e+00
5.515426048426904648e-01
6.991640345778331600e-01
6.213939559849310790e-01
5.317558068791161663e-01
4.670468372849539418e-01
6.175674537288682320e-01
5.564298705739132433e-01
4.747087743664662463e-01
4.293338907115757941e-01
5.610019865183956123e-01
5.118172672165560710e-01
4.335665640340445881e-01
4.344283592287627171e-01
6.003011455363652660e-01
6.908443636199234072e-01
7.645159708736112281e-01
0.000000000000000000e+00
0.000000000000000000e+00
0.000000000000000000e+00
0.000000000000000000e+00
1.000000000000000000e+00
0.000000000000000000e+00
0.000000000000000000e+00
0.000000000000000000e+00
0.000000000000000000e+00
0.000000000000000000e+00
0.000000000000000000e+00
0.000000000000000000e+00
0.000000000000000000e+00
0.000000000000000000e+00
0.000000000000000000e+00
0.000000000000000000e+00
0.000000000000000000e+00
0.000000000000000000e+00
0.000000000000000000e+00
0.000000000000000000e+00
0.000000000000000000e+00
0.000000000000000000e+00
0.000000000000000000e+00
0.000000000000000000e+00
0.000000000000000000e+00
0.000000000000000000e+00
0.000000000000000000e+00
0.000000000000000000e+00
0.000000000000000000e+00
0.000000000000000000e+00
0.000000000000000000e+00
0.000000000000000000e+00
