-1.000000000000000000e+00
0.000000000000000000e+00
3.231309359240110424e-01
5.983138970971459969e-01
8.270096088023544123e-01
1.000000000000000000e+00
5.680122041103955466e-01
7.196646340669602404e-01
6.483060101908559858e-01
5.605664712303587427e-01
4.824253260664926324e-01
6.438348666327712300e-01
5.920119940390372593e-01
5.109567673585136971e-01
4.279281942596402932e-01
5.754895332997606028e-01
5.261789742793528957e-01
4.418755333176585531e-01
4.147734433036871504e-01
5.975227049910384336e-01
7.092529372542708543e-01
8.032366313895183962e-01
0.000000000000000000e+00
0.000000000000000000e+00
0.000000000000000000e+00
0.000000000000000000e+00
0.000000000000000000e+00
0.000000000000000000e+00
0.000000000000000000e+00
0.000000000000000000e+00
0.000000000000000000e+00
0.000000000000000000e+00
0.000000000000000000e+00
0.000000000000000000e+00
0.000000000000000000e+00
0.000000000000000000e+00
0.000000000000000000e+00
0.000000000000000000e+00
0.000000000000000000e+00
0.000000000000000000e+00
0.000000000000000000e+00
0.000000000000000000e+00
0.000000000000000000e+00
0.000000000000000000e+00
0.000000000000000000e+00
0.000000000000000000e+00
0.000000000000000000e+00
0.000000000000000000e+00
0.000000000000000000e+00
0.000000000000000000e+00
0.000000000000000000e+00
0.000000000000000000e+00
0.000000000000000000e+00
0.000000000000000000e+00
