-1.000000000000000000e+00
0.000000000000000000e+00
3.212404122769035308e-01
5.948871784937006524e-01
8.256780397481161549e-01
1.000000000000000000e+00
5.731553667938465990e-01
7.342611256579636425e-01
6.680203371811437307e-01
5.771932042076654001e-01
4.899378419594276335e-01
6.490590102703764908e-01
6.000579065274626034e-01
5.179684365483430142e-01
4.389798761070953237e-01
5.781908714808164929e-01
5.341756534958919111e-01
4.597566110192712885e-01
4.208270480245062672e-01
5.987816511001644582e-01
7.118920925756309082e-01
8.089138486686895391e-01
0.000000000000000000e+00
0.000000000000000000e+00
0.000000000000000000e+00
0.000000000000000000e+00
0.000000000000000000e+00
0.000000000000000000e+00
0.000000000000000000e+00
0.000000000000000000e+00
0.000000000000000000e+00
0.000000000000000000e+00
0.000000000000000000e+00
0.000000000000000000e+00
0.000000000000000000e+00
0.000000000000000000e+00
0.000000000000000000e+00
0.000000000000000000e+00
0.000000000000000000e+00
0.000000000000000000e+00
0.000000000000000000e+00
0.000000000000000000e+00
0.000000000000000000e+00
0.000000000000000000e+00
0.000000000000000000e+00
0.000000000000000000e+00
0.000000000000000000e+00
0.000000000000000000e+00
0.000000000000000000e+00
0.000000000000000000e+00
0.000000000000000000e+00
0.000000000000000000e+00
0.000000000000000000e+00
0.000000000000000000e+00
