-1.000000000000000000e+00
0.000000000000000000e+00
3.267819626003505840e-01
5.902077772715603743e-01
8.121456007677391176e-01
1.000000000000000000e+00
6.406715627109136335e-01
6.985086154256788804e-01
6.115535010095795032e-01
5.361284469284682830e-01
5.445687797295911681e-01
6.253853380748337631e-01
5.507556537500063465e-01
4.733836189788659388e-01
4.760027286155268378e-01
5.687168349793256805e-01
5.062791807069276784e-01
4.273557655124016752e-01
4.513323227389450243e-01
6.433143909060605736e-01
7.658265228841527605e-01
8.652238273836588833e-01
0.000000000000000000e+00
0.000000000000000000e+00
0.000000000000000000e+00
0.000000000000000000e+00
0.000000000000000000e+00
0.000000000000000000e+00
0.000000000000000000e+00
0.000000000000000000e+00
0.000000000000000000e+00
0.000000000000000000e+00
0.000000000000000000e+00
0.000000000000000000e+00
0.000000000000000000e+00
0.000000000000000000e+00
0.000000000000000000e+00
0.000000000000000000e+00
0.000000000000000000e+00
0.000000000000000000e+00
0.000000000000000000e+00
0.000000000000000000e+00
0.000000000000000000e+00
0.000000000000000000e+00
0.000000000000000000e+00
0.000000000000000000e+00
0.000000000000000000e+00
0.000000000000000000e+00
0.000000000000000000e+00
0.000000000000000000e+00
0.000000000000000000e+00
0.000000000000000000e+00
0.000000000000000000e+00
0.000000000000000000e+00
