-1.000000000000000000e+00
2.976786196231842041e-01
3.735786676406860352e-01
4.336973726749420166e-01
4.621579647064208984e-01
4.486626386642456055e-01
3.988308906555175781e-01
4.166120886802673340e-01
4.202563762664794922e-01
4.202838242053985596e-01
3.607030212879180908e-01
3.780066668987274170e-01
3.841039836406707764e-01
3.867787420749664307e-01
3.217529654502868652e-01
3.358559310436248779e-01
3.431054353713989258e-01
3.485988974571228027e-01
2.782720327377319336e-01
2.879757881164550781e-01
2.963718771934509277e-01
3.043156862258911133e-01
8.780751228332519531e-01
8.419864177703857422e-01
7.696185111999511719e-01
6.946207284927368164e-01
6.459897160530090332e-01
6.333698034286499023e-01
5.352542996406555176e-01
4.747027456760406494e-01
4.187772274017333984e-01
6.122239232063293457e-01
5.014342069625854492e-01
4.303408861160278320e-01
3.685111105442047119e-01
6.126186251640319824e-01
5.073822736740112305e-01
4.418265819549560547e-01
3.852377831935882568e-01
6.317428350448608398e-01
5.484300851821899414e-01
4.968874454498291016e-01
4.519999027252197266e-01
1.000000000000000000e+00
1.000000000000000000e+00
1.000000000000000000e+00
1.000000000000000000e+00
1.000000000000000000e+00
1.000000000000000000e+00
8.492513298988342285e-01
7.714291214942932129e-01
7.158492803573608398e-01
6.886484026908874512e-01
6.677041053771972656e-01
7.266513109207153320e-01
7.057231068611145020e-01
6.991512775421142578e-01
6.953126192092895508e-01
7.661064267158508301e-01
7.471110224723815918e-01
7.364873886108398438e-01
7.261618375778198242e-01
8.070232868194580078e-01
7.893016934394836426e-01
7.766706943511962891e-01
7.632426619529724121e-01
8.525337576866149902e-01
8.398709893226623535e-01
8.281245827674865723e-01
8.145892024040222168e-01
8.236257433891296387e-01
8.002581000328063965e-01
7.363194227218627930e-01
6.593915224075317383e-01
5.894379019737243652e-01
5.945075750350952148e-01
4.934033155441284180e-01
4.307532906532287598e-01
3.730652630329132080e-01
5.697398781776428223e-01
4.599436521530151367e-01
3.903837502002716064e-01
3.291636407375335693e-01
5.679645538330078125e-01
4.685747921466827393e-01
4.068407714366912842e-01
3.516802191734313965e-01
5.836989283561706543e-01
5.042930841445922852e-01
4.549934267997741699e-01
4.103800058364868164e-01
1.000000000000000000e+00
1.000000000000000000e+00
1.000000000000000000e+00
1.000000000000000000e+00
1.000000000000000000e+00
