-1.000000000000000000e+00
3.541864752769470215e-01
4.300891458988189697e-01
4.836829900741577148e-01
5.008333325386047363e-01
4.837481081485748291e-01
4.462613165378570557e-01
4.566060304641723633e-01
4.554465413093566895e-01
4.508998394012451172e-01
4.060984253883361816e-01
4.168972373008728027e-01
4.194522798061370850e-01
4.188473820686340332e-01
3.666993677616119385e-01
3.745210766792297363e-01
3.794246017932891846e-01
3.816574513912200928e-01
3.250564634799957275e-01
3.297861814498901367e-01
3.363674581050872803e-01
3.429293930530548096e-01
8.949669003486633301e-01
8.590448498725891113e-01
7.827079892158508301e-01
7.064906954765319824e-01
6.608259081840515137e-01
6.485076546669006348e-01
5.536960363388061523e-01
4.936694502830505371e-01
4.367399215698242188e-01
6.359905600547790527e-01
5.283997058868408203e-01
4.573009014129638672e-01
3.942928314208984375e-01
6.442497372627258301e-01
5.434006452560424805e-01
4.783022403717041016e-01
4.214627146720886230e-01
6.677587628364562988e-01
5.874502658843994141e-01
5.340614318847656250e-01
4.839976429939270020e-01
1.000000000000000000e+00
1.000000000000000000e+00
1.000000000000000000e+00
1.000000000000000000e+00
1.000000000000000000e+00
1.000000000000000000e+00
8.012035489082336426e-01
7.258118987083435059e-01
6.738404631614685059e-01
6.505236625671386719e-01
6.313079595565795898e-01
6.918798089027404785e-01
6.784660816192626953e-01
6.762476563453674316e-01
6.772992014884948730e-01
7.348271012306213379e-01
7.209708094596862793e-01
7.155433297157287598e-01
7.098420262336730957e-01
7.747088670730590820e-01
7.646562457084655762e-01
7.570627927780151367e-01
7.486920356750488281e-01
8.176453709602355957e-01
8.116058707237243652e-01
8.066331744194030762e-01
7.991751432418823242e-01
8.746373057365417480e-01
8.480089902877807617e-01
7.775546908378601074e-01
6.962388157844543457e-01
6.221364736557006836e-01
6.436638236045837402e-01
5.453532338142395020e-01
4.851071834564208984e-01
4.277575612068176270e-01
6.232174038887023926e-01
5.142153501510620117e-01
4.469948410987854004e-01
3.824139237403869629e-01
6.268157958984375000e-01
5.263652801513671875e-01
4.639476835727691650e-01
4.052000939846038818e-01
6.468831896781921387e-01
5.677435994148254395e-01
5.160442590713500977e-01
4.650154113769531250e-01
1.000000000000000000e+00
1.000000000000000000e+00
1.000000000000000000e+00
1.000000000000000000e+00
1.000000000000000000e+00
