-1.000000000000000000e+00
3.227723538875579834e-01
3.938527703285217285e-01
4.466708302497863770e-01
4.705472290515899658e-01
4.517624676227569580e-01
4.144973754882812500e-01
4.264033138751983643e-01
4.265025258064270020e-01
4.236921966075897217e-01
3.769765496253967285e-01
3.892430365085601807e-01
3.930590748786926270e-01
3.937783241271972656e-01
3.392212688922882080e-01
3.480337262153625488e-01
3.536218404769897461e-01
3.571681380271911621e-01
2.987792491912841797e-01
3.052642345428466797e-01
3.122224807739257812e-01
3.195597231388092041e-01
8.794275522232055664e-01
8.475837707519531250e-01
7.758269906044006348e-01
7.049031853675842285e-01
6.633967757225036621e-01
6.523913145065307617e-01
5.632722973823547363e-01
5.052276253700256348e-01
4.493647515773773193e-01
6.378673315048217773e-01
5.363708138465881348e-01
4.674350619316101074e-01
4.058091938495635986e-01
6.445518732070922852e-01
5.503146648406982422e-01
4.861178100109100342e-01
4.288878440856933594e-01
6.662240624427795410e-01
5.901837944984436035e-01
5.394940376281738281e-01
4.918579459190368652e-01
1.000000000000000000e+00
1.000000000000000000e+00
1.000000000000000000e+00
1.000000000000000000e+00
1.000000000000000000e+00
1.000000000000000000e+00
7.899441719055175781e-01
7.202795743942260742e-01
6.684298515319824219e-01
6.409387588500976562e-01
6.227502822875976562e-01
6.803869009017944336e-01
6.662443876266479492e-01
6.630702614784240723e-01
6.626142859458923340e-01
7.197895646095275879e-01
7.044308781623840332e-01
6.977236270904541016e-01
6.899262666702270508e-01
7.578527927398681641e-01
7.457191944122314453e-01
7.366656064987182617e-01
7.263115048408508301e-01
7.993058562278747559e-01
7.915050387382507324e-01
7.862389087677001953e-01
7.783060073852539062e-01
8.552744388580322266e-01
8.295476436614990234e-01
7.671920657157897949e-01
6.930109262466430664e-01
6.231557726860046387e-01
6.407253742218017578e-01
5.476934313774108887e-01
4.907163977622985840e-01
4.353284835815429688e-01
6.208638548851013184e-01
5.191321372985839844e-01
4.561684727668762207e-01
3.944666981697082520e-01
6.232747435569763184e-01
5.291798710823059082e-01
4.704529941082000732e-01
4.147125780582427979e-01
6.412332653999328613e-01
5.666084289550781250e-01
5.178004503250122070e-01
4.701027870178222656e-01
1.000000000000000000e+00
1.000000000000000000e+00
1.000000000000000000e+00
1.000000000000000000e+00
1.000000000000000000e+00
