1.000000000000000000e+00
0.000000000000000000e+00
2.782482424471384719e-01
5.709729121067302904e-01
8.205727076072272252e-01
1.000000000000000000e+00
6.494256209863521478e-01
7.348265246501241021e-01
5.866896433865496086e-01
5.510657059790471379e-01
5.600818401096260279e-01
6.445913898049441260e-01
4.226608268556487635e-01
4.700389789563407250e-01
4.996573714743083872e-01
5.930362330478387012e-01
4.109357901785204992e-01
3.753692776318963698e-01
4.849525745473093341e-01
6.692331880110270470e-01
7.669315633682195488e-01
8.974056812173909492e-01
0.000000000000000000e+00
0.000000000000000000e+00
0.000000000000000000e+00
0.000000000000000000e+00
1.000000000000000000e+00
0.000000000000000000e+00
0.000000000000000000e+00
0.000000000000000000e+00
0.000000000000000000e+00
0.000000000000000000e+00
0.000000000000000000e+00
0.000000000000000000e+00
0.000000000000000000e+00
0.000000000000000000e+00
0.000000000000000000e+00
0.000000000000000000e+00
0.000000000000000000e+00
0.000000000000000000e+00
0.000000000000000000e+00
0.000000000000000000e+00
0.000000000000000000e+00
0.000000000000000000e+00
0.000000000000000000e+00
0.000000000000000000e+00
0.000000000000000000e+00
0.000000000000000000e+00
0.000000000000000000e+00
0.000000000000000000e+00
0.000000000000000000e+00
0.000000000000000000e+00
0.000000000000000000e+00
0.000000000000000000e+00
