1.000000000000000000e+00
0.000000000000000000e+00
2.845683159559170283e-01
5.767291513388329571e-01
8.306077778447183979e-01
1.000000000000000000e+00
6.745132687367851876e-01
7.603741934262416846e-01
6.018996325163190608e-01
5.656586221141991500e-01
5.939948362082754230e-01
6.658645201558874849e-01
4.514246105599166170e-01
4.926217759324005296e-01
5.308068762160697007e-01
6.250678438382626378e-01
4.469049561920179769e-01
4.173757695865759620e-01
5.087277062913885262e-01
6.913833396789271779e-01
7.938399808251218603e-01
9.268963835216010860e-01
0.000000000000000000e+00
0.000000000000000000e+00
0.000000000000000000e+00
0.000000000000000000e+00
1.000000000000000000e+00
0.000000000000000000e+00
0.000000000000000000e+00
0.000000000000000000e+00
0.000000000000000000e+00
0.000000000000000000e+00
0.000000000000000000e+00
0.000000000000000000e+00
0.000000000000000000e+00
0.000000000000000000e+00
0.000000000000000000e+00
0.000000000000000000e+00
0.000000000000000000e+00
0.000000000000000000e+00
0.000000000000000000e+00
0.000000000000000000e+00
0.000000000000000000e+00
0.000000000000000000e+00
0.000000000000000000e+00
0.000000000000000000e+00
0.000000000000000000e+00
0.000000000000000000e+00
0.000000000000000000e+00
0.000000000000000000e+00
0.000000000000000000e+00
0.000000000000000000e+00
0.000000000000000000e+00
0.000000000000000000e+00
