1.000000000000000000e+00
0.000000000000000000e+00
2.965468530695968274e-01
5.940527510051243354e-01
8.316023042149121025e-01
1.000000000000000000e+00
6.608496709303166572e-01
7.469146864456851498e-01
5.825139067760036760e-01
5.429497156029090554e-01
5.864540144618178852e-01
6.612471491420772729e-01
4.647495073399549037e-01
4.509232504381521234e-01
5.167128596559913412e-01
6.013077642826800684e-01
4.258903269184743934e-01
3.760606552888240417e-01
4.820418314129635284e-01
6.515854266927600946e-01
7.456362261192992502e-01
8.663645490708276053e-01
0.000000000000000000e+00
0.000000000000000000e+00
0.000000000000000000e+00
0.000000000000000000e+00
1.000000000000000000e+00
0.000000000000000000e+00
0.000000000000000000e+00
0.000000000000000000e+00
0.000000000000000000e+00
0.000000000000000000e+00
0.000000000000000000e+00
0.000000000000000000e+00
0.000000000000000000e+00
0.000000000000000000e+00
0.000000000000000000e+00
0.000000000000000000e+00
0.000000000000000000e+00
0.000000000000000000e+00
0.000000000000000000e+00
0.000000000000000000e+00
0.000000000000000000e+00
0.000000000000000000e+00
0.000000000000000000e+00
0.000000000000000000e+00
0.000000000000000000e+00
0.000000000000000000e+00
0.000000000000000000e+00
0.000000000000000000e+00
0.000000000000000000e+00
0.000000000000000000e+00
0.000000000000000000e+00
0.000000000000000000e+00
