1.000000000000000000e+00
0.000000000000000000e+00
2.801671538785381332e-01
5.632632571832483226e-01
8.197910151295193515e-01
1.000000000000000000e+00
6.417018545990437195e-01
7.421195033870117141e-01
5.809907602052920561e-01
5.355394385597097573e-01
5.689220405056142349e-01
6.441700676052602992e-01
4.345402686652141133e-01
4.498049435694023712e-01
5.105702873118717067e-01
6.003647285847839576e-01
4.292894019667786720e-01
3.950207495384223111e-01
4.879602368928135925e-01
6.729491302613790360e-01
7.759743998703604317e-01
9.085106923605524853e-01
0.000000000000000000e+00
0.000000000000000000e+00
0.000000000000000000e+00
0.000000000000000000e+00
1.000000000000000000e+00
0.000000000000000000e+00
0.000000000000000000e+00
0.000000000000000000e+00
0.000000000000000000e+00
0.000000000000000000e+00
0.000000000000000000e+00
0.000000000000000000e+00
0.000000000000000000e+00
0.000000000000000000e+00
0.000000000000000000e+00
0.000000000000000000e+00
0.000000000000000000e+00
0.000000000000000000e+00
0.000000000000000000e+00
0.000000000000000000e+00
0.000000000000000000e+00
0.000000000000000000e+00
0.000000000000000000e+00
0.000000000000000000e+00
0.000000000000000000e+00
0.000000000000000000e+00
0.000000000000000000e+00
0.000000000000000000e+00
0.000000000000000000e+00
0.000000000000000000e+00
0.000000000000000000e+00
0.000000000000000000e+00
