1.000000000000000000e+00
0.000000000000000000e+00
2.790762606595167394e-01
5.689436532192950757e-01
8.245827798314856460e-01
1.000000000000000000e+00
6.494732279405623920e-01
7.268847299509179072e-01
5.654928491747889252e-01
5.339564961947839139e-01
5.692062452499738745e-01
6.323148918007436281e-01
4.271612830942492223e-01
4.518353937786608321e-01
5.050357878513931364e-01
5.923850285493015289e-01
4.203025385861501317e-01
3.881500199156810438e-01
4.809319054556380757e-01
6.604463126640609527e-01
7.593163526368874594e-01
8.884320107050299731e-01
0.000000000000000000e+00
0.000000000000000000e+00
0.000000000000000000e+00
0.000000000000000000e+00
1.000000000000000000e+00
0.000000000000000000e+00
0.000000000000000000e+00
0.000000000000000000e+00
0.000000000000000000e+00
0.000000000000000000e+00
0.000000000000000000e+00
0.000000000000000000e+00
0.000000000000000000e+00
0.000000000000000000e+00
0.000000000000000000e+00
0.000000000000000000e+00
0.000000000000000000e+00
0.000000000000000000e+00
0.000000000000000000e+00
0.000000000000000000e+00
0.000000000000000000e+00
0.000000000000000000e+00
0.000000000000000000e+00
0.000000000000000000e+00
0.000000000000000000e+00
0.000000000000000000e+00
0.000000000000000000e+00
0.000000000000000000e+00
0.000000000000000000e+00
0.000000000000000000e+00
0.000000000000000000e+00
0.000000000000000000e+00
