1.000000000000000000e+00
0.000000000000000000e+00
2.849779653533888180e-01
5.706261954218354582e-01
8.259085379205848287e-01
1.000000000000000000e+00
6.381423842055724549e-01
7.286619713951658639e-01
5.939988886231655218e-01
5.561520591486395215e-01
5.617791124194434493e-01
6.372537864378275962e-01
4.474845519160118856e-01
4.581511150668803323e-01
5.023053531021691720e-01
5.933537151116601294e-01
4.312555358480712475e-01
3.944216069149844017e-01
4.769760812954414453e-01
6.605991341448002041e-01
7.643274649799515208e-01
8.930778875428434516e-01
0.000000000000000000e+00
0.000000000000000000e+00
0.000000000000000000e+00
0.000000000000000000e+00
1.000000000000000000e+00
0.000000000000000000e+00
0.000000000000000000e+00
0.000000000000000000e+00
0.000000000000000000e+00
0.000000000000000000e+00
0.000000000000000000e+00
0.000000000000000000e+00
0.000000000000000000e+00
0.000000000000000000e+00
0.000000000000000000e+00
0.000000000000000000e+00
0.000000000000000000e+00
0.000000000000000000e+00
0.000000000000000000e+00
0.000000000000000000e+00
0.000000000000000000e+00
0.000000000000000000e+00
0.000000000000000000e+00
0.000000000000000000e+00
0.000000000000000000e+00
0.000000000000000000e+00
0.000000000000000000e+00
0.000000000000000000e+00
0.000000000000000000e+00
0.000000000000000000e+00
0.000000000000000000e+00
0.000000000000000000e+00
