1.000000000000000000e+00
0.000000000000000000e+00
2.972482755252588982e-01
5.885216656789554746e-01
8.304711691968539311e-01
1.000000000000000000e+00
6.400113480800621035e-01
7.399934102864977881e-01
5.611924868444705394e-01
5.146321029029859995e-01
5.669696681517313319e-01
6.464597597321757316e-01
4.480505306035393320e-01
4.442137930187468053e-01
5.069456536904869415e-01
5.919783747178331001e-01
4.271936278434318446e-01
3.884290960518204106e-01
4.814457526926504416e-01
6.602098502662075985e-01
7.727031420898393677e-01
9.033076049072722435e-01
0.000000000000000000e+00
0.000000000000000000e+00
0.000000000000000000e+00
0.000000000000000000e+00
1.000000000000000000e+00
0.000000000000000000e+00
0.000000000000000000e+00
0.000000000000000000e+00
0.000000000000000000e+00
0.000000000000000000e+00
0.000000000000000000e+00
0.000000000000000000e+00
0.000000000000000000e+00
0.000000000000000000e+00
0.000000000000000000e+00
0.000000000000000000e+00
0.000000000000000000e+00
0.000000000000000000e+00
0.000000000000000000e+00
0.000000000000000000e+00
0.000000000000000000e+00
0.000000000000000000e+00
0.000000000000000000e+00
0.000000000000000000e+00
0.000000000000000000e+00
0.000000000000000000e+00
0.000000000000000000e+00
0.000000000000000000e+00
0.000000000000000000e+00
0.000000000000000000e+00
0.000000000000000000e+00
0.000000000000000000e+00
