1.000000000000000000e+00
0.000000000000000000e+00
3.048744569181700004e-01
5.920112515246150897e-01
8.282137553744520764e-01
1.000000000000000000e+00
6.677096739079839693e-01
7.247088800164823708e-01
5.619678833371583027e-01
5.357995688825271108e-01
5.828699592282372555e-01
6.290392154296515770e-01
4.310362918262213294e-01
4.435907762425473355e-01
5.162512753113569497e-01
5.815515224513877479e-01
4.085368631239096326e-01
3.695858644865189779e-01
4.901535475956043109e-01
6.587894443394086696e-01
7.566069554904883976e-01
8.788962677992625538e-01
0.000000000000000000e+00
0.000000000000000000e+00
0.000000000000000000e+00
0.000000000000000000e+00
1.000000000000000000e+00
0.000000000000000000e+00
0.000000000000000000e+00
0.000000000000000000e+00
0.000000000000000000e+00
0.000000000000000000e+00
0.000000000000000000e+00
0.000000000000000000e+00
0.000000000000000000e+00
0.000000000000000000e+00
0.000000000000000000e+00
0.000000000000000000e+00
0.000000000000000000e+00
0.000000000000000000e+00
0.000000000000000000e+00
0.000000000000000000e+00
0.000000000000000000e+00
0.000000000000000000e+00
0.000000000000000000e+00
0.000000000000000000e+00
0.000000000000000000e+00
0.000000000000000000e+00
0.000000000000000000e+00
0.000000000000000000e+00
0.000000000000000000e+00
0.000000000000000000e+00
0.000000000000000000e+00
0.000000000000000000e+00
