1.000000000000000000e+00
0.000000000000000000e+00
2.642575860466176985e-01
5.532668338855079027e-01
8.087360218990461425e-01
9.831951808369403523e-01
6.991397178086103947e-01
7.860745888544715676e-01
6.069735026698850344e-01
5.672268699122652302e-01
6.406929392813835999e-01
7.195727280812911353e-01
4.883023899498334930e-01
4.914331112693017256e-01
5.844471830721721384e-01
6.661534754075227882e-01
4.665969925985363198e-01
4.209288227250230774e-01
5.573944279318764350e-01
7.560852955185708435e-01
8.599315891051527716e-01
1.000000000000000000e+00
0.000000000000000000e+00
0.000000000000000000e+00
0.000000000000000000e+00
0.000000000000000000e+00
1.000000000000000000e+00
0.000000000000000000e+00
0.000000000000000000e+00
0.000000000000000000e+00
0.000000000000000000e+00
0.000000000000000000e+00
0.000000000000000000e+00
0.000000000000000000e+00
0.000000000000000000e+00
0.000000000000000000e+00
0.000000000000000000e+00
0.000000000000000000e+00
0.000000000000000000e+00
0.000000000000000000e+00
0.000000000000000000e+00
0.000000000000000000e+00
0.000000000000000000e+00
0.000000000000000000e+00
0.000000000000000000e+00
0.000000000000000000e+00
0.000000000000000000e+00
0.000000000000000000e+00
0.000000000000000000e+00
0.000000000000000000e+00
0.000000000000000000e+00
0.000000000000000000e+00
0.000000000000000000e+00
0.000000000000000000e+00
