1.000000000000000000e+00
0.000000000000000000e+00
2.641948044731411427e-01
5.577610121292868595e-01
8.151553202021596389e-01
9.749977077787888025e-01
6.714030369209003091e-01
7.891213617765997501e-01
6.107342139589259089e-01
5.628464768091050452e-01
6.129715528038562899e-01
7.120425291009513380e-01
4.728070989134797730e-01
4.861600653037766451e-01
5.627848567606832386e-01
6.733674284541547594e-01
4.693866439654764133e-01
4.189815823461117139e-01
5.426310226830606265e-01
7.453849125982252577e-01
8.535130821794976175e-01
1.000000000000000000e+00
0.000000000000000000e+00
0.000000000000000000e+00
0.000000000000000000e+00
0.000000000000000000e+00
1.000000000000000000e+00
0.000000000000000000e+00
0.000000000000000000e+00
0.000000000000000000e+00
0.000000000000000000e+00
0.000000000000000000e+00
0.000000000000000000e+00
0.000000000000000000e+00
0.000000000000000000e+00
0.000000000000000000e+00
0.000000000000000000e+00
0.000000000000000000e+00
0.000000000000000000e+00
0.000000000000000000e+00
0.000000000000000000e+00
0.000000000000000000e+00
0.000000000000000000e+00
0.000000000000000000e+00
0.000000000000000000e+00
0.000000000000000000e+00
0.000000000000000000e+00
0.000000000000000000e+00
0.000000000000000000e+00
0.000000000000000000e+00
0.000000000000000000e+00
0.000000000000000000e+00
0.000000000000000000e+00
0.000000000000000000e+00
