1.000000000000000000e+00
0.000000000000000000e+00
3.004946027728185864e-01
5.838630653130877368e-01
8.225194746156043735e-01
1.000000000000000000e+00
6.166222860005173834e-01
7.054145119155786903e-01
5.786765859691166414e-01
5.275015490902561499e-01
5.395201062235281952e-01
5.930697267574475129e-01
4.398345371436112594e-01
4.260655917780351021e-01
4.830809698780426098e-01
5.451411589329594465e-01
4.141572019369532676e-01
3.826534675235409577e-01
4.582142216575980087e-01
5.934905946479654970e-01
6.372100955121176025e-01
7.070316097349437223e-01
0.000000000000000000e+00
0.000000000000000000e+00
0.000000000000000000e+00
0.000000000000000000e+00
0.000000000000000000e+00
0.000000000000000000e+00
0.000000000000000000e+00
0.000000000000000000e+00
0.000000000000000000e+00
0.000000000000000000e+00
0.000000000000000000e+00
0.000000000000000000e+00
0.000000000000000000e+00
0.000000000000000000e+00
0.000000000000000000e+00
0.000000000000000000e+00
0.000000000000000000e+00
0.000000000000000000e+00
0.000000000000000000e+00
0.000000000000000000e+00
0.000000000000000000e+00
0.000000000000000000e+00
0.000000000000000000e+00
0.000000000000000000e+00
0.000000000000000000e+00
0.000000000000000000e+00
0.000000000000000000e+00
0.000000000000000000e+00
0.000000000000000000e+00
0.000000000000000000e+00
0.000000000000000000e+00
0.000000000000000000e+00
