-1.000000000000000000e+00
0.000000000000000000e+00
1.827202188132531768e-01
3.716770945729648279e-01
5.254116611677862592e-01
6.219223844471486462e-01
5.372143415462221627e-01
7.198196410778978649e-01
8.432025826246158928e-01
9.581264459975901149e-01
5.239836285714882802e-01
7.524769442277765563e-01
8.783468269868917044e-01
1.000000000000000000e+00
4.838541649338603534e-01
5.900862263858244194e-01
4.406528364015057098e-01
3.456627335812768598e-01
4.369252179525559554e-01
5.147004823227023795e-01
4.079472062406803712e-01
3.334202029933868716e-01
0.000000000000000000e+00
1.000000000000000000e+00
1.000000000000000000e+00
0.000000000000000000e+00
0.000000000000000000e+00
1.000000000000000000e+00
0.000000000000000000e+00
1.673598850989061193e-01
3.521285266114547174e-01
4.990161675576722522e-01
5.923218524823686826e-01
5.175226353408062252e-01
7.135812410668685990e-01
8.395269307914270396e-01
9.528491539426769963e-01
4.947087904243202550e-01
7.325851954866605675e-01
8.681633637962862249e-01
1.000000000000000000e+00
4.415217311252917498e-01
5.328758084193239153e-01
3.923130707870049472e-01
3.064873183901419273e-01
3.727409741350526384e-01
4.469854915261121664e-01
3.507660477324031079e-01
2.869895334379070073e-01
1.000000000000000000e+00
1.000000000000000000e+00
1.000000000000000000e+00
0.000000000000000000e+00
0.000000000000000000e+00
