-1.000000000000000000e+00
0.000000000000000000e+00
1.651460227405463776e-01
3.476930107854032115e-01
4.876495726808103282e-01
5.740774570179081326e-01
5.213462209333188380e-01
7.002163534260710254e-01
8.194967050704697886e-01
9.291559730862842814e-01
5.103316839828673235e-01
7.251765359948298961e-01
8.653603267240169705e-01
1.000000000000000000e+00
4.560325820832689669e-01
5.444414491274489620e-01
3.894837643389022497e-01
3.104337980790297102e-01
3.944758168263409748e-01
4.553484037308211385e-01
3.433198972848418018e-01
2.904149104972388318e-01
0.000000000000000000e+00
1.000000000000000000e+00
1.000000000000000000e+00
0.000000000000000000e+00
0.000000000000000000e+00
1.000000000000000000e+00
0.000000000000000000e+00
1.517544348864834081e-01
3.388508488541389641e-01
4.948154987118024706e-01
5.926074685210621640e-01
5.125669339096007304e-01
7.136570241453061847e-01
8.417017318393089642e-01
9.559402169969046792e-01
4.896745074405686182e-01
7.216963888310112818e-01
8.620709406705462374e-01
1.000000000000000000e+00
4.301848909505823215e-01
5.275193591244700109e-01
3.867774301996929620e-01
3.006609646674028857e-01
3.602811345450183667e-01
4.404253393582660547e-01
3.440807410076113237e-01
2.790645964689210112e-01
1.000000000000000000e+00
1.000000000000000000e+00
1.000000000000000000e+00
0.000000000000000000e+00
0.000000000000000000e+00
