-1.000000000000000000e+00
0.000000000000000000e+00
1.692539795053452090e-01
3.430226350679527192e-01
4.787735674334432923e-01
5.711480522368652668e-01
5.059505020443185730e-01
6.892121437714364696e-01
8.088402350193542034e-01
9.205015422273435943e-01
4.958579789565502605e-01
7.192583691718015260e-01
8.632961129484818530e-01
1.000000000000000000e+00
4.441004661413782695e-01
5.554461856449621759e-01
4.004882951624846310e-01
3.141916254064469616e-01
3.827696186389595856e-01
4.608197576254804972e-01
3.501121120815771093e-01
2.909010806464491505e-01
0.000000000000000000e+00
1.000000000000000000e+00
1.000000000000000000e+00
0.000000000000000000e+00
0.000000000000000000e+00
1.000000000000000000e+00
0.000000000000000000e+00
1.531012473818159914e-01
3.379692951018369862e-01
4.885964932793568360e-01
5.854999829645548548e-01
5.081030379536267683e-01
7.025557704989087160e-01
8.274529283535433377e-01
9.412130128460216572e-01
4.842842561781546817e-01
7.148318577301677745e-01
8.579483095763907885e-01
1.000000000000000000e+00
4.233091013251349954e-01
5.346054124991033163e-01
3.980583446024149596e-01
3.088394003812204858e-01
3.499036893266554427e-01
4.461352966530527375e-01
3.599474567219567156e-01
2.950730775637679382e-01
1.000000000000000000e+00
1.000000000000000000e+00
1.000000000000000000e+00
0.000000000000000000e+00
0.000000000000000000e+00
