-1.000000000000000000e+00
0.000000000000000000e+00
1.664407033608037989e-01
3.446945715025641621e-01
4.856208216953362133e-01
5.712803163437524256e-01
5.194954900391907104e-01
7.006663238578885178e-01
8.193296864610726260e-01
9.295766712335962190e-01
5.096444146702665545e-01
7.234261850649595926e-01
8.648975741782202187e-01
1.000000000000000000e+00
4.571886820415275166e-01
5.562471237931263524e-01
4.017260511345452922e-01
3.163298702891337300e-01
3.967884154062971680e-01
4.624313237188969472e-01
3.541770598790255908e-01
2.982250311985098490e-01
0.000000000000000000e+00
1.000000000000000000e+00
1.000000000000000000e+00
0.000000000000000000e+00
0.000000000000000000e+00
1.000000000000000000e+00
0.000000000000000000e+00
1.570779133132944316e-01
3.469166849090827287e-01
4.996492528526226828e-01
6.010318598895655340e-01
5.112083960469733235e-01
7.098618101915060707e-01
8.370667744692258383e-01
9.496779874889395012e-01
4.878786125515907068e-01
7.204821008736227439e-01
8.608624326878887567e-01
1.000000000000000000e+00
4.289338251152389758e-01
5.402926532261232984e-01
3.952779645440868683e-01
3.058258564160082349e-01
3.589469660913243154e-01
4.525131980131265608e-01
3.568045793870944227e-01
2.910617796403340840e-01
1.000000000000000000e+00
1.000000000000000000e+00
1.000000000000000000e+00
0.000000000000000000e+00
0.000000000000000000e+00
