-1.000000000000000000e+00
3.868758678436279297e-01
4.413329660892486572e-01
4.907201826572418213e-01
5.322438478469848633e-01
5.681562423706054688e-01
4.595945775508880615e-01
4.864367842674255371e-01
4.990313351154327393e-01
5.079675912857055664e-01
4.217875599861145020e-01
4.270064234733581543e-01
4.284979104995727539e-01
4.275525212287902832e-01
3.870180249214172363e-01
3.789815008640289307e-01
3.730386197566986084e-01
3.683633804321289062e-01
3.553223907947540283e-01
3.273695111274719238e-01
3.080756962299346924e-01
2.924566864967346191e-01
6.721770763397216797e-01
6.570934653282165527e-01
6.261360645294189453e-01
5.982847809791564941e-01
5.887024998664855957e-01
5.010436773300170898e-01
4.355599880218505859e-01
3.930001556873321533e-01
3.556336760520935059e-01
4.826825261116027832e-01
3.986418247222900391e-01
3.480986356735229492e-01
3.066889643669128418e-01
4.880915880203247070e-01
4.146819114685058594e-01
3.676703870296478271e-01
3.273077309131622314e-01
5.117965340614318848e-01
4.659912586212158203e-01
4.353546500205993652e-01
4.060348570346832275e-01
0.000000000000000000e+00
1.000000000000000000e+00
1.000000000000000000e+00
1.000000000000000000e+00
1.000000000000000000e+00
1.000000000000000000e+00
8.066424727439880371e-01
7.718855738639831543e-01
7.464641928672790527e-01
7.675197720527648926e-01
7.964537143707275391e-01
7.241156697273254395e-01
6.910510063171386719e-01
6.727836132049560547e-01
6.584157943725585938e-01
7.538620829582214355e-01
7.367052435874938965e-01
7.292950153350830078e-01
7.235782146453857422e-01
7.864493727684020996e-01
7.805117368698120117e-01
7.780683040618896484e-01
7.760481834411621094e-01
8.201676607131958008e-01
8.441938757896423340e-01
8.620827198028564453e-01
8.774975538253784180e-01
7.014740109443664551e-01
6.868856549263000488e-01
6.463152766227722168e-01
5.982139706611633301e-01
5.678092837333679199e-01
5.579666495323181152e-01
5.009461641311645508e-01
4.619154334068298340e-01
4.285086989402770996e-01
5.315867662429809570e-01
4.537979364395141602e-01
4.054980874061584473e-01
3.673591613769531250e-01
5.308612585067749023e-01
4.580854773521423340e-01
4.121598303318023682e-01
3.743663430213928223e-01
5.479347109794616699e-01
5.022583007812500000e-01
4.730660319328308105e-01
4.503116011619567871e-01
0.000000000000000000e+00
1.000000000000000000e+00
1.000000000000000000e+00
1.000000000000000000e+00
1.000000000000000000e+00
