-1.000000000000000000e+00
3.715904355049133301e-01
4.291889667510986328e-01
4.801894724369049072e-01
5.221762657165527344e-01
5.615901947021484375e-01
4.421553313732147217e-01
4.722027778625488281e-01
4.859235286712646484e-01
4.958901107311248779e-01
4.008276164531707764e-01
4.047151803970336914e-01
4.054400324821472168e-01
4.047409594058990479e-01
3.638305068016052246e-01
3.570149242877960205e-01
3.525205254554748535e-01
3.499728739261627197e-01
3.316414952278137207e-01
3.039966523647308350e-01
2.859719991683959961e-01
2.721631526947021484e-01
5.980067849159240723e-01
5.779323577880859375e-01
5.414971709251403809e-01
5.121548771858215332e-01
5.046552419662475586e-01
4.107327461242675781e-01
3.410206139087677002e-01
2.961189746856689453e-01
2.569375336170196533e-01
3.944544792175292969e-01
3.047702312469482422e-01
2.502858638763427734e-01
2.065934389829635620e-01
4.020453691482543945e-01
3.218461275100708008e-01
2.716870307922363281e-01
2.284724265336990356e-01
4.280110895633697510e-01
3.754393756389617920e-01
3.394909203052520752e-01
3.033981323242187500e-01
0.000000000000000000e+00
1.000000000000000000e+00
1.000000000000000000e+00
1.000000000000000000e+00
1.000000000000000000e+00
1.000000000000000000e+00
7.884233593940734863e-01
7.499277591705322266e-01
7.245906591415405273e-01
7.473268508911132812e-01
7.787464261054992676e-01
7.039985060691833496e-01
6.710532903671264648e-01
6.541069149971008301e-01
6.417526006698608398e-01
7.386773824691772461e-01
7.244687080383300781e-01
7.183724641799926758e-01
7.138347625732421875e-01
7.743078470230102539e-01
7.721597552299499512e-01
7.714123725891113281e-01
7.703040838241577148e-01
8.104746341705322266e-01
8.372308611869812012e-01
8.573611378669738770e-01
8.743364810943603516e-01
6.015892028808593750e-01
5.845365524291992188e-01
5.409763455390930176e-01
4.907048046588897705e-01
4.583871960639953613e-01
4.447920918464660645e-01
3.820847868919372559e-01
3.387738168239593506e-01
3.018854856491088867e-01
4.188376367092132568e-01
3.364783525466918945e-01
2.851083278656005859e-01
2.442136406898498535e-01
4.192857146263122559e-01
3.424064517021179199e-01
2.941566109657287598e-01
2.543343901634216309e-01
4.389053583145141602e-01
3.904213309288024902e-01
3.610222339630126953e-01
3.381372094154357910e-01
0.000000000000000000e+00
1.000000000000000000e+00
1.000000000000000000e+00
1.000000000000000000e+00
1.000000000000000000e+00
