-1.000000000000000000e+00
3.779283761978149414e-01
4.329895079135894775e-01
4.831318855285644531e-01
5.224009752273559570e-01
5.581818819046020508e-01
4.514919519424438477e-01
4.776255786418914795e-01
4.906738996505737305e-01
5.014470815658569336e-01
4.147638380527496338e-01
4.195342063903808594e-01
4.214457571506500244e-01
4.222473800182342529e-01
3.808714449405670166e-01
3.815661668777465820e-01
3.799498081207275391e-01
3.787128925323486328e-01
3.486866056919097900e-01
3.299055099487304688e-01
3.180174231529235840e-01
3.085792958736419678e-01
6.120168566703796387e-01
5.948715209960937500e-01
5.602391958236694336e-01
5.283469557762145996e-01
5.152436494827270508e-01
4.362763464450836182e-01
3.704411685466766357e-01
3.274673819541931152e-01
2.884444892406463623e-01
4.190475344657897949e-01
3.334767520427703857e-01
2.822282016277313232e-01
2.379148602485656738e-01
4.232183694839477539e-01
3.473058342933654785e-01
2.996246814727783203e-01
2.577516734600067139e-01
4.441456496715545654e-01
3.882799148559570312e-01
3.509980440139770508e-01
3.149071335792541504e-01
0.000000000000000000e+00
1.000000000000000000e+00
1.000000000000000000e+00
1.000000000000000000e+00
1.000000000000000000e+00
1.000000000000000000e+00
7.811210751533508301e-01
7.431560754776000977e-01
7.141876816749572754e-01
7.321834564208984375e-01
7.578367590904235840e-01
6.921310424804687500e-01
6.558063030242919922e-01
6.369056701660156250e-01
6.216219067573547363e-01
7.234457731246948242e-01
7.056950926780700684e-01
6.975619792938232422e-01
6.904433965682983398e-01
7.572367191314697266e-01
7.509124875068664551e-01
7.478592991828918457e-01
7.445825338363647461e-01
7.922242283821105957e-01
8.142057657241821289e-01
8.321911692619323730e-01
8.477398753166198730e-01
6.188496351242065430e-01
6.051026582717895508e-01
5.671158432960510254e-01
5.217108726501464844e-01
4.897621572017669678e-01
4.743234813213348389e-01
4.152745604515075684e-01
3.742136359214782715e-01
3.393326699733734131e-01
4.476855993270874023e-01
3.681923747062683105e-01
3.187766075134277344e-01
2.791582942008972168e-01
4.450884759426116943e-01
3.718187510967254639e-01
3.263914883136749268e-01
2.882975935935974121e-01
4.601464867591857910e-01
4.126716852188110352e-01
3.843035697937011719e-01
3.619763851165771484e-01
0.000000000000000000e+00
1.000000000000000000e+00
1.000000000000000000e+00
1.000000000000000000e+00
1.000000000000000000e+00
