-1.000000000000000000e+00
3.770704567432403564e-01
4.340442717075347900e-01
4.846180081367492676e-01
5.243287086486816406e-01
5.586097836494445801e-01
4.544255733489990234e-01
4.807483255863189697e-01
4.943102300167083740e-01
5.043026208877563477e-01
4.202089905738830566e-01
4.272633492946624756e-01
4.313526153564453125e-01
4.334019422531127930e-01
3.878050148487091064e-01
3.889569044113159180e-01
3.891679048538208008e-01
3.892482519149780273e-01
3.559502959251403809e-01
3.409914672374725342e-01
3.314247131347656250e-01
3.241154253482818604e-01
6.130430698394775391e-01
5.998051166534423828e-01
5.672824382781982422e-01
5.345965623855590820e-01
5.199380517005920410e-01
4.431064128875732422e-01
3.784090578556060791e-01
3.363581299781799316e-01
2.987329363822937012e-01
4.263929426670074463e-01
3.450061380863189697e-01
2.950304150581359863e-01
2.537072300910949707e-01
4.290266633033752441e-01
3.557347059249877930e-01
3.092058598995208740e-01
2.691940367221832275e-01
4.468297064304351807e-01
3.926725387573242188e-01
3.564774990081787109e-01
3.221635222434997559e-01
0.000000000000000000e+00
1.000000000000000000e+00
1.000000000000000000e+00
1.000000000000000000e+00
1.000000000000000000e+00
1.000000000000000000e+00
7.852069735527038574e-01
7.472817301750183105e-01
7.194715142250061035e-01
7.379876375198364258e-01
7.648525834083557129e-01
6.967771053314208984e-01
6.607090234756469727e-01
6.418870091438293457e-01
6.282302141189575195e-01
7.278203964233398438e-01
7.099308967590332031e-01
7.010905742645263672e-01
6.943743824958801270e-01
7.610151171684265137e-01
7.550147175788879395e-01
7.514034509658813477e-01
7.484803795814514160e-01
7.952017188072204590e-01
8.189983367919921875e-01
8.369886875152587891e-01
8.523136377334594727e-01
6.293092966079711914e-01
6.165732145309448242e-01
5.768070816993713379e-01
5.273414254188537598e-01
4.946738481521606445e-01
4.846753478050231934e-01
4.279537796974182129e-01
3.874398469924926758e-01
3.530130386352539062e-01
4.581074714660644531e-01
3.798882067203521729e-01
3.310662508010864258e-01
2.925287485122680664e-01
4.565009474754333496e-01
3.839015364646911621e-01
3.375684618949890137e-01
3.000323176383972168e-01
4.728115499019622803e-01
4.250617623329162598e-01
3.946503996849060059e-01
3.708369433879852295e-01
0.000000000000000000e+00
1.000000000000000000e+00
1.000000000000000000e+00
1.000000000000000000e+00
1.000000000000000000e+00
