-1.000000000000000000e+00
3.940364420413970947e-01
4.448989629745483398e-01
4.916133284568786621e-01
5.303425788879394531e-01
5.626126527786254883e-01
4.665220081806182861e-01
4.903576076030731201e-01
5.021170377731323242e-01
5.117167234420776367e-01
4.356011152267456055e-01
4.434296488761901855e-01
4.463550150394439697e-01
4.479283690452575684e-01
4.063461422920227051e-01
4.090546369552612305e-01
4.098343849182128906e-01
4.109416604042053223e-01
3.780202269554138184e-01
3.617756366729736328e-01
3.520746529102325439e-01
3.454226851463317871e-01
6.346738338470458984e-01
6.224161386489868164e-01
5.952441692352294922e-01
5.737883448600769043e-01
5.685304999351501465e-01
4.859859943389892578e-01
4.295485615730285645e-01
3.944280147552490234e-01
3.634740710258483887e-01
4.695092141628265381e-01
3.997120261192321777e-01
3.563356995582580566e-01
3.212403357028961182e-01
4.707664847373962402e-01
4.067469537258148193e-01
3.670856356620788574e-01
3.338973522186279297e-01
4.865321815013885498e-01
4.398074746131896973e-01
4.083110690116882324e-01
3.789675831794738770e-01
0.000000000000000000e+00
1.000000000000000000e+00
1.000000000000000000e+00
1.000000000000000000e+00
1.000000000000000000e+00
1.000000000000000000e+00
7.914339303970336914e-01
7.567256093025207520e-01
7.318723201751708984e-01
7.475473284721374512e-01
7.683923244476318359e-01
7.157858610153198242e-01
6.878364086151123047e-01
6.720880270004272461e-01
6.600966453552246094e-01
7.445526123046875000e-01
7.308304905891418457e-01
7.234861254692077637e-01
7.176330089569091797e-01
7.748886346817016602e-01
7.708595395088195801e-01
7.678678631782531738e-01
7.651765346527099609e-01
8.055400252342224121e-01
8.268641829490661621e-01
8.420078754425048828e-01
8.549710512161254883e-01
6.535263061523437500e-01
6.394007205963134766e-01
6.009153723716735840e-01
5.610212087631225586e-01
5.349575877189636230e-01
5.171798467636108398e-01
4.669340550899505615e-01
4.328566193580627441e-01
4.054557979106903076e-01
4.971429705619812012e-01
4.285119771957397461e-01
3.871745765209197998e-01
3.542040586471557617e-01
4.977295994758605957e-01
4.325447082519531250e-01
3.921750187873840332e-01
3.584569096565246582e-01
5.137484669685363770e-01
4.736452102661132812e-01
4.461636543273925781e-01
4.223623275756835938e-01
0.000000000000000000e+00
1.000000000000000000e+00
1.000000000000000000e+00
1.000000000000000000e+00
1.000000000000000000e+00
