-1.000000000000000000e+00
3.892876207828521729e-01
4.437350928783416748e-01
4.934353232383728027e-01
5.351173877716064453e-01
5.710082054138183594e-01
4.649221897125244141e-01
4.913066625595092773e-01
5.046809911727905273e-01
5.143427848815917969e-01
4.283369183540344238e-01
4.360028803348541260e-01
4.398531019687652588e-01
4.404769837856292725e-01
3.937303721904754639e-01
3.902703523635864258e-01
3.869585990905761719e-01
3.836659491062164307e-01
3.614281117916107178e-01
3.390701413154602051e-01
3.240944743156433105e-01
3.121536970138549805e-01
6.454380154609680176e-01
6.292892694473266602e-01
5.936260223388671875e-01
5.640148520469665527e-01
5.504994988441467285e-01
4.725379943847656250e-01
4.065043032169342041e-01
3.645982742309570312e-01
3.260357379913330078e-01
4.546221494674682617e-01
3.713939785957336426e-01
3.196478486061096191e-01
2.764996886253356934e-01
4.595397114753723145e-01
3.847695589065551758e-01
3.361213505268096924e-01
2.935031950473785400e-01
4.817251563072204590e-01
4.287380278110504150e-01
3.933543264865875244e-01
3.586181402206420898e-01
0.000000000000000000e+00
1.000000000000000000e+00
1.000000000000000000e+00
1.000000000000000000e+00
1.000000000000000000e+00
1.000000000000000000e+00
7.822157144546508789e-01
7.441262006759643555e-01
7.150625586509704590e-01
7.335862517356872559e-01
7.648156285285949707e-01
6.991178989410400391e-01
6.689180731773376465e-01
6.527996063232421875e-01
6.407815217971801758e-01
7.280997633934020996e-01
7.116629481315612793e-01
7.050231695175170898e-01
6.992244124412536621e-01
7.586167454719543457e-01
7.497082948684692383e-01
7.442745566368103027e-01
7.378398776054382324e-01
7.913144826889038086e-01
8.039833307266235352e-01
8.137581348419189453e-01
8.209787607192993164e-01
6.476038098335266113e-01
6.341007947921752930e-01
5.946897268295288086e-01
5.448325276374816895e-01
5.132796764373779297e-01
5.037528872489929199e-01
4.455931484699249268e-01
4.059573709964752197e-01
3.717657625675201416e-01
4.798125624656677246e-01
4.043539464473724365e-01
3.583096265792846680e-01
3.198462128639221191e-01
4.780129194259643555e-01
4.049226343631744385e-01
3.615369796752929688e-01
3.238918185234069824e-01
4.918583333492279053e-01
4.402797222137451172e-01
4.072822332382202148e-01
3.786821365356445312e-01
0.000000000000000000e+00
1.000000000000000000e+00
1.000000000000000000e+00
1.000000000000000000e+00
1.000000000000000000e+00
