-1.000000000000000000e+00
3.922503888607025146e-01
4.497380256652832031e-01
5.000002384185791016e-01
5.408872365951538086e-01
5.786055326461791992e-01
4.708018898963928223e-01
4.973769187927246094e-01
5.107604265213012695e-01
5.201727151870727539e-01
4.329030215740203857e-01
4.398837685585021973e-01
4.429492950439453125e-01
4.429860711097717285e-01
3.972530364990234375e-01
3.943917751312255859e-01
3.917440474033355713e-01
3.889915645122528076e-01
3.639118075370788574e-01
3.412415981292724609e-01
3.263258934020996094e-01
3.143936097621917725e-01
6.488946676254272461e-01
6.335951685905456543e-01
5.975038409233093262e-01
5.650926828384399414e-01
5.509971976280212402e-01
4.714680612087249756e-01
4.035596847534179688e-01
3.596447706222534180e-01
3.193725943565368652e-01
4.526833891868591309e-01
3.664871752262115479e-01
3.133562803268432617e-01
2.685065865516662598e-01
4.575477242469787598e-01
3.803933262825012207e-01
3.291675448417663574e-01
2.838732004165649414e-01
4.801521599292755127e-01
4.248052239418029785e-01
3.881311416625976562e-01
3.523927032947540283e-01
0.000000000000000000e+00
1.000000000000000000e+00
1.000000000000000000e+00
1.000000000000000000e+00
1.000000000000000000e+00
1.000000000000000000e+00
7.859619259834289551e-01
7.472895979881286621e-01
7.194371819496154785e-01
7.389838695526123047e-01
7.711964845657348633e-01
7.019263505935668945e-01
6.702548265457153320e-01
6.533573269844055176e-01
6.410209536552429199e-01
7.312933206558227539e-01
7.145826220512390137e-01
7.084662318229675293e-01
7.029987573623657227e-01
7.628192901611328125e-01
7.526192665100097656e-01
7.477995157241821289e-01
7.416012287139892578e-01
7.965699434280395508e-01
8.056810498237609863e-01
8.129527568817138672e-01
8.180276155471801758e-01
6.523388624191284180e-01
6.384096741676330566e-01
5.982919931411743164e-01
5.504530668258666992e-01
5.208613872528076172e-01
5.088117718696594238e-01
4.478562474250793457e-01
4.060856699943542480e-01
3.701569139957427979e-01
4.833123385906219482e-01
4.041478633880615234e-01
3.552793264389038086e-01
3.150634169578552246e-01
4.801584184169769287e-01
4.043938815593719482e-01
3.594838082790374756e-01
3.207404017448425293e-01
4.928981959819793701e-01
4.390299022197723389e-01
4.037459790706634521e-01
3.733365833759307861e-01
0.000000000000000000e+00
1.000000000000000000e+00
1.000000000000000000e+00
1.000000000000000000e+00
1.000000000000000000e+00
