-1.000000000000000000e+00
3.962855339050292969e-01
4.535810649394989014e-01
5.048260688781738281e-01
5.475184917449951172e-01
5.851345658302307129e-01
4.758753478527069092e-01
5.033695697784423828e-01
5.172528028488159180e-01
5.273773670196533203e-01
4.378369748592376709e-01
4.451747238636016846e-01
4.488779604434967041e-01
4.497367739677429199e-01
4.021466076374053955e-01
3.991295993328094482e-01
3.965307772159576416e-01
3.940026164054870605e-01
3.685846924781799316e-01
3.464844226837158203e-01
3.324064016342163086e-01
3.212943077087402344e-01
6.485415697097778320e-01
6.330230832099914551e-01
5.973950624465942383e-01
5.655661225318908691e-01
5.518473982810974121e-01
4.691318571567535400e-01
4.001833200454711914e-01
3.558405935764312744e-01
3.146993517875671387e-01
4.500435888767242432e-01
3.635753989219665527e-01
3.104873299598693848e-01
2.654407918453216553e-01
4.543627798557281494e-01
3.772827982902526855e-01
3.259530067443847656e-01
2.807377278804779053e-01
4.766064882278442383e-01
4.200826287269592285e-01
3.823562264442443848e-01
3.459157943725585938e-01
0.000000000000000000e+00
1.000000000000000000e+00
1.000000000000000000e+00
1.000000000000000000e+00
1.000000000000000000e+00
1.000000000000000000e+00
7.881104946136474609e-01
7.474964261054992676e-01
7.167361974716186523e-01
7.368080615997314453e-01
7.706593275070190430e-01
7.000932097434997559e-01
6.683078408241271973e-01
6.519610881805419922e-01
6.399559378623962402e-01
7.305725216865539551e-01
7.133566141128540039e-01
7.066903710365295410e-01
7.005177140235900879e-01
7.625137567520141602e-01
7.522583007812500000e-01
7.465193867683410645e-01
7.394525408744812012e-01
7.965425252914428711e-01
8.057584762573242188e-01
8.129203319549560547e-01
8.176870346069335938e-01
6.536066532135009766e-01
6.424155235290527344e-01
6.038318276405334473e-01
5.530093908309936523e-01
5.194383263587951660e-01
5.081022977828979492e-01
4.464312195777893066e-01
4.042628407478332520e-01
3.674786686897277832e-01
4.820838272571563721e-01
4.023677408695220947e-01
3.531464636325836182e-01
3.117676973342895508e-01
4.792976379394531250e-01
4.041761755943298340e-01
3.582842350006103516e-01
3.174678087234497070e-01
4.927346110343933105e-01
4.392622709274291992e-01
4.046186804771423340e-01
3.732847571372985840e-01
0.000000000000000000e+00
1.000000000000000000e+00
1.000000000000000000e+00
1.000000000000000000e+00
1.000000000000000000e+00
