-1.000000000000000000e+00
3.911938667297363281e-01
4.633044004440307617e-01
5.338490605354309082e-01
5.870162844657897949e-01
6.339722871780395508e-01
5.161290764808654785e-01
5.394825339317321777e-01
5.522530078887939453e-01
5.605185031890869141e-01
4.729141891002655029e-01
4.640182256698608398e-01
4.534000754356384277e-01
4.605807960033416748e-01
4.284892082214355469e-01
4.141797721385955811e-01
4.159010648727416992e-01
4.280577600002288818e-01
3.833597004413604736e-01
3.717089295387268066e-01
3.628451228141784668e-01
3.613775968551635742e-01
6.234908103942871094e-01
6.251267790794372559e-01
5.733774900436401367e-01
5.262820720672607422e-01
5.159457325935363770e-01
4.368859529495239258e-01
3.422873318195343018e-01
2.788619697093963623e-01
2.208859622478485107e-01
4.232304692268371582e-01
3.794734477996826172e-01
4.629248082637786865e-01
4.980287253856658936e-01
4.211925864219665527e-01
3.823167383670806885e-01
4.535220265388488770e-01
4.880568683147430420e-01
4.219754040241241455e-01
3.366107940673828125e-01
2.907675504684448242e-01
2.367269694805145264e-01
0.000000000000000000e+00
1.000000000000000000e+00
0.000000000000000000e+00
0.000000000000000000e+00
1.000000000000000000e+00
0.000000000000000000e+00
0.000000000000000000e+00
0.000000000000000000e+00
0.000000000000000000e+00
0.000000000000000000e+00
0.000000000000000000e+00
0.000000000000000000e+00
0.000000000000000000e+00
0.000000000000000000e+00
0.000000000000000000e+00
0.000000000000000000e+00
0.000000000000000000e+00
0.000000000000000000e+00
0.000000000000000000e+00
0.000000000000000000e+00
0.000000000000000000e+00
0.000000000000000000e+00
0.000000000000000000e+00
0.000000000000000000e+00
0.000000000000000000e+00
0.000000000000000000e+00
0.000000000000000000e+00
0.000000000000000000e+00
0.000000000000000000e+00
0.000000000000000000e+00
0.000000000000000000e+00
0.000000000000000000e+00
0.000000000000000000e+00
0.000000000000000000e+00
0.000000000000000000e+00
0.000000000000000000e+00
0.000000000000000000e+00
0.000000000000000000e+00
0.000000000000000000e+00
0.000000000000000000e+00
0.000000000000000000e+00
0.000000000000000000e+00
0.000000000000000000e+00
0.000000000000000000e+00
0.000000000000000000e+00
0.000000000000000000e+00
0.000000000000000000e+00
0.000000000000000000e+00
0.000000000000000000e+00
0.000000000000000000e+00
0.000000000000000000e+00
0.000000000000000000e+00
0.000000000000000000e+00
