-1.000000000000000000e+00
4.236383438110351562e-01
4.856705367565155029e-01
5.345622301101684570e-01
5.640192031860351562e-01
5.897850990295410156e-01
5.096664428710937500e-01
5.225486159324645996e-01
5.300080180168151855e-01
5.350199937820434570e-01
4.734817743301391602e-01
4.894891977310180664e-01
4.886930882930755615e-01
4.831515550613403320e-01
4.395660161972045898e-01
4.483493566513061523e-01
4.566688537597656250e-01
4.585340321063995361e-01
4.051415920257568359e-01
3.915182948112487793e-01
3.892897367477416992e-01
3.892445564270019531e-01
6.279246807098388672e-01
6.061758399009704590e-01
5.462589263916015625e-01
4.942555427551269531e-01
4.787412881851196289e-01
4.301190376281738281e-01
3.394420146942138672e-01
2.824459671974182129e-01
2.364381849765777588e-01
4.237489402294158936e-01
3.942093551158905029e-01
4.528707563877105713e-01
4.981321096420288086e-01
4.227299392223358154e-01
3.782036900520324707e-01
4.266870617866516113e-01
4.663385450839996338e-01
4.258084297180175781e-01
3.395517170429229736e-01
2.885254025459289551e-01
2.377708405256271362e-01
0.000000000000000000e+00
1.000000000000000000e+00
0.000000000000000000e+00
0.000000000000000000e+00
1.000000000000000000e+00
0.000000000000000000e+00
0.000000000000000000e+00
0.000000000000000000e+00
0.000000000000000000e+00
0.000000000000000000e+00
0.000000000000000000e+00
0.000000000000000000e+00
0.000000000000000000e+00
0.000000000000000000e+00
0.000000000000000000e+00
0.000000000000000000e+00
0.000000000000000000e+00
0.000000000000000000e+00
0.000000000000000000e+00
0.000000000000000000e+00
0.000000000000000000e+00
0.000000000000000000e+00
0.000000000000000000e+00
0.000000000000000000e+00
0.000000000000000000e+00
0.000000000000000000e+00
0.000000000000000000e+00
0.000000000000000000e+00
0.000000000000000000e+00
0.000000000000000000e+00
0.000000000000000000e+00
0.000000000000000000e+00
0.000000000000000000e+00
0.000000000000000000e+00
0.000000000000000000e+00
0.000000000000000000e+00
0.000000000000000000e+00
0.000000000000000000e+00
0.000000000000000000e+00
0.000000000000000000e+00
0.000000000000000000e+00
0.000000000000000000e+00
0.000000000000000000e+00
0.000000000000000000e+00
0.000000000000000000e+00
0.000000000000000000e+00
0.000000000000000000e+00
0.000000000000000000e+00
0.000000000000000000e+00
0.000000000000000000e+00
0.000000000000000000e+00
0.000000000000000000e+00
0.000000000000000000e+00
