1.000000000000000000e+00
4.960651397705078125e-01
5.402421951293945312e-01
5.364696979522705078e-01
5.277382135391235352e-01
5.232491493225097656e-01
4.902494251728057861e-01
5.186019539833068848e-01
5.222619175910949707e-01
5.112559795379638672e-01
4.799526631832122803e-01
5.096938014030456543e-01
5.179559588432312012e-01
5.150465965270996094e-01
4.728610217571258545e-01
5.166881084442138672e-01
5.251133441925048828e-01
5.174855589866638184e-01
4.724960625171661377e-01
4.907389581203460693e-01
4.985732734203338623e-01
4.997198879718780518e-01
6.348980665206909180e-01
5.588682293891906738e-01
4.959561824798583984e-01
4.520961344242095947e-01
4.113833308219909668e-01
4.284220635890960693e-01
3.709551095962524414e-01
3.683316409587860107e-01
3.632782101631164551e-01
4.301010370254516602e-01
3.723318576812744141e-01
3.642855882644653320e-01
3.519543707370758057e-01
4.350993633270263672e-01
3.916697800159454346e-01
4.150955677032470703e-01
4.291588664054870605e-01
4.420990943908691406e-01
3.792341947555541992e-01
3.421422839164733887e-01
3.093597888946533203e-01
1.000000000000000000e+00
1.000000000000000000e+00
1.000000000000000000e+00
0.000000000000000000e+00
1.000000000000000000e+00
0.000000000000000000e+00
0.000000000000000000e+00
0.000000000000000000e+00
0.000000000000000000e+00
0.000000000000000000e+00
0.000000000000000000e+00
0.000000000000000000e+00
0.000000000000000000e+00
0.000000000000000000e+00
0.000000000000000000e+00
0.000000000000000000e+00
0.000000000000000000e+00
0.000000000000000000e+00
0.000000000000000000e+00
0.000000000000000000e+00
0.000000000000000000e+00
0.000000000000000000e+00
0.000000000000000000e+00
0.000000000000000000e+00
0.000000000000000000e+00
0.000000000000000000e+00
0.000000000000000000e+00
0.000000000000000000e+00
0.000000000000000000e+00
0.000000000000000000e+00
0.000000000000000000e+00
0.000000000000000000e+00
0.000000000000000000e+00
0.000000000000000000e+00
0.000000000000000000e+00
0.000000000000000000e+00
0.000000000000000000e+00
0.000000000000000000e+00
0.000000000000000000e+00
0.000000000000000000e+00
0.000000000000000000e+00
0.000000000000000000e+00
0.000000000000000000e+00
0.000000000000000000e+00
0.000000000000000000e+00
0.000000000000000000e+00
0.000000000000000000e+00
0.000000000000000000e+00
0.000000000000000000e+00
0.000000000000000000e+00
0.000000000000000000e+00
0.000000000000000000e+00
0.000000000000000000e+00
