1.000000000000000000e+00
5.379220247268676758e-01
4.661589860916137695e-01
4.192013740539550781e-01
3.793262541294097900e-01
3.418029248714447021e-01
4.683580398559570312e-01
4.671383202075958252e-01
4.678713977336883545e-01
4.714800715446472168e-01
5.094915032386779785e-01
5.068349838256835938e-01
5.045326352119445801e-01
5.057884454727172852e-01
5.519237518310546875e-01
5.424240231513977051e-01
5.367648601531982422e-01
5.340678691864013672e-01
5.910899043083190918e-01
6.070364713668823242e-01
6.181393861770629883e-01
6.257205009460449219e-01
6.803353428840637207e-01
6.344017982482910156e-01
5.720241069793701172e-01
5.203016996383666992e-01
5.014016032218933105e-01
4.748553335666656494e-01
3.735858201980590820e-01
3.089257180690765381e-01
2.584358155727386475e-01
4.610716700553894043e-01
4.364088475704193115e-01
4.712957143783569336e-01
5.032550096511840820e-01
4.728538990020751953e-01
4.562767744064331055e-01
4.906854927539825439e-01
5.190519690513610840e-01
4.949357509613037109e-01
4.171834588050842285e-01
3.764647245407104492e-01
3.423115015029907227e-01
1.000000000000000000e+00
1.000000000000000000e+00
0.000000000000000000e+00
0.000000000000000000e+00
1.000000000000000000e+00
0.000000000000000000e+00
0.000000000000000000e+00
0.000000000000000000e+00
0.000000000000000000e+00
0.000000000000000000e+00
0.000000000000000000e+00
0.000000000000000000e+00
0.000000000000000000e+00
0.000000000000000000e+00
0.000000000000000000e+00
0.000000000000000000e+00
0.000000000000000000e+00
0.000000000000000000e+00
0.000000000000000000e+00
0.000000000000000000e+00
0.000000000000000000e+00
0.000000000000000000e+00
0.000000000000000000e+00
0.000000000000000000e+00
0.000000000000000000e+00
0.000000000000000000e+00
0.000000000000000000e+00
0.000000000000000000e+00
0.000000000000000000e+00
0.000000000000000000e+00
0.000000000000000000e+00
0.000000000000000000e+00
0.000000000000000000e+00
0.000000000000000000e+00
0.000000000000000000e+00
0.000000000000000000e+00
0.000000000000000000e+00
0.000000000000000000e+00
0.000000000000000000e+00
0.000000000000000000e+00
0.000000000000000000e+00
0.000000000000000000e+00
0.000000000000000000e+00
0.000000000000000000e+00
0.000000000000000000e+00
0.000000000000000000e+00
0.000000000000000000e+00
0.000000000000000000e+00
0.000000000000000000e+00
0.000000000000000000e+00
0.000000000000000000e+00
0.000000000000000000e+00
0.000000000000000000e+00
