1.000000000000000000e+00
5.401240587234497070e-01
4.703125953674316406e-01
4.227581620216369629e-01
3.812764883041381836e-01
3.432748913764953613e-01
4.729977846145629883e-01
4.722397327423095703e-01
4.747044444084167480e-01
4.800803065299987793e-01
5.142738819122314453e-01
5.086768269538879395e-01
5.041277408599853516e-01
5.043775439262390137e-01
5.555040240287780762e-01
5.442166328430175781e-01
5.384089350700378418e-01
5.363460183143615723e-01
5.935528278350830078e-01
6.056096553802490234e-01
6.154147386550903320e-01
6.231950521469116211e-01
6.783909797668457031e-01
6.334261894226074219e-01
5.697151422500610352e-01
5.192198157310485840e-01
5.013117194175720215e-01
4.752688705921173096e-01
3.731922507286071777e-01
3.076265752315521240e-01
2.571386396884918213e-01
4.648590683937072754e-01
4.356854557991027832e-01
4.719470441341400146e-01
5.060296058654785156e-01
4.779995083808898926e-01
4.570265412330627441e-01
4.921004474163055420e-01
5.228155255317687988e-01
4.999060928821563721e-01
4.221088588237762451e-01
3.805320262908935547e-01
3.450983166694641113e-01
1.000000000000000000e+00
1.000000000000000000e+00
0.000000000000000000e+00
0.000000000000000000e+00
1.000000000000000000e+00
0.000000000000000000e+00
0.000000000000000000e+00
0.000000000000000000e+00
0.000000000000000000e+00
0.000000000000000000e+00
0.000000000000000000e+00
0.000000000000000000e+00
0.000000000000000000e+00
0.000000000000000000e+00
0.000000000000000000e+00
0.000000000000000000e+00
0.000000000000000000e+00
0.000000000000000000e+00
0.000000000000000000e+00
0.000000000000000000e+00
0.000000000000000000e+00
0.000000000000000000e+00
0.000000000000000000e+00
0.000000000000000000e+00
0.000000000000000000e+00
0.000000000000000000e+00
0.000000000000000000e+00
0.000000000000000000e+00
0.000000000000000000e+00
0.000000000000000000e+00
0.000000000000000000e+00
0.000000000000000000e+00
0.000000000000000000e+00
0.000000000000000000e+00
0.000000000000000000e+00
0.000000000000000000e+00
0.000000000000000000e+00
0.000000000000000000e+00
0.000000000000000000e+00
0.000000000000000000e+00
0.000000000000000000e+00
0.000000000000000000e+00
0.000000000000000000e+00
0.000000000000000000e+00
0.000000000000000000e+00
0.000000000000000000e+00
0.000000000000000000e+00
0.000000000000000000e+00
0.000000000000000000e+00
0.000000000000000000e+00
0.000000000000000000e+00
0.000000000000000000e+00
0.000000000000000000e+00
