-1.000000000000000000e+00
4.278162717819213867e-01
5.004148483276367188e-01
5.665778517723083496e-01
6.197307705879211426e-01
6.624839305877685547e-01
5.547489523887634277e-01
5.796484947204589844e-01
5.947619676589965820e-01
6.025180220603942871e-01
5.117006897926330566e-01
5.145388245582580566e-01
4.983607828617095947e-01
5.010796785354614258e-01
4.700660109519958496e-01
4.664689004421234131e-01
4.635492265224456787e-01
4.685615599155426025e-01
4.275457262992858887e-01
4.202537536621093750e-01
4.168810248374938965e-01
4.187709689140319824e-01
6.748510599136352539e-01
6.768544912338256836e-01
6.284359097480773926e-01
5.893239974975585938e-01
5.833749175071716309e-01
4.983234405517578125e-01
4.134072661399841309e-01
3.547320067882537842e-01
3.004066348075866699e-01
4.833597838878631592e-01
4.533653557300567627e-01
5.358380079269409180e-01
5.502552986145019531e-01
4.803543388843536377e-01
4.532397389411926270e-01
5.248954892158508301e-01
5.441071391105651855e-01
4.787102639675140381e-01
3.943319022655487061e-01
3.535109758377075195e-01
3.001925945281982422e-01
0.000000000000000000e+00
1.000000000000000000e+00
0.000000000000000000e+00
0.000000000000000000e+00
1.000000000000000000e+00
0.000000000000000000e+00
0.000000000000000000e+00
0.000000000000000000e+00
0.000000000000000000e+00
0.000000000000000000e+00
0.000000000000000000e+00
0.000000000000000000e+00
0.000000000000000000e+00
0.000000000000000000e+00
0.000000000000000000e+00
0.000000000000000000e+00
0.000000000000000000e+00
0.000000000000000000e+00
0.000000000000000000e+00
0.000000000000000000e+00
0.000000000000000000e+00
0.000000000000000000e+00
0.000000000000000000e+00
0.000000000000000000e+00
0.000000000000000000e+00
0.000000000000000000e+00
0.000000000000000000e+00
0.000000000000000000e+00
0.000000000000000000e+00
0.000000000000000000e+00
0.000000000000000000e+00
0.000000000000000000e+00
0.000000000000000000e+00
0.000000000000000000e+00
0.000000000000000000e+00
0.000000000000000000e+00
0.000000000000000000e+00
0.000000000000000000e+00
0.000000000000000000e+00
0.000000000000000000e+00
0.000000000000000000e+00
0.000000000000000000e+00
0.000000000000000000e+00
0.000000000000000000e+00
0.000000000000000000e+00
0.000000000000000000e+00
0.000000000000000000e+00
0.000000000000000000e+00
0.000000000000000000e+00
0.000000000000000000e+00
0.000000000000000000e+00
0.000000000000000000e+00
0.000000000000000000e+00
