-1.000000000000000000e+00
3.202886581420898438e-01
3.775322437286376953e-01
4.291328787803649902e-01
4.749402999877929688e-01
5.140104293823242188e-01
4.128577709197998047e-01
4.251898527145385742e-01
4.295990467071533203e-01
4.322347342967987061e-01
3.761365115642547607e-01
3.635398447513580322e-01
3.567908704280853271e-01
3.708100318908691406e-01
3.406381011009216309e-01
3.241503238677978516e-01
3.280192613601684570e-01
3.431413173675537109e-01
3.037369847297668457e-01
2.882172167301177979e-01
2.759647965431213379e-01
2.704141736030578613e-01
6.514778137207031250e-01
6.340755224227905273e-01
5.950466394424438477e-01
5.589317083358764648e-01
5.434231162071228027e-01
4.878822565078735352e-01
4.148705601692199707e-01
3.624085485935211182e-01
3.167793452739715576e-01
4.815039932727813721e-01
4.457454979419708252e-01
5.200073122978210449e-01
5.345020294189453125e-01
4.850828349590301514e-01
4.579884409904479980e-01
5.188978910446166992e-01
5.378028750419616699e-01
4.896486699581146240e-01
4.262487292289733887e-01
3.926452398300170898e-01
3.495399355888366699e-01
0.000000000000000000e+00
1.000000000000000000e+00
0.000000000000000000e+00
0.000000000000000000e+00
1.000000000000000000e+00
0.000000000000000000e+00
0.000000000000000000e+00
0.000000000000000000e+00
0.000000000000000000e+00
0.000000000000000000e+00
0.000000000000000000e+00
0.000000000000000000e+00
0.000000000000000000e+00
0.000000000000000000e+00
0.000000000000000000e+00
0.000000000000000000e+00
0.000000000000000000e+00
0.000000000000000000e+00
0.000000000000000000e+00
0.000000000000000000e+00
0.000000000000000000e+00
0.000000000000000000e+00
0.000000000000000000e+00
0.000000000000000000e+00
0.000000000000000000e+00
0.000000000000000000e+00
0.000000000000000000e+00
0.000000000000000000e+00
0.000000000000000000e+00
0.000000000000000000e+00
0.000000000000000000e+00
0.000000000000000000e+00
0.000000000000000000e+00
0.000000000000000000e+00
0.000000000000000000e+00
0.000000000000000000e+00
0.000000000000000000e+00
0.000000000000000000e+00
0.000000000000000000e+00
0.000000000000000000e+00
0.000000000000000000e+00
0.000000000000000000e+00
0.000000000000000000e+00
0.000000000000000000e+00
0.000000000000000000e+00
0.000000000000000000e+00
0.000000000000000000e+00
0.000000000000000000e+00
0.000000000000000000e+00
0.000000000000000000e+00
0.000000000000000000e+00
0.000000000000000000e+00
0.000000000000000000e+00
