-1.000000000000000000e+00
3.293829262256622314e-01
3.863990306854248047e-01
4.375115036964416504e-01
4.800013899803161621e-01
5.160992145538330078e-01
4.187494218349456787e-01
4.285464882850646973e-01
4.321045577526092529e-01
4.325942695140838623e-01
3.817862868309020996e-01
3.736276328563690186e-01
3.674161434173583984e-01
3.768956959247589111e-01
3.468700051307678223e-01
3.345310091972351074e-01
3.374247550964355469e-01
3.479282557964324951e-01
3.110368251800537109e-01
2.963636815547943115e-01
2.857228219509124756e-01
2.807027101516723633e-01
6.557468771934509277e-01
6.380216479301452637e-01
5.913761258125305176e-01
5.510668158531188965e-01
5.319879651069641113e-01
4.858209490776062012e-01
4.150829315185546875e-01
3.647163510322570801e-01
3.223770856857299805e-01
4.814174175262451172e-01
4.486831426620483398e-01
5.209643840789794922e-01
5.407194495201110840e-01
4.874245822429656982e-01
4.604322016239166260e-01
5.192885398864746094e-01
5.405970215797424316e-01
4.962252676486968994e-01
4.322469532489776611e-01
3.978864550590515137e-01
3.547881245613098145e-01
0.000000000000000000e+00
1.000000000000000000e+00
0.000000000000000000e+00
0.000000000000000000e+00
1.000000000000000000e+00
0.000000000000000000e+00
0.000000000000000000e+00
0.000000000000000000e+00
0.000000000000000000e+00
0.000000000000000000e+00
0.000000000000000000e+00
0.000000000000000000e+00
0.000000000000000000e+00
0.000000000000000000e+00
0.000000000000000000e+00
0.000000000000000000e+00
0.000000000000000000e+00
0.000000000000000000e+00
0.000000000000000000e+00
0.000000000000000000e+00
0.000000000000000000e+00
0.000000000000000000e+00
0.000000000000000000e+00
0.000000000000000000e+00
0.000000000000000000e+00
0.000000000000000000e+00
0.000000000000000000e+00
0.000000000000000000e+00
0.000000000000000000e+00
0.000000000000000000e+00
0.000000000000000000e+00
0.000000000000000000e+00
0.000000000000000000e+00
0.000000000000000000e+00
0.000000000000000000e+00
0.000000000000000000e+00
0.000000000000000000e+00
0.000000000000000000e+00
0.000000000000000000e+00
0.000000000000000000e+00
0.000000000000000000e+00
0.000000000000000000e+00
0.000000000000000000e+00
0.000000000000000000e+00
0.000000000000000000e+00
0.000000000000000000e+00
0.000000000000000000e+00
0.000000000000000000e+00
0.000000000000000000e+00
0.000000000000000000e+00
0.000000000000000000e+00
0.000000000000000000e+00
0.000000000000000000e+00
