-1.000000000000000000e+00
3.511911034584045410e-01
3.997842669486999512e-01
4.272944331169128418e-01
4.456815123558044434e-01
4.566594958305358887e-01
3.834863901138305664e-01
3.859263062477111816e-01
3.903509974479675293e-01
3.905451595783233643e-01
3.568775355815887451e-01
3.784742951393127441e-01
3.842970430850982666e-01
3.750887215137481689e-01
3.316165208816528320e-01
3.480828404426574707e-01
3.603541553020477295e-01
3.571196496486663818e-01
3.049513399600982666e-01
2.845449149608612061e-01
2.818171977996826172e-01
2.799226045608520508e-01
6.470516324043273926e-01
6.089720726013183594e-01
5.456840395927429199e-01
5.030741691589355469e-01
4.809695184230804443e-01
4.620120227336883545e-01
3.861184716224670410e-01
3.393004536628723145e-01
3.001803159713745117e-01
4.650853276252746582e-01
4.339914917945861816e-01
4.942061901092529297e-01
5.258570909500122070e-01
4.713136255741119385e-01
4.319740235805511475e-01
4.915089011192321777e-01
5.250369906425476074e-01
4.815531671047210693e-01
4.138177037239074707e-01
3.764610588550567627e-01
3.338177800178527832e-01
0.000000000000000000e+00
1.000000000000000000e+00
0.000000000000000000e+00
0.000000000000000000e+00
1.000000000000000000e+00
0.000000000000000000e+00
0.000000000000000000e+00
0.000000000000000000e+00
0.000000000000000000e+00
0.000000000000000000e+00
0.000000000000000000e+00
0.000000000000000000e+00
0.000000000000000000e+00
0.000000000000000000e+00
0.000000000000000000e+00
0.000000000000000000e+00
0.000000000000000000e+00
0.000000000000000000e+00
0.000000000000000000e+00
0.000000000000000000e+00
0.000000000000000000e+00
0.000000000000000000e+00
0.000000000000000000e+00
0.000000000000000000e+00
0.000000000000000000e+00
0.000000000000000000e+00
0.000000000000000000e+00
0.000000000000000000e+00
0.000000000000000000e+00
0.000000000000000000e+00
0.000000000000000000e+00
0.000000000000000000e+00
0.000000000000000000e+00
0.000000000000000000e+00
0.000000000000000000e+00
0.000000000000000000e+00
0.000000000000000000e+00
0.000000000000000000e+00
0.000000000000000000e+00
0.000000000000000000e+00
0.000000000000000000e+00
0.000000000000000000e+00
0.000000000000000000e+00
0.000000000000000000e+00
0.000000000000000000e+00
0.000000000000000000e+00
0.000000000000000000e+00
0.000000000000000000e+00
0.000000000000000000e+00
0.000000000000000000e+00
0.000000000000000000e+00
0.000000000000000000e+00
0.000000000000000000e+00
