1.000000000000000000e+00
4.464308917522430420e-01
4.272583127021789551e-01
4.335199296474456787e-01
4.582343101501464844e-01
4.836886227130889893e-01
4.011573791503906250e-01
4.192714393138885498e-01
4.279409646987915039e-01
4.336493313312530518e-01
4.212995171546936035e-01
4.773296117782592773e-01
4.864619970321655273e-01
4.796962440013885498e-01
4.454659521579742432e-01
4.930467605590820312e-01
4.936655163764953613e-01
4.809249937534332275e-01
4.701738953590393066e-01
4.921183586120605469e-01
5.004098415374755859e-01
5.032165050506591797e-01
6.775705814361572266e-01
6.117724776268005371e-01
5.460414290428161621e-01
5.034857988357543945e-01
4.826588630676269531e-01
5.012908577919006348e-01
4.123274087905883789e-01
3.622267842292785645e-01
3.190224170684814453e-01
5.024593472480773926e-01
4.698620736598968506e-01
4.955168962478637695e-01
5.047106742858886719e-01
5.068044662475585938e-01
4.742581248283386230e-01
5.022210478782653809e-01
5.163205862045288086e-01
5.085365176200866699e-01
4.482597112655639648e-01
4.213977754116058350e-01
3.970693945884704590e-01
0.000000000000000000e+00
1.000000000000000000e+00
0.000000000000000000e+00
0.000000000000000000e+00
1.000000000000000000e+00
0.000000000000000000e+00
0.000000000000000000e+00
0.000000000000000000e+00
0.000000000000000000e+00
0.000000000000000000e+00
0.000000000000000000e+00
0.000000000000000000e+00
0.000000000000000000e+00
0.000000000000000000e+00
0.000000000000000000e+00
0.000000000000000000e+00
0.000000000000000000e+00
0.000000000000000000e+00
0.000000000000000000e+00
0.000000000000000000e+00
0.000000000000000000e+00
0.000000000000000000e+00
0.000000000000000000e+00
0.000000000000000000e+00
0.000000000000000000e+00
0.000000000000000000e+00
0.000000000000000000e+00
0.000000000000000000e+00
0.000000000000000000e+00
0.000000000000000000e+00
0.000000000000000000e+00
0.000000000000000000e+00
0.000000000000000000e+00
0.000000000000000000e+00
0.000000000000000000e+00
0.000000000000000000e+00
0.000000000000000000e+00
0.000000000000000000e+00
0.000000000000000000e+00
0.000000000000000000e+00
0.000000000000000000e+00
0.000000000000000000e+00
0.000000000000000000e+00
0.000000000000000000e+00
0.000000000000000000e+00
0.000000000000000000e+00
0.000000000000000000e+00
0.000000000000000000e+00
0.000000000000000000e+00
0.000000000000000000e+00
0.000000000000000000e+00
0.000000000000000000e+00
0.000000000000000000e+00
