-1.000000000000000000e+00
3.246706128120422363e-01
3.884024024009704590e-01
4.516179561614990234e-01
4.700624048709869385e-01
4.398106932640075684e-01
4.443267881870269775e-01
4.735059142112731934e-01
4.466798007488250732e-01
4.268521368503570557e-01
3.944039940834045410e-01
4.218937754631042480e-01
4.024018645286560059e-01
3.889800608158111572e-01
3.400454223155975342e-01
3.561556935310363770e-01
3.525792956352233887e-01
3.471747040748596191e-01
2.846020758152008057e-01
2.943732738494873047e-01
3.051885962486267090e-01
3.108972311019897461e-01
6.774106025695800781e-01
6.685870289802551270e-01
6.250477433204650879e-01
5.617444515228271484e-01
5.148296356201171875e-01
4.513692259788513184e-01
4.422996640205383301e-01
5.149095058441162109e-01
5.219817757606506348e-01
4.223251938819885254e-01
4.105030298233032227e-01
5.035483241081237793e-01
5.083323121070861816e-01
4.237684309482574463e-01
4.263468980789184570e-01
5.054335594177246094e-01
5.038052797317504883e-01
4.444889724254608154e-01
4.603237509727478027e-01
5.139629244804382324e-01
5.138933658599853516e-01
1.000000000000000000e+00
0.000000000000000000e+00
0.000000000000000000e+00
0.000000000000000000e+00
0.000000000000000000e+00
0.000000000000000000e+00
0.000000000000000000e+00
0.000000000000000000e+00
0.000000000000000000e+00
0.000000000000000000e+00
0.000000000000000000e+00
0.000000000000000000e+00
0.000000000000000000e+00
0.000000000000000000e+00
0.000000000000000000e+00
0.000000000000000000e+00
0.000000000000000000e+00
0.000000000000000000e+00
0.000000000000000000e+00
0.000000000000000000e+00
0.000000000000000000e+00
0.000000000000000000e+00
0.000000000000000000e+00
0.000000000000000000e+00
0.000000000000000000e+00
0.000000000000000000e+00
0.000000000000000000e+00
0.000000000000000000e+00
0.000000000000000000e+00
0.000000000000000000e+00
0.000000000000000000e+00
0.000000000000000000e+00
0.000000000000000000e+00
0.000000000000000000e+00
0.000000000000000000e+00
0.000000000000000000e+00
0.000000000000000000e+00
0.000000000000000000e+00
0.000000000000000000e+00
0.000000000000000000e+00
0.000000000000000000e+00
0.000000000000000000e+00
0.000000000000000000e+00
0.000000000000000000e+00
0.000000000000000000e+00
0.000000000000000000e+00
0.000000000000000000e+00
0.000000000000000000e+00
0.000000000000000000e+00
0.000000000000000000e+00
0.000000000000000000e+00
0.000000000000000000e+00
0.000000000000000000e+00
