-1.000000000000000000e+00
2.477016150951385498e-01
2.966740429401397705e-01
3.190729916095733643e-01
2.816066741943359375e-01
2.402167320251464844e-01
3.461791276931762695e-01
2.936120927333831787e-01
2.916896939277648926e-01
3.125309944152832031e-01
2.937204241752624512e-01
2.458310276269912720e-01
2.520993351936340332e-01
2.743261754512786865e-01
2.456839829683303833e-01
2.019704133272171021e-01
2.132168412208557129e-01
2.389984130859375000e-01
2.002074569463729858e-01
1.707263588905334473e-01
1.834092438220977783e-01
2.055615782737731934e-01
6.279121637344360352e-01
5.708762407302856445e-01
4.820359945297241211e-01
3.993286192417144775e-01
3.481892943382263184e-01
3.706600069999694824e-01
3.095273375511169434e-01
3.906461000442504883e-01
4.173998236656188965e-01
3.666713237762451172e-01
3.151264190673828125e-01
4.054699540138244629e-01
4.174972176551818848e-01
3.766220510005950928e-01
3.378727734088897705e-01
4.221666455268859863e-01
4.321650862693786621e-01
3.962602019309997559e-01
3.803219199180603027e-01
4.363340735435485840e-01
4.464567303657531738e-01
1.000000000000000000e+00
0.000000000000000000e+00
0.000000000000000000e+00
0.000000000000000000e+00
0.000000000000000000e+00
0.000000000000000000e+00
0.000000000000000000e+00
0.000000000000000000e+00
0.000000000000000000e+00
0.000000000000000000e+00
0.000000000000000000e+00
0.000000000000000000e+00
0.000000000000000000e+00
0.000000000000000000e+00
0.000000000000000000e+00
0.000000000000000000e+00
0.000000000000000000e+00
0.000000000000000000e+00
0.000000000000000000e+00
0.000000000000000000e+00
0.000000000000000000e+00
0.000000000000000000e+00
0.000000000000000000e+00
0.000000000000000000e+00
0.000000000000000000e+00
0.000000000000000000e+00
0.000000000000000000e+00
0.000000000000000000e+00
0.000000000000000000e+00
0.000000000000000000e+00
0.000000000000000000e+00
0.000000000000000000e+00
0.000000000000000000e+00
0.000000000000000000e+00
0.000000000000000000e+00
0.000000000000000000e+00
0.000000000000000000e+00
0.000000000000000000e+00
0.000000000000000000e+00
0.000000000000000000e+00
0.000000000000000000e+00
0.000000000000000000e+00
0.000000000000000000e+00
0.000000000000000000e+00
0.000000000000000000e+00
0.000000000000000000e+00
0.000000000000000000e+00
0.000000000000000000e+00
0.000000000000000000e+00
0.000000000000000000e+00
0.000000000000000000e+00
0.000000000000000000e+00
0.000000000000000000e+00
