-1.000000000000000000e+00
2.498608976602554321e-01
3.154425621032714844e-01
3.649062216281890869e-01
3.251010179519653320e-01
2.632500529289245605e-01
3.470402061939239502e-01
3.474868535995483398e-01
3.371188044548034668e-01
3.369014859199523926e-01
2.970238924026489258e-01
2.929562330245971680e-01
2.938453853130340576e-01
2.956355810165405273e-01
2.490993291139602661e-01
2.374055236577987671e-01
2.506565153598785400e-01
2.567835450172424316e-01
1.973853409290313721e-01
1.963255107402801514e-01
2.120315730571746826e-01
2.163295298814773560e-01
6.301478743553161621e-01
5.852935314178466797e-01
4.923485219478607178e-01
4.090529978275299072e-01
3.984910249710083008e-01
4.168134927749633789e-01
3.393552899360656738e-01
4.178160727024078369e-01
4.467237591743469238e-01
4.126866161823272705e-01
3.424756824970245361e-01
4.318385720252990723e-01
4.502558708190917969e-01
4.217286109924316406e-01
3.537948727607727051e-01
4.435742795467376709e-01
4.675051867961883545e-01
4.392258524894714355e-01
3.950045108795166016e-01
4.543819129467010498e-01
4.788628816604614258e-01
1.000000000000000000e+00
0.000000000000000000e+00
0.000000000000000000e+00
0.000000000000000000e+00
0.000000000000000000e+00
0.000000000000000000e+00
0.000000000000000000e+00
0.000000000000000000e+00
0.000000000000000000e+00
0.000000000000000000e+00
0.000000000000000000e+00
0.000000000000000000e+00
0.000000000000000000e+00
0.000000000000000000e+00
0.000000000000000000e+00
0.000000000000000000e+00
0.000000000000000000e+00
0.000000000000000000e+00
0.000000000000000000e+00
0.000000000000000000e+00
0.000000000000000000e+00
0.000000000000000000e+00
0.000000000000000000e+00
0.000000000000000000e+00
0.000000000000000000e+00
0.000000000000000000e+00
0.000000000000000000e+00
0.000000000000000000e+00
0.000000000000000000e+00
0.000000000000000000e+00
0.000000000000000000e+00
0.000000000000000000e+00
0.000000000000000000e+00
0.000000000000000000e+00
0.000000000000000000e+00
0.000000000000000000e+00
0.000000000000000000e+00
0.000000000000000000e+00
0.000000000000000000e+00
0.000000000000000000e+00
0.000000000000000000e+00
0.000000000000000000e+00
0.000000000000000000e+00
0.000000000000000000e+00
0.000000000000000000e+00
0.000000000000000000e+00
0.000000000000000000e+00
0.000000000000000000e+00
0.000000000000000000e+00
0.000000000000000000e+00
0.000000000000000000e+00
0.000000000000000000e+00
0.000000000000000000e+00
