-1.000000000000000000e+00
3.328331410884857178e-01
3.998397588729858398e-01
4.438303709030151367e-01
3.890299201011657715e-01
3.213061094284057617e-01
4.280154407024383545e-01
4.455996155738830566e-01
4.542691111564636230e-01
4.538988173007965088e-01
3.527984917163848877e-01
3.600920140743255615e-01
3.706652224063873291e-01
3.695076107978820801e-01
2.874710857868194580e-01
2.952761948108673096e-01
3.229925334453582764e-01
3.310393095016479492e-01
2.304251939058303833e-01
2.471493184566497803e-01
2.737422585487365723e-01
2.801124453544616699e-01
8.883459568023681641e-01
8.359597325325012207e-01
7.314579486846923828e-01
6.486436724662780762e-01
5.930801033973693848e-01
5.260504484176635742e-01
3.603677153587341309e-01
2.606408298015594482e-01
1.712163984775543213e-01
5.303510427474975586e-01
5.080263018608093262e-01
6.191523075103759766e-01
6.633054018020629883e-01
5.668810606002807617e-01
5.732210874557495117e-01
6.745454668998718262e-01
6.954495906829833984e-01
6.207976937294006348e-01
6.308703422546386719e-01
6.999498009681701660e-01
7.128254175186157227e-01
1.000000000000000000e+00
1.000000000000000000e+00
0.000000000000000000e+00
0.000000000000000000e+00
0.000000000000000000e+00
0.000000000000000000e+00
0.000000000000000000e+00
0.000000000000000000e+00
0.000000000000000000e+00
0.000000000000000000e+00
0.000000000000000000e+00
0.000000000000000000e+00
0.000000000000000000e+00
0.000000000000000000e+00
0.000000000000000000e+00
0.000000000000000000e+00
0.000000000000000000e+00
0.000000000000000000e+00
0.000000000000000000e+00
0.000000000000000000e+00
0.000000000000000000e+00
0.000000000000000000e+00
0.000000000000000000e+00
0.000000000000000000e+00
0.000000000000000000e+00
0.000000000000000000e+00
0.000000000000000000e+00
0.000000000000000000e+00
0.000000000000000000e+00
0.000000000000000000e+00
0.000000000000000000e+00
0.000000000000000000e+00
0.000000000000000000e+00
0.000000000000000000e+00
0.000000000000000000e+00
0.000000000000000000e+00
0.000000000000000000e+00
0.000000000000000000e+00
0.000000000000000000e+00
0.000000000000000000e+00
0.000000000000000000e+00
0.000000000000000000e+00
0.000000000000000000e+00
0.000000000000000000e+00
0.000000000000000000e+00
0.000000000000000000e+00
0.000000000000000000e+00
0.000000000000000000e+00
0.000000000000000000e+00
0.000000000000000000e+00
0.000000000000000000e+00
0.000000000000000000e+00
0.000000000000000000e+00
