-1.000000000000000000e+00
3.363281786441802979e-01
4.155330359935760498e-01
4.739221334457397461e-01
4.542583823204040527e-01
3.936300575733184814e-01
4.202661514282226562e-01
4.342316985130310059e-01
4.405919313430786133e-01
4.401441812515258789e-01
3.531422317028045654e-01
3.959300220012664795e-01
4.081181287765502930e-01
4.016492366790771484e-01
2.966917753219604492e-01
3.420758247375488281e-01
3.636707663536071777e-01
3.646977841854095459e-01
2.485435307025909424e-01
2.928664684295654297e-01
3.128359913825988770e-01
3.129290044307708740e-01
8.851821422576904297e-01
8.247503042221069336e-01
7.285997867584228516e-01
6.464107036590576172e-01
6.042070388793945312e-01
5.360071063041687012e-01
3.750244379043579102e-01
2.774735987186431885e-01
1.929891705513000488e-01
5.357685089111328125e-01
5.190665125846862793e-01
6.050415039062500000e-01
6.513292789459228516e-01
5.697735548019409180e-01
5.798311233520507812e-01
6.467989683151245117e-01
6.679992675781250000e-01
6.225323081016540527e-01
6.564987301826477051e-01
6.989182829856872559e-01
7.035057544708251953e-01
1.000000000000000000e+00
1.000000000000000000e+00
0.000000000000000000e+00
0.000000000000000000e+00
0.000000000000000000e+00
0.000000000000000000e+00
0.000000000000000000e+00
0.000000000000000000e+00
0.000000000000000000e+00
0.000000000000000000e+00
0.000000000000000000e+00
0.000000000000000000e+00
0.000000000000000000e+00
0.000000000000000000e+00
0.000000000000000000e+00
0.000000000000000000e+00
0.000000000000000000e+00
0.000000000000000000e+00
0.000000000000000000e+00
0.000000000000000000e+00
0.000000000000000000e+00
0.000000000000000000e+00
0.000000000000000000e+00
0.000000000000000000e+00
0.000000000000000000e+00
0.000000000000000000e+00
0.000000000000000000e+00
0.000000000000000000e+00
0.000000000000000000e+00
0.000000000000000000e+00
0.000000000000000000e+00
0.000000000000000000e+00
0.000000000000000000e+00
0.000000000000000000e+00
0.000000000000000000e+00
0.000000000000000000e+00
0.000000000000000000e+00
0.000000000000000000e+00
0.000000000000000000e+00
0.000000000000000000e+00
0.000000000000000000e+00
0.000000000000000000e+00
0.000000000000000000e+00
0.000000000000000000e+00
0.000000000000000000e+00
0.000000000000000000e+00
0.000000000000000000e+00
0.000000000000000000e+00
0.000000000000000000e+00
0.000000000000000000e+00
0.000000000000000000e+00
0.000000000000000000e+00
0.000000000000000000e+00
