-1.000000000000000000e+00
3.591189086437225342e-01
4.441655874252319336e-01
4.778953194618225098e-01
5.050590634346008301e-01
5.244129300117492676e-01
3.634892404079437256e-01
3.978312611579895020e-01
4.125909805297851562e-01
4.202255904674530029e-01
3.407588303089141846e-01
4.707055091857910156e-01
4.779529571533203125e-01
4.492482542991638184e-01
3.459830880165100098e-01
4.805742800235748291e-01
4.746427536010742188e-01
4.413271248340606689e-01
3.676689267158508301e-01
4.742725789546966553e-01
4.693417549133300781e-01
4.400281608104705811e-01
8.402771949768066406e-01
7.301708459854125977e-01
6.340754032135009766e-01
5.743072032928466797e-01
5.588262677192687988e-01
5.064840316772460938e-01
3.921929895877838135e-01
3.083192110061645508e-01
2.373354732990264893e-01
5.380562543869018555e-01
5.186796188354492188e-01
5.844448208808898926e-01
6.071587204933166504e-01
5.973985195159912109e-01
6.007316112518310547e-01
6.562922596931457520e-01
6.677101254463195801e-01
6.612794995307922363e-01
6.721860170364379883e-01
7.137299776077270508e-01
7.231873869895935059e-01
0.000000000000000000e+00
1.000000000000000000e+00
0.000000000000000000e+00
0.000000000000000000e+00
0.000000000000000000e+00
0.000000000000000000e+00
0.000000000000000000e+00
0.000000000000000000e+00
0.000000000000000000e+00
0.000000000000000000e+00
0.000000000000000000e+00
0.000000000000000000e+00
0.000000000000000000e+00
0.000000000000000000e+00
0.000000000000000000e+00
0.000000000000000000e+00
0.000000000000000000e+00
0.000000000000000000e+00
0.000000000000000000e+00
0.000000000000000000e+00
0.000000000000000000e+00
0.000000000000000000e+00
0.000000000000000000e+00
0.000000000000000000e+00
0.000000000000000000e+00
0.000000000000000000e+00
0.000000000000000000e+00
0.000000000000000000e+00
0.000000000000000000e+00
0.000000000000000000e+00
0.000000000000000000e+00
0.000000000000000000e+00
0.000000000000000000e+00
0.000000000000000000e+00
0.000000000000000000e+00
0.000000000000000000e+00
0.000000000000000000e+00
0.000000000000000000e+00
0.000000000000000000e+00
0.000000000000000000e+00
0.000000000000000000e+00
0.000000000000000000e+00
0.000000000000000000e+00
0.000000000000000000e+00
0.000000000000000000e+00
0.000000000000000000e+00
0.000000000000000000e+00
0.000000000000000000e+00
0.000000000000000000e+00
0.000000000000000000e+00
0.000000000000000000e+00
0.000000000000000000e+00
0.000000000000000000e+00
