-1.000000000000000000e+00
3.698234856128692627e-01
4.327137470245361328e-01
4.711048007011413574e-01
4.408906102180480957e-01
4.020188152790069580e-01
4.230437874794006348e-01
4.282602369785308838e-01
4.300156533718109131e-01
4.270403981208801270e-01
3.640448749065399170e-01
3.761280477046966553e-01
3.985150456428527832e-01
4.093882441520690918e-01
3.140920102596282959e-01
3.281315863132476807e-01
3.639596700668334961e-01
3.836706280708312988e-01
2.698708772659301758e-01
2.882050275802612305e-01
3.160021901130676270e-01
3.302375972270965576e-01
8.451869487762451172e-01
7.790125012397766113e-01
6.840884089469909668e-01
6.177422404289245605e-01
5.647146701812744141e-01
5.178141593933105469e-01
3.721205890178680420e-01
2.794376611709594727e-01
2.020336687564849854e-01
5.325086712837219238e-01
4.950821995735168457e-01
5.547758936882019043e-01
5.945940017700195312e-01
5.724725127220153809e-01
5.570274591445922852e-01
5.985532402992248535e-01
6.143127083778381348e-01
6.271730065345764160e-01
6.249824166297912598e-01
6.619156599044799805e-01
6.759480834007263184e-01
1.000000000000000000e+00
1.000000000000000000e+00
0.000000000000000000e+00
0.000000000000000000e+00
0.000000000000000000e+00
0.000000000000000000e+00
0.000000000000000000e+00
0.000000000000000000e+00
0.000000000000000000e+00
0.000000000000000000e+00
0.000000000000000000e+00
0.000000000000000000e+00
0.000000000000000000e+00
0.000000000000000000e+00
0.000000000000000000e+00
0.000000000000000000e+00
0.000000000000000000e+00
0.000000000000000000e+00
0.000000000000000000e+00
0.000000000000000000e+00
0.000000000000000000e+00
0.000000000000000000e+00
0.000000000000000000e+00
0.000000000000000000e+00
0.000000000000000000e+00
0.000000000000000000e+00
0.000000000000000000e+00
0.000000000000000000e+00
0.000000000000000000e+00
0.000000000000000000e+00
0.000000000000000000e+00
0.000000000000000000e+00
0.000000000000000000e+00
0.000000000000000000e+00
0.000000000000000000e+00
0.000000000000000000e+00
0.000000000000000000e+00
0.000000000000000000e+00
0.000000000000000000e+00
0.000000000000000000e+00
0.000000000000000000e+00
0.000000000000000000e+00
0.000000000000000000e+00
0.000000000000000000e+00
0.000000000000000000e+00
0.000000000000000000e+00
0.000000000000000000e+00
0.000000000000000000e+00
0.000000000000000000e+00
0.000000000000000000e+00
0.000000000000000000e+00
0.000000000000000000e+00
0.000000000000000000e+00
