-1.000000000000000000e+00
3.565859794616699219e-01
4.113267064094543457e-01
4.381430745124816895e-01
3.798597455024719238e-01
3.220988810062408447e-01
4.292081892490386963e-01
4.382199347019195557e-01
4.424973428249359131e-01
4.405708909034729004e-01
3.654594421386718750e-01
3.613019585609436035e-01
3.705366253852844238e-01
3.735984861850738525e-01
3.099797368049621582e-01
3.060189187526702881e-01
3.319241404533386230e-01
3.426474928855895996e-01
2.620912492275238037e-01
2.673218548297882080e-01
2.914879322052001953e-01
2.972509264945983887e-01
8.383144140243530273e-01
7.779007554054260254e-01
6.756047010421752930e-01
6.023843288421630859e-01
5.522856712341308594e-01
5.001913309097290039e-01
3.571491241455078125e-01
2.696817219257354736e-01
1.927492320537567139e-01
5.138733386993408203e-01
4.738231301307678223e-01
5.743229389190673828e-01
6.161600947380065918e-01
5.544177889823913574e-01
5.421015620231628418e-01
6.343519687652587891e-01
6.522834300994873047e-01
6.108665466308593750e-01
6.076615452766418457e-01
6.678010225296020508e-01
6.781878471374511719e-01
1.000000000000000000e+00
1.000000000000000000e+00
0.000000000000000000e+00
0.000000000000000000e+00
0.000000000000000000e+00
0.000000000000000000e+00
0.000000000000000000e+00
0.000000000000000000e+00
0.000000000000000000e+00
0.000000000000000000e+00
0.000000000000000000e+00
0.000000000000000000e+00
0.000000000000000000e+00
0.000000000000000000e+00
0.000000000000000000e+00
0.000000000000000000e+00
0.000000000000000000e+00
0.000000000000000000e+00
0.000000000000000000e+00
0.000000000000000000e+00
0.000000000000000000e+00
0.000000000000000000e+00
0.000000000000000000e+00
0.000000000000000000e+00
0.000000000000000000e+00
0.000000000000000000e+00
0.000000000000000000e+00
0.000000000000000000e+00
0.000000000000000000e+00
0.000000000000000000e+00
0.000000000000000000e+00
0.000000000000000000e+00
0.000000000000000000e+00
0.000000000000000000e+00
0.000000000000000000e+00
0.000000000000000000e+00
0.000000000000000000e+00
0.000000000000000000e+00
0.000000000000000000e+00
0.000000000000000000e+00
0.000000000000000000e+00
0.000000000000000000e+00
0.000000000000000000e+00
0.000000000000000000e+00
0.000000000000000000e+00
0.000000000000000000e+00
0.000000000000000000e+00
0.000000000000000000e+00
0.000000000000000000e+00
0.000000000000000000e+00
0.000000000000000000e+00
0.000000000000000000e+00
0.000000000000000000e+00
