-1.000000000000000000e+00
3.749112188816070557e-01
4.201186597347259521e-01
4.288879930973052979e-01
3.612228929996490479e-01
3.034012913703918457e-01
4.471264481544494629e-01
4.515497088432312012e-01
4.523214101791381836e-01
4.501131176948547363e-01
3.880875408649444580e-01
3.536328673362731934e-01
3.593210279941558838e-01
3.806786537170410156e-01
3.341313004493713379e-01
2.990297377109527588e-01
3.184433281421661377e-01
3.458718061447143555e-01
2.919867038726806641e-01
2.598373591899871826e-01
2.810982465744018555e-01
3.057188987731933594e-01
8.578232526779174805e-01
8.126215338706970215e-01
7.171027660369873047e-01
6.399180293083190918e-01
5.720749497413635254e-01
5.202323198318481445e-01
3.754953742027282715e-01
2.813121974468231201e-01
2.022870779037475586e-01
5.273703336715698242e-01
4.950379729270935059e-01
5.969369411468505859e-01
6.458864212036132812e-01
5.540726184844970703e-01
5.567057132720947266e-01
6.502921581268310547e-01
6.701620221138000488e-01
5.933945178985595703e-01
5.829840302467346191e-01
6.481218338012695312e-01
6.735068559646606445e-01
1.000000000000000000e+00
1.000000000000000000e+00
0.000000000000000000e+00
0.000000000000000000e+00
0.000000000000000000e+00
0.000000000000000000e+00
0.000000000000000000e+00
0.000000000000000000e+00
0.000000000000000000e+00
0.000000000000000000e+00
0.000000000000000000e+00
0.000000000000000000e+00
0.000000000000000000e+00
0.000000000000000000e+00
0.000000000000000000e+00
0.000000000000000000e+00
0.000000000000000000e+00
0.000000000000000000e+00
0.000000000000000000e+00
0.000000000000000000e+00
0.000000000000000000e+00
0.000000000000000000e+00
0.000000000000000000e+00
0.000000000000000000e+00
0.000000000000000000e+00
0.000000000000000000e+00
0.000000000000000000e+00
0.000000000000000000e+00
0.000000000000000000e+00
0.000000000000000000e+00
0.000000000000000000e+00
0.000000000000000000e+00
0.000000000000000000e+00
0.000000000000000000e+00
0.000000000000000000e+00
0.000000000000000000e+00
0.000000000000000000e+00
0.000000000000000000e+00
0.000000000000000000e+00
0.000000000000000000e+00
0.000000000000000000e+00
0.000000000000000000e+00
0.000000000000000000e+00
0.000000000000000000e+00
0.000000000000000000e+00
0.000000000000000000e+00
0.000000000000000000e+00
0.000000000000000000e+00
0.000000000000000000e+00
0.000000000000000000e+00
0.000000000000000000e+00
0.000000000000000000e+00
0.000000000000000000e+00
