-1.000000000000000000e+00
3.624522984027862549e-01
4.163029491901397705e-01
4.363994002342224121e-01
3.710146248340606689e-01
3.074069321155548096e-01
4.407267272472381592e-01
4.416540861129760742e-01
4.431810677051544189e-01
4.403806328773498535e-01
3.791513741016387939e-01
3.583357632160186768e-01
3.677444458007812500e-01
3.803722858428955078e-01
3.255425095558166504e-01
2.999393343925476074e-01
3.239225447177886963e-01
3.458471894264221191e-01
2.816756665706634521e-01
2.666367292404174805e-01
2.888180315494537354e-01
3.078792691230773926e-01
8.362021446228027344e-01
7.818239927291870117e-01
6.805527806282043457e-01
6.020662784576416016e-01
5.509248971939086914e-01
5.029149651527404785e-01
3.604250848293304443e-01
2.724046111106872559e-01
1.978274583816528320e-01
5.111580491065979004e-01
4.706326723098754883e-01
5.659202337265014648e-01
6.106799840927124023e-01
5.435505509376525879e-01
5.373515486717224121e-01
6.244047284126281738e-01
6.428709030151367188e-01
5.880704522132873535e-01
5.943890810012817383e-01
6.569674015045166016e-01
6.702555418014526367e-01
1.000000000000000000e+00
1.000000000000000000e+00
0.000000000000000000e+00
0.000000000000000000e+00
0.000000000000000000e+00
0.000000000000000000e+00
0.000000000000000000e+00
0.000000000000000000e+00
0.000000000000000000e+00
0.000000000000000000e+00
0.000000000000000000e+00
0.000000000000000000e+00
0.000000000000000000e+00
0.000000000000000000e+00
0.000000000000000000e+00
0.000000000000000000e+00
0.000000000000000000e+00
0.000000000000000000e+00
0.000000000000000000e+00
0.000000000000000000e+00
0.000000000000000000e+00
0.000000000000000000e+00
0.000000000000000000e+00
0.000000000000000000e+00
0.000000000000000000e+00
0.000000000000000000e+00
0.000000000000000000e+00
0.000000000000000000e+00
0.000000000000000000e+00
0.000000000000000000e+00
0.000000000000000000e+00
0.000000000000000000e+00
0.000000000000000000e+00
0.000000000000000000e+00
0.000000000000000000e+00
0.000000000000000000e+00
0.000000000000000000e+00
0.000000000000000000e+00
0.000000000000000000e+00
0.000000000000000000e+00
0.000000000000000000e+00
0.000000000000000000e+00
0.000000000000000000e+00
0.000000000000000000e+00
0.000000000000000000e+00
0.000000000000000000e+00
0.000000000000000000e+00
0.000000000000000000e+00
0.000000000000000000e+00
0.000000000000000000e+00
0.000000000000000000e+00
0.000000000000000000e+00
0.000000000000000000e+00
