-1.000000000000000000e+00
2.944969832897186279e-01
3.523480594158172607e-01
3.908314108848571777e-01
3.642414808273315430e-01
3.092676103115081787e-01
3.237515389919281006e-01
3.255063593387603760e-01
3.261885643005371094e-01
3.206311464309692383e-01
2.640846967697143555e-01
3.052504062652587891e-01
3.248424232006072998e-01
3.180617094039916992e-01
2.206180989742279053e-01
2.675259411334991455e-01
2.903653979301452637e-01
2.845564782619476318e-01
1.891101300716400146e-01
2.410980761051177979e-01
2.594556212425231934e-01
2.500617802143096924e-01
8.483937978744506836e-01
7.798613309860229492e-01
6.802598237991333008e-01
6.112492680549621582e-01
5.897333621978759766e-01
5.335124135017395020e-01
4.035518169403076172e-01
3.240235745906829834e-01
2.534758150577545166e-01
5.455293655395507812e-01
5.317025184631347656e-01
5.987886190414428711e-01
6.328715085983276367e-01
5.875337123870849609e-01
5.957356095314025879e-01
6.460787057876586914e-01
6.583571434020996094e-01
6.444708108901977539e-01
6.630097627639770508e-01
6.960490942001342773e-01
6.977129578590393066e-01
1.000000000000000000e+00
1.000000000000000000e+00
0.000000000000000000e+00
0.000000000000000000e+00
0.000000000000000000e+00
0.000000000000000000e+00
0.000000000000000000e+00
0.000000000000000000e+00
0.000000000000000000e+00
0.000000000000000000e+00
0.000000000000000000e+00
0.000000000000000000e+00
0.000000000000000000e+00
0.000000000000000000e+00
0.000000000000000000e+00
0.000000000000000000e+00
0.000000000000000000e+00
0.000000000000000000e+00
0.000000000000000000e+00
0.000000000000000000e+00
0.000000000000000000e+00
0.000000000000000000e+00
0.000000000000000000e+00
0.000000000000000000e+00
0.000000000000000000e+00
0.000000000000000000e+00
0.000000000000000000e+00
0.000000000000000000e+00
0.000000000000000000e+00
0.000000000000000000e+00
0.000000000000000000e+00
0.000000000000000000e+00
0.000000000000000000e+00
0.000000000000000000e+00
0.000000000000000000e+00
0.000000000000000000e+00
0.000000000000000000e+00
0.000000000000000000e+00
0.000000000000000000e+00
0.000000000000000000e+00
0.000000000000000000e+00
0.000000000000000000e+00
0.000000000000000000e+00
0.000000000000000000e+00
0.000000000000000000e+00
0.000000000000000000e+00
0.000000000000000000e+00
0.000000000000000000e+00
0.000000000000000000e+00
0.000000000000000000e+00
0.000000000000000000e+00
0.000000000000000000e+00
0.000000000000000000e+00
