-1.000000000000000000e+00
2.208257764577865601e-01
2.682970464229583740e-01
2.895492017269134521e-01
2.452538013458251953e-01
1.948049664497375488e-01
2.884585261344909668e-01
3.075183629989624023e-01
3.157689273357391357e-01
3.172824382781982422e-01
2.283003181219100952e-01
2.210370451211929321e-01
2.356611639261245728e-01
2.494247406721115112e-01
1.757837682962417603e-01
1.707691103219985962e-01
1.972798854112625122e-01
2.187316417694091797e-01
1.303419172763824463e-01
1.294844746589660645e-01
1.557060033082962036e-01
1.818324178457260132e-01
8.884024024009704590e-01
8.116444945335388184e-01
7.221053838729858398e-01
6.544314622879028320e-01
6.270567178726196289e-01
5.800517797470092773e-01
4.378521740436553955e-01
3.502137660980224609e-01
2.805725336074829102e-01
5.942903757095336914e-01
5.434429645538330078e-01
6.139688491821289062e-01
6.647724509239196777e-01
6.306341886520385742e-01
6.109232902526855469e-01
6.687274575233459473e-01
7.000299692153930664e-01
6.793150901794433594e-01
6.491123437881469727e-01
6.690649986267089844e-01
6.788020133972167969e-01
1.000000000000000000e+00
1.000000000000000000e+00
0.000000000000000000e+00
0.000000000000000000e+00
0.000000000000000000e+00
0.000000000000000000e+00
0.000000000000000000e+00
0.000000000000000000e+00
0.000000000000000000e+00
0.000000000000000000e+00
0.000000000000000000e+00
0.000000000000000000e+00
0.000000000000000000e+00
0.000000000000000000e+00
0.000000000000000000e+00
0.000000000000000000e+00
0.000000000000000000e+00
0.000000000000000000e+00
0.000000000000000000e+00
0.000000000000000000e+00
0.000000000000000000e+00
0.000000000000000000e+00
0.000000000000000000e+00
0.000000000000000000e+00
0.000000000000000000e+00
0.000000000000000000e+00
0.000000000000000000e+00
0.000000000000000000e+00
0.000000000000000000e+00
0.000000000000000000e+00
0.000000000000000000e+00
0.000000000000000000e+00
0.000000000000000000e+00
0.000000000000000000e+00
0.000000000000000000e+00
0.000000000000000000e+00
0.000000000000000000e+00
0.000000000000000000e+00
0.000000000000000000e+00
0.000000000000000000e+00
0.000000000000000000e+00
0.000000000000000000e+00
0.000000000000000000e+00
0.000000000000000000e+00
0.000000000000000000e+00
0.000000000000000000e+00
0.000000000000000000e+00
0.000000000000000000e+00
0.000000000000000000e+00
0.000000000000000000e+00
0.000000000000000000e+00
0.000000000000000000e+00
0.000000000000000000e+00
