-1.000000000000000000e+00
2.653908133506774902e-01
3.273023366928100586e-01
3.515636622905731201e-01
3.026858866214752197e-01
2.485738843679428101e-01
3.470169901847839355e-01
3.785358369350433350e-01
3.930196762084960938e-01
3.995729386806488037e-01
2.817132472991943359e-01
2.713833451271057129e-01
2.759190201759338379e-01
2.863051891326904297e-01
2.240972667932510376e-01
2.115323096513748169e-01
2.320504188537597656e-01
2.547976076602935791e-01
1.756780445575714111e-01
1.676936000585556030e-01
1.874136030673980713e-01
2.096391469240188599e-01
9.167290925979614258e-01
8.431406021118164062e-01
7.580166459083557129e-01
6.991770267486572266e-01
6.650612354278564453e-01
5.902761816978454590e-01
4.403338134288787842e-01
3.398798108100891113e-01
2.603029310703277588e-01
5.886956453323364258e-01
5.653473734855651855e-01
6.433496475219726562e-01
6.942655444145202637e-01
6.146569252014160156e-01
6.344264745712280273e-01
7.038430571556091309e-01
7.348710298538208008e-01
6.552954912185668945e-01
6.679053902626037598e-01
7.186912894248962402e-01
7.430053353309631348e-01
1.000000000000000000e+00
1.000000000000000000e+00
0.000000000000000000e+00
0.000000000000000000e+00
0.000000000000000000e+00
0.000000000000000000e+00
0.000000000000000000e+00
0.000000000000000000e+00
0.000000000000000000e+00
0.000000000000000000e+00
0.000000000000000000e+00
0.000000000000000000e+00
0.000000000000000000e+00
0.000000000000000000e+00
0.000000000000000000e+00
0.000000000000000000e+00
0.000000000000000000e+00
0.000000000000000000e+00
0.000000000000000000e+00
0.000000000000000000e+00
0.000000000000000000e+00
0.000000000000000000e+00
0.000000000000000000e+00
0.000000000000000000e+00
0.000000000000000000e+00
0.000000000000000000e+00
0.000000000000000000e+00
0.000000000000000000e+00
0.000000000000000000e+00
0.000000000000000000e+00
0.000000000000000000e+00
0.000000000000000000e+00
0.000000000000000000e+00
0.000000000000000000e+00
0.000000000000000000e+00
0.000000000000000000e+00
0.000000000000000000e+00
0.000000000000000000e+00
0.000000000000000000e+00
0.000000000000000000e+00
0.000000000000000000e+00
0.000000000000000000e+00
0.000000000000000000e+00
0.000000000000000000e+00
0.000000000000000000e+00
0.000000000000000000e+00
0.000000000000000000e+00
0.000000000000000000e+00
0.000000000000000000e+00
0.000000000000000000e+00
0.000000000000000000e+00
0.000000000000000000e+00
0.000000000000000000e+00
