1.000000000000000000e+00
3.078315854072570801e-01
3.286497890949249268e-01
3.191955983638763428e-01
3.093748092651367188e-01
3.195091485977172852e-01
2.282148301601409912e-01
1.886617243289947510e-01
2.289368659257888794e-01
2.473905980587005615e-01
1.916566044092178345e-01
1.576925814151763916e-01
2.182215154170989990e-01
2.319990545511245728e-01
1.663296967744827271e-01
1.257317066192626953e-01
1.808083057403564453e-01
2.071423977613449097e-01
1.458512544631958008e-01
8.224181830883026123e-02
4.313768446445465088e-02
1.896321773529052734e-04
6.968277096748352051e-01
5.886675119400024414e-01
4.787575602531433105e-01
3.820690810680389404e-01
3.201091289520263672e-01
4.634577631950378418e-01
4.373863935470581055e-01
4.844078421592712402e-01
4.983612895011901855e-01
5.131670236587524414e-01
4.985967576503753662e-01
5.506899356842041016e-01
5.356921553611755371e-01
5.668052434921264648e-01
5.507488846778869629e-01
5.843120813369750977e-01
5.804124474525451660e-01
6.211757063865661621e-01
6.084756851196289062e-01
6.079218983650207520e-01
5.931482315063476562e-01
0.000000000000000000e+00
0.000000000000000000e+00
0.000000000000000000e+00
0.000000000000000000e+00
1.000000000000000000e+00
0.000000000000000000e+00
0.000000000000000000e+00
0.000000000000000000e+00
0.000000000000000000e+00
0.000000000000000000e+00
0.000000000000000000e+00
0.000000000000000000e+00
0.000000000000000000e+00
0.000000000000000000e+00
0.000000000000000000e+00
0.000000000000000000e+00
0.000000000000000000e+00
0.000000000000000000e+00
0.000000000000000000e+00
0.000000000000000000e+00
0.000000000000000000e+00
0.000000000000000000e+00
0.000000000000000000e+00
0.000000000000000000e+00
0.000000000000000000e+00
0.000000000000000000e+00
0.000000000000000000e+00
0.000000000000000000e+00
0.000000000000000000e+00
0.000000000000000000e+00
0.000000000000000000e+00
0.000000000000000000e+00
0.000000000000000000e+00
0.000000000000000000e+00
0.000000000000000000e+00
0.000000000000000000e+00
0.000000000000000000e+00
0.000000000000000000e+00
0.000000000000000000e+00
0.000000000000000000e+00
0.000000000000000000e+00
0.000000000000000000e+00
0.000000000000000000e+00
0.000000000000000000e+00
0.000000000000000000e+00
0.000000000000000000e+00
0.000000000000000000e+00
0.000000000000000000e+00
0.000000000000000000e+00
0.000000000000000000e+00
0.000000000000000000e+00
0.000000000000000000e+00
0.000000000000000000e+00
