1.000000000000000000e+00
4.250527322292327881e-01
4.523944854736328125e-01
4.502013027667999268e-01
4.437832236289978027e-01
4.508125782012939453e-01
3.436272442340850830e-01
3.171119689941406250e-01
3.575837910175323486e-01
3.767201900482177734e-01
3.064847886562347412e-01
2.911342084407806396e-01
3.460594415664672852e-01
3.599720597267150879e-01
2.800211012363433838e-01
2.594384253025054932e-01
3.150104582309722900e-01
3.388307094573974609e-01
2.566437125205993652e-01
1.853829622268676758e-01
1.416980177164077759e-01
9.734095633029937744e-02
7.053588628768920898e-01
5.941938161849975586e-01
4.829328060150146484e-01
3.924351334571838379e-01
3.255659043788909912e-01
4.642881155014038086e-01
4.558873772621154785e-01
5.022439360618591309e-01
5.095288157463073730e-01
5.112736821174621582e-01
5.190230011940002441e-01
5.627475976943969727e-01
5.525805950164794922e-01
5.652035474777221680e-01
5.752997398376464844e-01
6.053059697151184082e-01
6.021910905838012695e-01
6.214929819107055664e-01
6.150385141372680664e-01
6.142752170562744141e-01
5.995702743530273438e-01
0.000000000000000000e+00
0.000000000000000000e+00
0.000000000000000000e+00
0.000000000000000000e+00
1.000000000000000000e+00
0.000000000000000000e+00
0.000000000000000000e+00
0.000000000000000000e+00
0.000000000000000000e+00
0.000000000000000000e+00
0.000000000000000000e+00
0.000000000000000000e+00
0.000000000000000000e+00
0.000000000000000000e+00
0.000000000000000000e+00
0.000000000000000000e+00
0.000000000000000000e+00
0.000000000000000000e+00
0.000000000000000000e+00
0.000000000000000000e+00
0.000000000000000000e+00
0.000000000000000000e+00
0.000000000000000000e+00
0.000000000000000000e+00
0.000000000000000000e+00
0.000000000000000000e+00
0.000000000000000000e+00
0.000000000000000000e+00
0.000000000000000000e+00
0.000000000000000000e+00
0.000000000000000000e+00
0.000000000000000000e+00
0.000000000000000000e+00
0.000000000000000000e+00
0.000000000000000000e+00
0.000000000000000000e+00
0.000000000000000000e+00
0.000000000000000000e+00
0.000000000000000000e+00
0.000000000000000000e+00
0.000000000000000000e+00
0.000000000000000000e+00
0.000000000000000000e+00
0.000000000000000000e+00
0.000000000000000000e+00
0.000000000000000000e+00
0.000000000000000000e+00
0.000000000000000000e+00
0.000000000000000000e+00
0.000000000000000000e+00
0.000000000000000000e+00
0.000000000000000000e+00
0.000000000000000000e+00
