1.000000000000000000e+00
4.401972889900207520e-01
4.953501522541046143e-01
5.152819752693176270e-01
5.320745706558227539e-01
5.589011907577514648e-01
4.311314821243286133e-01
4.111550450325012207e-01
4.370165169239044189e-01
4.423533976078033447e-01
3.827392458915710449e-01
3.642486035823822021e-01
4.065562486648559570e-01
4.135285913944244385e-01
3.419555425643920898e-01
3.164257109165191650e-01
3.643312156200408936e-01
3.855198621749877930e-01
3.045352697372436523e-01
2.443469613790512085e-01
2.062154710292816162e-01
1.647019684314727783e-01
6.929440498352050781e-01
6.047680974006652832e-01
4.887116253376007080e-01
3.912529945373535156e-01
3.381592333316802979e-01
4.352940320968627930e-01
3.917104005813598633e-01
4.585061073303222656e-01
4.784790873527526855e-01
4.649896323680877686e-01
4.295963346958160400e-01
5.104570984840393066e-01
5.084661245346069336e-01
5.017147064208984375e-01
4.648488461971282959e-01
5.278643369674682617e-01
5.452702641487121582e-01
5.386955142021179199e-01
4.883631467819213867e-01
4.661951661109924316e-01
4.276409745216369629e-01
0.000000000000000000e+00
0.000000000000000000e+00
0.000000000000000000e+00
0.000000000000000000e+00
1.000000000000000000e+00
0.000000000000000000e+00
0.000000000000000000e+00
0.000000000000000000e+00
0.000000000000000000e+00
0.000000000000000000e+00
0.000000000000000000e+00
0.000000000000000000e+00
0.000000000000000000e+00
0.000000000000000000e+00
0.000000000000000000e+00
0.000000000000000000e+00
0.000000000000000000e+00
0.000000000000000000e+00
0.000000000000000000e+00
0.000000000000000000e+00
0.000000000000000000e+00
0.000000000000000000e+00
0.000000000000000000e+00
0.000000000000000000e+00
0.000000000000000000e+00
0.000000000000000000e+00
0.000000000000000000e+00
0.000000000000000000e+00
0.000000000000000000e+00
0.000000000000000000e+00
0.000000000000000000e+00
0.000000000000000000e+00
0.000000000000000000e+00
0.000000000000000000e+00
0.000000000000000000e+00
0.000000000000000000e+00
0.000000000000000000e+00
0.000000000000000000e+00
0.000000000000000000e+00
0.000000000000000000e+00
0.000000000000000000e+00
0.000000000000000000e+00
0.000000000000000000e+00
0.000000000000000000e+00
0.000000000000000000e+00
0.000000000000000000e+00
0.000000000000000000e+00
0.000000000000000000e+00
0.000000000000000000e+00
0.000000000000000000e+00
0.000000000000000000e+00
0.000000000000000000e+00
0.000000000000000000e+00
