1.000000000000000000e+00
4.376941323280334473e-01
4.919003844261169434e-01
5.096392035484313965e-01
5.253598093986511230e-01
5.488576889038085938e-01
4.273152053356170654e-01
4.050775170326232910e-01
4.324670135974884033e-01
4.378495216369628906e-01
3.795617818832397461e-01
3.588212728500366211e-01
4.029802381992340088e-01
4.088062942028045654e-01
3.390303254127502441e-01
3.127446174621582031e-01
3.608708381652832031e-01
3.811229765415191650e-01
3.014987707138061523e-01
2.401765882968902588e-01
2.022957205772399902e-01
1.607634127140045166e-01
6.936444044113159180e-01
6.042316555976867676e-01
4.889913201332092285e-01
3.919955492019653320e-01
3.382194638252258301e-01
4.377049803733825684e-01
3.943480849266052246e-01
4.598761498928070068e-01
4.766993820667266846e-01
4.693338572978973389e-01
4.321475625038146973e-01
5.137957334518432617e-01
5.060994029045104980e-01
5.075155496597290039e-01
4.698913693428039551e-01
5.327440500259399414e-01
5.474963784217834473e-01
5.448335409164428711e-01
4.978403151035308838e-01
4.764892756938934326e-01
4.373330473899841309e-01
0.000000000000000000e+00
0.000000000000000000e+00
0.000000000000000000e+00
0.000000000000000000e+00
1.000000000000000000e+00
0.000000000000000000e+00
0.000000000000000000e+00
0.000000000000000000e+00
0.000000000000000000e+00
0.000000000000000000e+00
0.000000000000000000e+00
0.000000000000000000e+00
0.000000000000000000e+00
0.000000000000000000e+00
0.000000000000000000e+00
0.000000000000000000e+00
0.000000000000000000e+00
0.000000000000000000e+00
0.000000000000000000e+00
0.000000000000000000e+00
0.000000000000000000e+00
0.000000000000000000e+00
0.000000000000000000e+00
0.000000000000000000e+00
0.000000000000000000e+00
0.000000000000000000e+00
0.000000000000000000e+00
0.000000000000000000e+00
0.000000000000000000e+00
0.000000000000000000e+00
0.000000000000000000e+00
0.000000000000000000e+00
0.000000000000000000e+00
0.000000000000000000e+00
0.000000000000000000e+00
0.000000000000000000e+00
0.000000000000000000e+00
0.000000000000000000e+00
0.000000000000000000e+00
0.000000000000000000e+00
0.000000000000000000e+00
0.000000000000000000e+00
0.000000000000000000e+00
0.000000000000000000e+00
0.000000000000000000e+00
0.000000000000000000e+00
0.000000000000000000e+00
0.000000000000000000e+00
0.000000000000000000e+00
0.000000000000000000e+00
0.000000000000000000e+00
0.000000000000000000e+00
0.000000000000000000e+00
