1.000000000000000000e+00
4.392800629138946533e-01
4.910895824432373047e-01
5.054569840431213379e-01
5.195987224578857422e-01
5.427237749099731445e-01
4.223260581493377686e-01
3.961726725101470947e-01
4.246721267700195312e-01
4.329504966735839844e-01
3.755408525466918945e-01
3.520055711269378662e-01
3.970486819744110107e-01
4.058333635330200195e-01
3.359282910823822021e-01
3.063835799694061279e-01
3.549926280975341797e-01
3.769935965538024902e-01
2.992309331893920898e-01
2.348974496126174927e-01
1.970799416303634644e-01
1.559714078903198242e-01
6.969632506370544434e-01
6.061665415763854980e-01
4.916314780712127686e-01
3.974740505218505859e-01
3.442864418029785156e-01
4.432111084461212158e-01
4.010711312294006348e-01
4.660691916942596436e-01
4.825388193130493164e-01
4.754655957221984863e-01
4.428806006908416748e-01
5.206820964813232422e-01
5.145415663719177246e-01
5.149387717247009277e-01
4.815658032894134521e-01
5.387268066406250000e-01
5.502070784568786621e-01
5.543972849845886230e-01
5.112101435661315918e-01
4.894427657127380371e-01
4.511710703372955322e-01
0.000000000000000000e+00
0.000000000000000000e+00
0.000000000000000000e+00
0.000000000000000000e+00
1.000000000000000000e+00
0.000000000000000000e+00
0.000000000000000000e+00
0.000000000000000000e+00
0.000000000000000000e+00
0.000000000000000000e+00
0.000000000000000000e+00
0.000000000000000000e+00
0.000000000000000000e+00
0.000000000000000000e+00
0.000000000000000000e+00
0.000000000000000000e+00
0.000000000000000000e+00
0.000000000000000000e+00
0.000000000000000000e+00
0.000000000000000000e+00
0.000000000000000000e+00
0.000000000000000000e+00
0.000000000000000000e+00
0.000000000000000000e+00
0.000000000000000000e+00
0.000000000000000000e+00
0.000000000000000000e+00
0.000000000000000000e+00
0.000000000000000000e+00
0.000000000000000000e+00
0.000000000000000000e+00
0.000000000000000000e+00
0.000000000000000000e+00
0.000000000000000000e+00
0.000000000000000000e+00
0.000000000000000000e+00
0.000000000000000000e+00
0.000000000000000000e+00
0.000000000000000000e+00
0.000000000000000000e+00
0.000000000000000000e+00
0.000000000000000000e+00
0.000000000000000000e+00
0.000000000000000000e+00
0.000000000000000000e+00
0.000000000000000000e+00
0.000000000000000000e+00
0.000000000000000000e+00
0.000000000000000000e+00
0.000000000000000000e+00
0.000000000000000000e+00
0.000000000000000000e+00
0.000000000000000000e+00
