1.000000000000000000e+00
3.509640693664550781e-01
3.265580832958221436e-01
3.469659984111785889e-01
4.002951085567474365e-01
4.569767117500305176e-01
3.318474590778350830e-01
3.625424504280090332e-01
3.807272017002105713e-01
3.925609290599822998e-01
3.746961653232574463e-01
4.540371298789978027e-01
4.523963928222656250e-01
4.281555414199829102e-01
4.253986477851867676e-01
4.900351762771606445e-01
4.773590862751007080e-01
4.506734013557434082e-01
4.714144170284271240e-01
5.104123353958129883e-01
4.964410066604614258e-01
4.757737219333648682e-01
8.279538154602050781e-01
7.074557542800903320e-01
6.023197174072265625e-01
5.522994995117187500e-01
5.477586984634399414e-01
5.423321127891540527e-01
3.975652158260345459e-01
3.131929934024810791e-01
2.465939223766326904e-01
5.544757843017578125e-01
5.006574392318725586e-01
5.527182817459106445e-01
5.835772156715393066e-01
5.914537906646728516e-01
5.613334178924560547e-01
6.013492941856384277e-01
6.252649426460266113e-01
6.366048455238342285e-01
6.249921917915344238e-01
6.583971977233886719e-01
6.767889857292175293e-01
0.000000000000000000e+00
1.000000000000000000e+00
0.000000000000000000e+00
0.000000000000000000e+00
0.000000000000000000e+00
0.000000000000000000e+00
0.000000000000000000e+00
0.000000000000000000e+00
0.000000000000000000e+00
0.000000000000000000e+00
0.000000000000000000e+00
0.000000000000000000e+00
0.000000000000000000e+00
0.000000000000000000e+00
0.000000000000000000e+00
0.000000000000000000e+00
0.000000000000000000e+00
0.000000000000000000e+00
0.000000000000000000e+00
0.000000000000000000e+00
0.000000000000000000e+00
0.000000000000000000e+00
0.000000000000000000e+00
0.000000000000000000e+00
0.000000000000000000e+00
0.000000000000000000e+00
0.000000000000000000e+00
0.000000000000000000e+00
0.000000000000000000e+00
0.000000000000000000e+00
0.000000000000000000e+00
0.000000000000000000e+00
0.000000000000000000e+00
0.000000000000000000e+00
0.000000000000000000e+00
0.000000000000000000e+00
0.000000000000000000e+00
0.000000000000000000e+00
0.000000000000000000e+00
0.000000000000000000e+00
0.000000000000000000e+00
0.000000000000000000e+00
0.000000000000000000e+00
0.000000000000000000e+00
0.000000000000000000e+00
0.000000000000000000e+00
0.000000000000000000e+00
0.000000000000000000e+00
0.000000000000000000e+00
0.000000000000000000e+00
0.000000000000000000e+00
0.000000000000000000e+00
0.000000000000000000e+00
