-1.000000000000000000e+00
3.552101850509643555e-01
4.108125269412994385e-01
4.374004900455474854e-01
3.777550160884857178e-01
3.192737102508544922e-01
4.290626943111419678e-01
4.380010366439819336e-01
4.426462650299072266e-01
4.406463503837585449e-01
3.643905520439147949e-01
3.613060414791107178e-01
3.716403245925903320e-01
3.738091588020324707e-01
3.083951771259307861e-01
3.067589998245239258e-01
3.342732489109039307e-01
3.443818092346191406e-01
2.600160241127014160e-01
2.681126892566680908e-01
2.929464876651763916e-01
2.977772355079650879e-01
8.381068706512451172e-01
7.775611877441406250e-01
6.737561225891113281e-01
5.982556939125061035e-01
5.480398535728454590e-01
4.999227523803710938e-01
3.566026687622070312e-01
2.702724635601043701e-01
1.932052671909332275e-01
5.129802227020263672e-01
4.717441201210021973e-01
5.711447596549987793e-01
6.123812794685363770e-01
5.535630583763122559e-01
5.401847362518310547e-01
6.318587064743041992e-01
6.501007080078125000e-01
6.096128821372985840e-01
6.051267385482788086e-01
6.640980839729309082e-01
6.740425229072570801e-01
1.000000000000000000e+00
1.000000000000000000e+00
0.000000000000000000e+00
0.000000000000000000e+00
0.000000000000000000e+00
0.000000000000000000e+00
0.000000000000000000e+00
0.000000000000000000e+00
0.000000000000000000e+00
0.000000000000000000e+00
0.000000000000000000e+00
0.000000000000000000e+00
0.000000000000000000e+00
0.000000000000000000e+00
0.000000000000000000e+00
0.000000000000000000e+00
0.000000000000000000e+00
0.000000000000000000e+00
0.000000000000000000e+00
0.000000000000000000e+00
0.000000000000000000e+00
0.000000000000000000e+00
0.000000000000000000e+00
0.000000000000000000e+00
0.000000000000000000e+00
0.000000000000000000e+00
0.000000000000000000e+00
0.000000000000000000e+00
0.000000000000000000e+00
0.000000000000000000e+00
0.000000000000000000e+00
0.000000000000000000e+00
0.000000000000000000e+00
0.000000000000000000e+00
0.000000000000000000e+00
0.000000000000000000e+00
0.000000000000000000e+00
0.000000000000000000e+00
0.000000000000000000e+00
0.000000000000000000e+00
0.000000000000000000e+00
0.000000000000000000e+00
0.000000000000000000e+00
0.000000000000000000e+00
0.000000000000000000e+00
0.000000000000000000e+00
0.000000000000000000e+00
0.000000000000000000e+00
0.000000000000000000e+00
0.000000000000000000e+00
0.000000000000000000e+00
0.000000000000000000e+00
0.000000000000000000e+00
