-1.000000000000000000e+00
3.704715669155120850e-01
4.199130237102508545e-01
4.309142231941223145e-01
3.674743473529815674e-01
3.073481917381286621e-01
4.479837119579315186e-01
4.507408142089843750e-01
4.506298899650573730e-01
4.483245015144348145e-01
3.895429372787475586e-01
3.524779379367828369e-01
3.542583286762237549e-01
3.731198012828826904e-01
3.364983201026916504e-01
2.986976504325866699e-01
3.143162727355957031e-01
3.393451571464538574e-01
2.953603565692901611e-01
2.634151577949523926e-01
2.795284390449523926e-01
3.016458153724670410e-01
8.476563692092895508e-01
7.966808080673217773e-01
7.030318975448608398e-01
6.245805621147155762e-01
5.599087476730346680e-01
5.137551426887512207e-01
3.700461685657501221e-01
2.771279513835906982e-01
1.998678445816040039e-01
5.195479393005371094e-01
4.810986220836639404e-01
5.763897895812988281e-01
6.277787089347839355e-01
5.449517369270324707e-01
5.435604453086853027e-01
6.309863328933715820e-01
6.564449071884155273e-01
5.800446867942810059e-01
5.676532387733459473e-01
6.294934153556823730e-01
6.570102572441101074e-01
1.000000000000000000e+00
1.000000000000000000e+00
0.000000000000000000e+00
0.000000000000000000e+00
0.000000000000000000e+00
0.000000000000000000e+00
0.000000000000000000e+00
0.000000000000000000e+00
0.000000000000000000e+00
0.000000000000000000e+00
0.000000000000000000e+00
0.000000000000000000e+00
0.000000000000000000e+00
0.000000000000000000e+00
0.000000000000000000e+00
0.000000000000000000e+00
0.000000000000000000e+00
0.000000000000000000e+00
0.000000000000000000e+00
0.000000000000000000e+00
0.000000000000000000e+00
0.000000000000000000e+00
0.000000000000000000e+00
0.000000000000000000e+00
0.000000000000000000e+00
0.000000000000000000e+00
0.000000000000000000e+00
0.000000000000000000e+00
0.000000000000000000e+00
0.000000000000000000e+00
0.000000000000000000e+00
0.000000000000000000e+00
0.000000000000000000e+00
0.000000000000000000e+00
0.000000000000000000e+00
0.000000000000000000e+00
0.000000000000000000e+00
0.000000000000000000e+00
0.000000000000000000e+00
0.000000000000000000e+00
0.000000000000000000e+00
0.000000000000000000e+00
0.000000000000000000e+00
0.000000000000000000e+00
0.000000000000000000e+00
0.000000000000000000e+00
0.000000000000000000e+00
0.000000000000000000e+00
0.000000000000000000e+00
0.000000000000000000e+00
0.000000000000000000e+00
0.000000000000000000e+00
0.000000000000000000e+00
