-1.000000000000000000e+00
2.855759859085083008e-01
3.435753583908081055e-01
3.798991143703460693e-01
3.339030146598815918e-01
2.789797782897949219e-01
3.269634246826171875e-01
3.242542743682861328e-01
3.219670057296752930e-01
3.140074908733367920e-01
2.675952315330505371e-01
2.803254425525665283e-01
2.960972785949707031e-01
2.949042916297912598e-01
2.203569263219833374e-01
2.348994612693786621e-01
2.622006237506866455e-01
2.679784595966339111e-01
1.787160634994506836e-01
1.987072974443435669e-01
2.207930386066436768e-01
2.229651659727096558e-01
8.586251735687255859e-01
7.968980073928833008e-01
6.992397904396057129e-01
6.418748497962951660e-01
6.140661835670471191e-01
5.527743101119995117e-01
4.147403240203857422e-01
3.308817744255065918e-01
2.580891251564025879e-01
5.695366263389587402e-01
5.332055687904357910e-01
6.098729968070983887e-01
6.480917334556579590e-01
6.097931861877441406e-01
6.028848290443420410e-01
6.639145612716674805e-01
6.777621507644653320e-01
6.628116369247436523e-01
6.666026115417480469e-01
7.097839713096618652e-01
7.176385521888732910e-01
1.000000000000000000e+00
1.000000000000000000e+00
0.000000000000000000e+00
0.000000000000000000e+00
0.000000000000000000e+00
0.000000000000000000e+00
0.000000000000000000e+00
0.000000000000000000e+00
0.000000000000000000e+00
0.000000000000000000e+00
0.000000000000000000e+00
0.000000000000000000e+00
0.000000000000000000e+00
0.000000000000000000e+00
0.000000000000000000e+00
0.000000000000000000e+00
0.000000000000000000e+00
0.000000000000000000e+00
0.000000000000000000e+00
0.000000000000000000e+00
0.000000000000000000e+00
0.000000000000000000e+00
0.000000000000000000e+00
0.000000000000000000e+00
0.000000000000000000e+00
0.000000000000000000e+00
0.000000000000000000e+00
0.000000000000000000e+00
0.000000000000000000e+00
0.000000000000000000e+00
0.000000000000000000e+00
0.000000000000000000e+00
0.000000000000000000e+00
0.000000000000000000e+00
0.000000000000000000e+00
0.000000000000000000e+00
0.000000000000000000e+00
0.000000000000000000e+00
0.000000000000000000e+00
0.000000000000000000e+00
0.000000000000000000e+00
0.000000000000000000e+00
0.000000000000000000e+00
0.000000000000000000e+00
0.000000000000000000e+00
0.000000000000000000e+00
0.000000000000000000e+00
0.000000000000000000e+00
0.000000000000000000e+00
0.000000000000000000e+00
0.000000000000000000e+00
0.000000000000000000e+00
0.000000000000000000e+00
