-1.000000000000000000e+00
2.891424596309661865e-01
3.482843339443206787e-01
3.722449541091918945e-01
3.230154216289520264e-01
2.660015225410461426e-01
3.721595704555511475e-01
3.994026780128479004e-01
4.131303727626800537e-01
4.220888614654541016e-01
3.102957606315612793e-01
2.979821562767028809e-01
3.001950085163116455e-01
3.122967481613159180e-01
2.550998926162719727e-01
2.412161976099014282e-01
2.541210353374481201e-01
2.726382017135620117e-01
2.076037377119064331e-01
2.004619240760803223e-01
2.147791534662246704e-01
2.338365614414215088e-01
9.114483594894409180e-01
8.389647603034973145e-01
7.509243488311767578e-01
6.815271973609924316e-01
6.462494134902954102e-01
5.826073884963989258e-01
4.303149580955505371e-01
3.297068774700164795e-01
2.502607405185699463e-01
5.828306674957275391e-01
5.446804761886596680e-01
6.253725290298461914e-01
6.848064661026000977e-01
6.084543466567993164e-01
6.095239520072937012e-01
6.807538866996765137e-01
7.213094234466552734e-01
6.487388014793395996e-01
6.459720730781555176e-01
6.934899687767028809e-01
7.230356931686401367e-01
1.000000000000000000e+00
1.000000000000000000e+00
0.000000000000000000e+00
0.000000000000000000e+00
0.000000000000000000e+00
0.000000000000000000e+00
0.000000000000000000e+00
0.000000000000000000e+00
0.000000000000000000e+00
0.000000000000000000e+00
0.000000000000000000e+00
0.000000000000000000e+00
0.000000000000000000e+00
0.000000000000000000e+00
0.000000000000000000e+00
0.000000000000000000e+00
0.000000000000000000e+00
0.000000000000000000e+00
0.000000000000000000e+00
0.000000000000000000e+00
0.000000000000000000e+00
0.000000000000000000e+00
0.000000000000000000e+00
0.000000000000000000e+00
0.000000000000000000e+00
0.000000000000000000e+00
0.000000000000000000e+00
0.000000000000000000e+00
0.000000000000000000e+00
0.000000000000000000e+00
0.000000000000000000e+00
0.000000000000000000e+00
0.000000000000000000e+00
0.000000000000000000e+00
0.000000000000000000e+00
0.000000000000000000e+00
0.000000000000000000e+00
0.000000000000000000e+00
0.000000000000000000e+00
0.000000000000000000e+00
0.000000000000000000e+00
0.000000000000000000e+00
0.000000000000000000e+00
0.000000000000000000e+00
0.000000000000000000e+00
0.000000000000000000e+00
0.000000000000000000e+00
0.000000000000000000e+00
0.000000000000000000e+00
0.000000000000000000e+00
0.000000000000000000e+00
0.000000000000000000e+00
0.000000000000000000e+00
