0.000000000000000000e+00
0.000000000000000000e+00
0.000000000000000000e+00
0.000000000000000000e+00
0.000000000000000000e+00
0.000000000000000000e+00
0.000000000000000000e+00
0.000000000000000000e+00
0.000000000000000000e+00
0.000000000000000000e+00
0.000000000000000000e+00
0.000000000000000000e+00
0.000000000000000000e+00
0.000000000000000000e+00
0.000000000000000000e+00
0.000000000000000000e+00
0.000000000000000000e+00
0.000000000000000000e+00
0.000000000000000000e+00
0.000000000000000000e+00
0.000000000000000000e+00
0.000000000000000000e+00
0.000000000000000000e+00
0.000000000000000000e+00
0.000000000000000000e+00
0.000000000000000000e+00
0.000000000000000000e+00
-1.000000000000000000e+00
0.000000000000000000e+00
2.656736441746064825e-01
4.967788702542206281e-01
6.313869573644149691e-01
6.720174062192708631e-01
6.038793053221156448e-01
7.886988061247666160e-01
9.050881756781015142e-01
1.000000000000000000e+00
5.448012809195529327e-01
7.300519847332811452e-01
8.415210883597935565e-01
9.275611739617164453e-01
4.790433772841730664e-01
6.486167142906731353e-01
7.451645664910627742e-01
8.203129899155882088e-01
4.280281349526042223e-01
5.557265111150616610e-01
6.193278815805313142e-01
6.685774373264434800e-01
0.000000000000000000e+00
1.000000000000000000e+00
1.000000000000000000e+00
1.000000000000000000e+00
1.000000000000000000e+00
