-1.000000000000000000e+00
0.000000000000000000e+00
3.319422921144202232e-01
6.509641077421298716e-01
8.460270308623668578e-01
8.367415137609349740e-01
6.820317908141613206e-01
9.515945283464710691e-01
1.000000000000000000e+00
9.340554244783185744e-01
5.960129585410558484e-01
8.479868744306857664e-01
8.456132824418739480e-01
7.747362623011024851e-01
5.183030233770453687e-01
7.120726241550333624e-01
7.042317729400623394e-01
6.423505553547335101e-01
4.547086983806148952e-01
5.518322352178252066e-01
5.415917148807011250e-01
4.922674339388571352e-01
0.000000000000000000e+00
1.000000000000000000e+00
1.000000000000000000e+00
1.000000000000000000e+00
1.000000000000000000e+00
0.000000000000000000e+00
0.000000000000000000e+00
0.000000000000000000e+00
0.000000000000000000e+00
0.000000000000000000e+00
0.000000000000000000e+00
0.000000000000000000e+00
0.000000000000000000e+00
0.000000000000000000e+00
0.000000000000000000e+00
0.000000000000000000e+00
0.000000000000000000e+00
0.000000000000000000e+00
0.000000000000000000e+00
0.000000000000000000e+00
0.000000000000000000e+00
0.000000000000000000e+00
0.000000000000000000e+00
0.000000000000000000e+00
0.000000000000000000e+00
0.000000000000000000e+00
0.000000000000000000e+00
0.000000000000000000e+00
0.000000000000000000e+00
0.000000000000000000e+00
0.000000000000000000e+00
0.000000000000000000e+00
