-1.000000000000000000e+00
0.000000000000000000e+00
3.144915517626688528e-01
5.642878305441824116e-01
6.584930740245298342e-01
6.417770366076795963e-01
7.247466985268334883e-01
1.000000000000000000e+00
9.508760488931915500e-01
8.374992055655803291e-01
6.585776277169266280e-01
9.514125570938226639e-01
8.811636832006896070e-01
7.722229346816333884e-01
5.896820288051711767e-01
8.375266231876450362e-01
7.695053114050330878e-01
6.739643442177716270e-01
5.254045575446972816e-01
7.302402725022674179e-01
6.937276329178792000e-01
6.082009391352765082e-01
0.000000000000000000e+00
0.000000000000000000e+00
0.000000000000000000e+00
0.000000000000000000e+00
0.000000000000000000e+00
0.000000000000000000e+00
0.000000000000000000e+00
0.000000000000000000e+00
0.000000000000000000e+00
0.000000000000000000e+00
0.000000000000000000e+00
0.000000000000000000e+00
0.000000000000000000e+00
0.000000000000000000e+00
0.000000000000000000e+00
0.000000000000000000e+00
0.000000000000000000e+00
0.000000000000000000e+00
0.000000000000000000e+00
0.000000000000000000e+00
0.000000000000000000e+00
0.000000000000000000e+00
0.000000000000000000e+00
0.000000000000000000e+00
0.000000000000000000e+00
0.000000000000000000e+00
0.000000000000000000e+00
0.000000000000000000e+00
0.000000000000000000e+00
0.000000000000000000e+00
0.000000000000000000e+00
0.000000000000000000e+00
