-1.000000000000000000e+00
0.000000000000000000e+00
2.934688393680005558e-01
5.418291270430003470e-01
6.504582901602342648e-01
6.400653031893209777e-01
6.395684473344125376e-01
8.386142593509322563e-01
9.392843072492728096e-01
1.000000000000000000e+00
5.911236058864844933e-01
8.159555037782534326e-01
8.533588926477490011e-01
8.330071719124856333e-01
5.368261848512764223e-01
7.392813833196175688e-01
7.476951791930704916e-01
7.092891519726780558e-01
4.879315428094700424e-01
6.520712547748610532e-01
6.609256403221507314e-01
6.277610101295262313e-01
0.000000000000000000e+00
1.000000000000000000e+00
1.000000000000000000e+00
1.000000000000000000e+00
1.000000000000000000e+00
0.000000000000000000e+00
0.000000000000000000e+00
0.000000000000000000e+00
0.000000000000000000e+00
0.000000000000000000e+00
0.000000000000000000e+00
0.000000000000000000e+00
0.000000000000000000e+00
0.000000000000000000e+00
0.000000000000000000e+00
0.000000000000000000e+00
0.000000000000000000e+00
0.000000000000000000e+00
0.000000000000000000e+00
0.000000000000000000e+00
0.000000000000000000e+00
0.000000000000000000e+00
0.000000000000000000e+00
0.000000000000000000e+00
0.000000000000000000e+00
0.000000000000000000e+00
0.000000000000000000e+00
0.000000000000000000e+00
0.000000000000000000e+00
0.000000000000000000e+00
0.000000000000000000e+00
0.000000000000000000e+00
