-1.000000000000000000e+00
3.727188408374786377e-01
4.597997963428497314e-01
5.193725824356079102e-01
5.527588725090026855e-01
5.255588293075561523e-01
4.853138625621795654e-01
5.186799764633178711e-01
5.401512384414672852e-01
5.530585646629333496e-01
4.444730281829833984e-01
4.479673206806182861e-01
4.520269334316253662e-01
4.524638652801513672e-01
4.064479172229766846e-01
4.206899404525756836e-01
4.286398291587829590e-01
4.306793510913848877e-01
3.798977136611938477e-01
4.455912411212921143e-01
4.918445944786071777e-01
5.218690037727355957e-01
8.601236343383789062e-01
8.177529573440551758e-01
7.495028376579284668e-01
6.931419372558593750e-01
6.766280531883239746e-01
5.610401034355163574e-01
4.432697892189025879e-01
3.697966635227203369e-01
3.053871691226959229e-01
5.556426644325256348e-01
4.091028571128845215e-01
3.107533454895019531e-01
2.267851531505584717e-01
5.847921967506408691e-01
4.670041203498840332e-01
3.671706914901733398e-01
2.796621024608612061e-01
6.419410109519958496e-01
6.152450442314147949e-01
6.561945676803588867e-01
7.037808895111083984e-01
1.000000000000000000e+00
1.000000000000000000e+00
1.000000000000000000e+00
1.000000000000000000e+00
0.000000000000000000e+00
0.000000000000000000e+00
0.000000000000000000e+00
0.000000000000000000e+00
0.000000000000000000e+00
0.000000000000000000e+00
0.000000000000000000e+00
0.000000000000000000e+00
0.000000000000000000e+00
0.000000000000000000e+00
0.000000000000000000e+00
0.000000000000000000e+00
0.000000000000000000e+00
0.000000000000000000e+00
0.000000000000000000e+00
0.000000000000000000e+00
0.000000000000000000e+00
0.000000000000000000e+00
0.000000000000000000e+00
0.000000000000000000e+00
0.000000000000000000e+00
0.000000000000000000e+00
0.000000000000000000e+00
0.000000000000000000e+00
0.000000000000000000e+00
0.000000000000000000e+00
0.000000000000000000e+00
0.000000000000000000e+00
0.000000000000000000e+00
0.000000000000000000e+00
0.000000000000000000e+00
0.000000000000000000e+00
0.000000000000000000e+00
0.000000000000000000e+00
0.000000000000000000e+00
0.000000000000000000e+00
0.000000000000000000e+00
0.000000000000000000e+00
0.000000000000000000e+00
0.000000000000000000e+00
0.000000000000000000e+00
0.000000000000000000e+00
0.000000000000000000e+00
0.000000000000000000e+00
0.000000000000000000e+00
0.000000000000000000e+00
0.000000000000000000e+00
0.000000000000000000e+00
0.000000000000000000e+00
