1.000000000000000000e+00
4.440416395664215088e-01
4.358628988265991211e-01
4.586379826068878174e-01
5.089223384857177734e-01
5.537051558494567871e-01
4.155769944190979004e-01
4.275767207145690918e-01
4.328640699386596680e-01
4.339171946048736572e-01
4.448135793209075928e-01
4.628035426139831543e-01
4.730757176876068115e-01
4.760444164276123047e-01
4.788471460342407227e-01
5.318642854690551758e-01
5.541211366653442383e-01
5.633542537689208984e-01
5.168001055717468262e-01
5.557366013526916504e-01
5.548946261405944824e-01
5.528994798660278320e-01
8.284840583801269531e-01
7.292278409004211426e-01
6.379780173301696777e-01
6.122312545776367188e-01
6.060591340065002441e-01
5.908636450767517090e-01
4.695386290550231934e-01
3.998604416847229004e-01
3.422475457191467285e-01
5.906323790550231934e-01
4.533040523529052734e-01
3.688830137252807617e-01
3.012562990188598633e-01
6.061356663703918457e-01
4.946389496326446533e-01
4.200915098190307617e-01
3.589469194412231445e-01
6.380695104598999023e-01
6.061667203903198242e-01
6.359155774116516113e-01
6.683107018470764160e-01
0.000000000000000000e+00
1.000000000000000000e+00
1.000000000000000000e+00
1.000000000000000000e+00
0.000000000000000000e+00
0.000000000000000000e+00
0.000000000000000000e+00
0.000000000000000000e+00
0.000000000000000000e+00
0.000000000000000000e+00
0.000000000000000000e+00
0.000000000000000000e+00
0.000000000000000000e+00
0.000000000000000000e+00
0.000000000000000000e+00
0.000000000000000000e+00
0.000000000000000000e+00
0.000000000000000000e+00
0.000000000000000000e+00
0.000000000000000000e+00
0.000000000000000000e+00
0.000000000000000000e+00
0.000000000000000000e+00
0.000000000000000000e+00
0.000000000000000000e+00
0.000000000000000000e+00
0.000000000000000000e+00
0.000000000000000000e+00
0.000000000000000000e+00
0.000000000000000000e+00
0.000000000000000000e+00
0.000000000000000000e+00
0.000000000000000000e+00
0.000000000000000000e+00
0.000000000000000000e+00
0.000000000000000000e+00
0.000000000000000000e+00
0.000000000000000000e+00
0.000000000000000000e+00
0.000000000000000000e+00
0.000000000000000000e+00
0.000000000000000000e+00
0.000000000000000000e+00
0.000000000000000000e+00
0.000000000000000000e+00
0.000000000000000000e+00
0.000000000000000000e+00
0.000000000000000000e+00
0.000000000000000000e+00
0.000000000000000000e+00
0.000000000000000000e+00
0.000000000000000000e+00
0.000000000000000000e+00
