-1.000000000000000000e+00
4.526578187942504883e-01
5.160831212997436523e-01
5.679455399513244629e-01
5.773299932479858398e-01
5.460242629051208496e-01
5.436405539512634277e-01
5.694157481193542480e-01
5.852695703506469727e-01
5.963536500930786133e-01
5.030070543289184570e-01
5.036309957504272461e-01
5.045501589775085449e-01
5.034000277519226074e-01
4.658551514148712158e-01
4.713728129863739014e-01
4.780665636062622070e-01
4.796371161937713623e-01
4.329821169376373291e-01
4.826781153678894043e-01
5.179779529571533203e-01
5.383102297782897949e-01
8.611979484558105469e-01
8.330019712448120117e-01
7.669140100479125977e-01
7.067145705223083496e-01
6.682279706001281738e-01
6.008524298667907715e-01
5.037150382995605469e-01
4.417203068733215332e-01
3.852250576019287109e-01
5.916727185249328613e-01
4.625759422779083252e-01
3.814416825771331787e-01
3.122566938400268555e-01
6.156370639801025391e-01
5.111862421035766602e-01
4.247432053089141846e-01
3.505375683307647705e-01
6.649418473243713379e-01
6.405423879623413086e-01
6.736631393432617188e-01
7.111727595329284668e-01
1.000000000000000000e+00
1.000000000000000000e+00
1.000000000000000000e+00
1.000000000000000000e+00
0.000000000000000000e+00
0.000000000000000000e+00
0.000000000000000000e+00
0.000000000000000000e+00
0.000000000000000000e+00
0.000000000000000000e+00
0.000000000000000000e+00
0.000000000000000000e+00
0.000000000000000000e+00
0.000000000000000000e+00
0.000000000000000000e+00
0.000000000000000000e+00
0.000000000000000000e+00
0.000000000000000000e+00
0.000000000000000000e+00
0.000000000000000000e+00
0.000000000000000000e+00
0.000000000000000000e+00
0.000000000000000000e+00
0.000000000000000000e+00
0.000000000000000000e+00
0.000000000000000000e+00
0.000000000000000000e+00
0.000000000000000000e+00
0.000000000000000000e+00
0.000000000000000000e+00
0.000000000000000000e+00
0.000000000000000000e+00
0.000000000000000000e+00
0.000000000000000000e+00
0.000000000000000000e+00
0.000000000000000000e+00
0.000000000000000000e+00
0.000000000000000000e+00
0.000000000000000000e+00
0.000000000000000000e+00
0.000000000000000000e+00
0.000000000000000000e+00
0.000000000000000000e+00
0.000000000000000000e+00
0.000000000000000000e+00
0.000000000000000000e+00
0.000000000000000000e+00
0.000000000000000000e+00
0.000000000000000000e+00
0.000000000000000000e+00
0.000000000000000000e+00
0.000000000000000000e+00
0.000000000000000000e+00
