-1.000000000000000000e+00
4.286106228828430176e-01
4.933210313320159912e-01
5.444445013999938965e-01
5.328090786933898926e-01
4.954749941825866699e-01
5.463106632232666016e-01
5.809541940689086914e-01
6.029065847396850586e-01
6.165455579757690430e-01
4.996168613433837891e-01
5.042851567268371582e-01
5.059279799461364746e-01
5.047351121902465820e-01
4.555886387825012207e-01
4.525997340679168701e-01
4.521705508232116699e-01
4.488102197647094727e-01
4.139154255390167236e-01
4.492812156677246094e-01
4.746380448341369629e-01
4.895714819431304932e-01
8.662588596343994141e-01
8.501603603363037109e-01
7.865223288536071777e-01
7.294942736625671387e-01
6.862532496452331543e-01
6.079517006874084473e-01
5.146556496620178223e-01
4.492586255073547363e-01
3.916088938713073730e-01
5.844949483871459961e-01
4.581064581871032715e-01
3.779663443565368652e-01
3.152399063110351562e-01
6.020030379295349121e-01
4.961262345314025879e-01
4.137529730796813965e-01
3.457308709621429443e-01
6.489303112030029297e-01
6.407837271690368652e-01
6.852840781211853027e-01
7.293576598167419434e-01
1.000000000000000000e+00
1.000000000000000000e+00
1.000000000000000000e+00
1.000000000000000000e+00
0.000000000000000000e+00
0.000000000000000000e+00
0.000000000000000000e+00
0.000000000000000000e+00
0.000000000000000000e+00
0.000000000000000000e+00
0.000000000000000000e+00
0.000000000000000000e+00
0.000000000000000000e+00
0.000000000000000000e+00
0.000000000000000000e+00
0.000000000000000000e+00
0.000000000000000000e+00
0.000000000000000000e+00
0.000000000000000000e+00
0.000000000000000000e+00
0.000000000000000000e+00
0.000000000000000000e+00
0.000000000000000000e+00
0.000000000000000000e+00
0.000000000000000000e+00
0.000000000000000000e+00
0.000000000000000000e+00
0.000000000000000000e+00
0.000000000000000000e+00
0.000000000000000000e+00
0.000000000000000000e+00
0.000000000000000000e+00
0.000000000000000000e+00
0.000000000000000000e+00
0.000000000000000000e+00
0.000000000000000000e+00
0.000000000000000000e+00
0.000000000000000000e+00
0.000000000000000000e+00
0.000000000000000000e+00
0.000000000000000000e+00
0.000000000000000000e+00
0.000000000000000000e+00
0.000000000000000000e+00
0.000000000000000000e+00
0.000000000000000000e+00
0.000000000000000000e+00
0.000000000000000000e+00
0.000000000000000000e+00
0.000000000000000000e+00
0.000000000000000000e+00
0.000000000000000000e+00
0.000000000000000000e+00
