-1.000000000000000000e+00
3.268025517463684082e-01
3.870455026626586914e-01
4.169531464576721191e-01
3.500349521636962891e-01
2.870050668716430664e-01
4.870399236679077148e-01
5.473130941390991211e-01
5.797395110130310059e-01
6.022688150405883789e-01
4.197522997856140137e-01
4.397949874401092529e-01
4.484967589378356934e-01
4.542636275291442871e-01
3.556888699531555176e-01
3.339371979236602783e-01
3.180662095546722412e-01
3.091182410717010498e-01
2.988088726997375488e-01
2.995101809501647949e-01
3.065983355045318604e-01
3.142581880092620850e-01
1.071161031723022461e+00
1.070877075195312500e+00
1.011761307716369629e+00
9.448136091232299805e-01
8.782461285591125488e-01
7.740341424942016602e-01
6.400719881057739258e-01
5.473090410232543945e-01
4.623105823993682861e-01
7.309839725494384766e-01
5.586022138595581055e-01
4.418260455131530762e-01
3.458668589591979980e-01
7.442645430564880371e-01
5.920091867446899414e-01
4.775542020797729492e-01
3.808169066905975342e-01
7.993695735931396484e-01
7.865469455718994141e-01
8.599317073822021484e-01
9.325639009475708008e-01
1.000000000000000000e+00
1.000000000000000000e+00
1.000000000000000000e+00
1.000000000000000000e+00
0.000000000000000000e+00
0.000000000000000000e+00
0.000000000000000000e+00
0.000000000000000000e+00
0.000000000000000000e+00
0.000000000000000000e+00
0.000000000000000000e+00
0.000000000000000000e+00
0.000000000000000000e+00
0.000000000000000000e+00
0.000000000000000000e+00
0.000000000000000000e+00
0.000000000000000000e+00
0.000000000000000000e+00
0.000000000000000000e+00
0.000000000000000000e+00
0.000000000000000000e+00
0.000000000000000000e+00
0.000000000000000000e+00
0.000000000000000000e+00
0.000000000000000000e+00
0.000000000000000000e+00
0.000000000000000000e+00
0.000000000000000000e+00
0.000000000000000000e+00
0.000000000000000000e+00
0.000000000000000000e+00
0.000000000000000000e+00
0.000000000000000000e+00
0.000000000000000000e+00
0.000000000000000000e+00
0.000000000000000000e+00
0.000000000000000000e+00
0.000000000000000000e+00
0.000000000000000000e+00
0.000000000000000000e+00
0.000000000000000000e+00
0.000000000000000000e+00
0.000000000000000000e+00
0.000000000000000000e+00
0.000000000000000000e+00
0.000000000000000000e+00
0.000000000000000000e+00
0.000000000000000000e+00
0.000000000000000000e+00
0.000000000000000000e+00
0.000000000000000000e+00
0.000000000000000000e+00
0.000000000000000000e+00
