-1.000000000000000000e+00
3.595956861972808838e-01
4.243228435516357422e-01
4.839312136173248291e-01
4.687666594982147217e-01
4.231191873550415039e-01
4.844286441802978516e-01
5.249521732330322266e-01
5.490819811820983887e-01
5.616564750671386719e-01
4.284199774265289307e-01
4.296751916408538818e-01
4.265368580818176270e-01
4.198927879333496094e-01
3.777376413345336914e-01
3.872012794017791748e-01
3.959076106548309326e-01
3.959816396236419678e-01
3.319637477397918701e-01
3.819432258605957031e-01
4.077992141246795654e-01
4.162843525409698486e-01
9.162739515304565430e-01
8.972612619400024414e-01
8.203645348548889160e-01
7.525345683097839355e-01
6.953125000000000000e-01
6.174446344375610352e-01
5.104368329048156738e-01
4.405952692031860352e-01
3.715722560882568359e-01
5.965166091918945312e-01
4.502081871032714844e-01
3.641838729381561279e-01
2.876057326793670654e-01
6.196373105049133301e-01
5.089656114578247070e-01
4.156200587749481201e-01
3.312922120094299316e-01
6.716868281364440918e-01
6.441915631294250488e-01
6.896419525146484375e-01
7.318556904792785645e-01
1.000000000000000000e+00
1.000000000000000000e+00
1.000000000000000000e+00
1.000000000000000000e+00
0.000000000000000000e+00
0.000000000000000000e+00
0.000000000000000000e+00
0.000000000000000000e+00
0.000000000000000000e+00
0.000000000000000000e+00
0.000000000000000000e+00
0.000000000000000000e+00
0.000000000000000000e+00
0.000000000000000000e+00
0.000000000000000000e+00
0.000000000000000000e+00
0.000000000000000000e+00
0.000000000000000000e+00
0.000000000000000000e+00
0.000000000000000000e+00
0.000000000000000000e+00
0.000000000000000000e+00
0.000000000000000000e+00
0.000000000000000000e+00
0.000000000000000000e+00
0.000000000000000000e+00
0.000000000000000000e+00
0.000000000000000000e+00
0.000000000000000000e+00
0.000000000000000000e+00
0.000000000000000000e+00
0.000000000000000000e+00
0.000000000000000000e+00
0.000000000000000000e+00
0.000000000000000000e+00
0.000000000000000000e+00
0.000000000000000000e+00
0.000000000000000000e+00
0.000000000000000000e+00
0.000000000000000000e+00
0.000000000000000000e+00
0.000000000000000000e+00
0.000000000000000000e+00
0.000000000000000000e+00
0.000000000000000000e+00
0.000000000000000000e+00
0.000000000000000000e+00
0.000000000000000000e+00
0.000000000000000000e+00
0.000000000000000000e+00
0.000000000000000000e+00
0.000000000000000000e+00
0.000000000000000000e+00
