-1.000000000000000000e+00
3.574325740337371826e-01
4.257598221302032471e-01
4.805885851383209229e-01
4.631361067295074463e-01
4.241477549076080322e-01
4.886604845523834229e-01
5.288349986076354980e-01
5.534321069717407227e-01
5.676655769348144531e-01
4.328415095806121826e-01
4.375389218330383301e-01
4.341729581356048584e-01
4.266903400421142578e-01
3.815159201622009277e-01
3.852810561656951904e-01
3.885146677494049072e-01
3.824385702610015869e-01
3.336335122585296631e-01
3.776067495346069336e-01
4.012011587619781494e-01
4.073590934276580811e-01
9.068663120269775391e-01
8.823329806327819824e-01
8.120346069335937500e-01
7.407020330429077148e-01
6.733832359313964844e-01
6.117897629737854004e-01
5.017243623733520508e-01
4.296892285346984863e-01
3.590924739837646484e-01
5.914868712425231934e-01
4.464970231056213379e-01
3.599836230278015137e-01
2.840463221073150635e-01
6.121949553489685059e-01
4.994935691356658936e-01
4.113434851169586182e-01
3.332823812961578369e-01
6.617746949195861816e-01
6.314456462860107422e-01
6.849062442779541016e-01
7.382036447525024414e-01
1.000000000000000000e+00
1.000000000000000000e+00
1.000000000000000000e+00
1.000000000000000000e+00
0.000000000000000000e+00
0.000000000000000000e+00
0.000000000000000000e+00
0.000000000000000000e+00
0.000000000000000000e+00
0.000000000000000000e+00
0.000000000000000000e+00
0.000000000000000000e+00
0.000000000000000000e+00
0.000000000000000000e+00
0.000000000000000000e+00
0.000000000000000000e+00
0.000000000000000000e+00
0.000000000000000000e+00
0.000000000000000000e+00
0.000000000000000000e+00
0.000000000000000000e+00
0.000000000000000000e+00
0.000000000000000000e+00
0.000000000000000000e+00
0.000000000000000000e+00
0.000000000000000000e+00
0.000000000000000000e+00
0.000000000000000000e+00
0.000000000000000000e+00
0.000000000000000000e+00
0.000000000000000000e+00
0.000000000000000000e+00
0.000000000000000000e+00
0.000000000000000000e+00
0.000000000000000000e+00
0.000000000000000000e+00
0.000000000000000000e+00
0.000000000000000000e+00
0.000000000000000000e+00
0.000000000000000000e+00
0.000000000000000000e+00
0.000000000000000000e+00
0.000000000000000000e+00
0.000000000000000000e+00
0.000000000000000000e+00
0.000000000000000000e+00
0.000000000000000000e+00
0.000000000000000000e+00
0.000000000000000000e+00
0.000000000000000000e+00
0.000000000000000000e+00
0.000000000000000000e+00
0.000000000000000000e+00
