-1.000000000000000000e+00
0.000000000000000000e+00
1.561680451894980615e-01
3.177489306889766940e-01
4.569516352647692847e-01
5.577585052089446549e-01
5.112375588842005270e-01
7.078463125381621035e-01
8.289177852944361602e-01
9.362208426319498233e-01
5.226496694628088857e-01
7.483321846905921504e-01
8.869201749767822163e-01
1.000000000000000000e+00
4.970890968313454450e-01
6.964438901067047105e-01
8.248089342723677886e-01
9.353322809390287595e-01
4.433753988058253825e-01
5.879394579924243081e-01
6.850004532771128973e-01
7.763061957531722790e-01
0.000000000000000000e+00
1.000000000000000000e+00
1.000000000000000000e+00
1.000000000000000000e+00
1.000000000000000000e+00
1.000000000000000000e+00
0.000000000000000000e+00
9.875964526337206728e-02
1.833140115879926813e-01
2.370958471619098173e-01
3.349378071603300033e-01
4.599514077678140134e-01
6.467849265820256877e-01
7.729639138204228432e-01
8.865229476292074695e-01
4.954884648646001866e-01
7.226953863078019458e-01
8.722365185726967951e-01
1.000000000000000000e+00
4.681046604520667231e-01
6.537245606300111644e-01
7.991384868626636440e-01
9.332474107643408123e-01
3.998186900482663120e-01
4.140014823429493118e-01
3.190978143321288041e-01
2.352483717197889346e-01
0.000000000000000000e+00
1.000000000000000000e+00
1.000000000000000000e+00
1.000000000000000000e+00
0.000000000000000000e+00
