-1.000000000000000000e+00
0.000000000000000000e+00
1.555130402235654352e-01
3.117431477124049111e-01
4.478642025281356354e-01
5.499539232585397563e-01
5.087986264211752374e-01
7.036585758554588788e-01
8.253593047887659573e-01
9.326586614282610377e-01
5.199463357913727268e-01
7.454399026667286599e-01
8.851564284276314254e-01
1.000000000000000000e+00
4.944324811769862382e-01
6.966763864527356631e-01
8.278919599110042826e-01
9.414090904619712985e-01
4.406280115758372529e-01
5.883590785262179379e-01
6.893251622823968194e-01
7.844294123666248897e-01
0.000000000000000000e+00
1.000000000000000000e+00
1.000000000000000000e+00
1.000000000000000000e+00
1.000000000000000000e+00
1.000000000000000000e+00
0.000000000000000000e+00
9.873989187109365184e-02
1.865774238105874505e-01
2.338614741229624316e-01
3.256890631609812847e-01
4.603286136678815810e-01
6.439730461920166737e-01
7.699853008644502728e-01
8.825841187791653164e-01
4.952575852217566688e-01
7.220835505273104360e-01
8.706258121909918879e-01
1.000000000000000000e+00
4.664895274878166354e-01
6.529896600912448168e-01
7.970879565176524073e-01
9.314355290561320277e-01
3.979617406131265023e-01
4.062454199284039058e-01
3.086013893934340668e-01
2.280921234915720963e-01
0.000000000000000000e+00
1.000000000000000000e+00
1.000000000000000000e+00
1.000000000000000000e+00
0.000000000000000000e+00
