-1.000000000000000000e+00
0.000000000000000000e+00
1.644425541166067428e-01
3.294512169894319165e-01
4.673158156435713306e-01
5.662201443195655770e-01
5.160204532976222502e-01
7.165727871793795556e-01
8.416915267125322231e-01
9.524572236017875282e-01
5.202125605385155005e-01
7.455838347018253209e-01
8.856150832891189761e-01
1.000000000000000000e+00
4.876644047982183205e-01
6.867534670991918277e-01
8.145624492797486349e-01
9.248999443461296543e-01
4.279316553990264449e-01
5.698442425485604756e-01
6.671251675251266278e-01
7.600854776567478321e-01
0.000000000000000000e+00
1.000000000000000000e+00
1.000000000000000000e+00
1.000000000000000000e+00
1.000000000000000000e+00
1.000000000000000000e+00
0.000000000000000000e+00
1.121968618893473824e-01
2.068121336510132247e-01
2.442299081897428559e-01
3.201374457713849209e-01
4.715323929680307335e-01
6.615982493744652082e-01
7.860119092321644629e-01
8.960701128325633258e-01
4.951279641840705126e-01
7.231631614442929346e-01
8.737642273376607926e-01
1.000000000000000000e+00
4.574566417736928292e-01
6.501271687014302803e-01
7.953492113206080960e-01
9.286338815040245942e-01
3.822841177753173447e-01
4.262774237767181229e-01
3.403830324171728261e-01
2.609900091675045886e-01
0.000000000000000000e+00
1.000000000000000000e+00
1.000000000000000000e+00
1.000000000000000000e+00
0.000000000000000000e+00
