-1.000000000000000000e+00
0.000000000000000000e+00
1.667266960851477298e-01
3.328818024436011047e-01
4.739179208265701382e-01
5.748536730010953555e-01
5.172138854327413826e-01
7.176241357330319648e-01
8.428741696436109487e-01
9.516066663214656218e-01
5.213949095650302068e-01
7.486506603777912661e-01
8.885986115874542346e-01
1.000000000000000000e+00
4.887471204715577167e-01
6.887828174608146004e-01
8.180708524630574408e-01
9.275941304585910707e-01
4.293196959781559463e-01
5.706654408901339348e-01
6.693183156683970569e-01
7.626868220148868005e-01
0.000000000000000000e+00
1.000000000000000000e+00
1.000000000000000000e+00
1.000000000000000000e+00
1.000000000000000000e+00
1.000000000000000000e+00
0.000000000000000000e+00
1.052340432643706775e-01
1.945082399917410221e-01
2.347412576348189006e-01
3.228725671124715868e-01
4.687152043301937021e-01
6.627910279179325403e-01
7.907202483585339392e-01
9.053971018361069989e-01
4.945576905437746862e-01
7.233193596140979897e-01
8.733303475996228027e-01
1.000000000000000000e+00
4.561849849416758640e-01
6.481707579448676704e-01
7.893083128932266712e-01
9.181933996258211383e-01
3.791905298701463423e-01
4.144403499342342312e-01
3.271478255346698116e-01
2.481525639268836736e-01
0.000000000000000000e+00
1.000000000000000000e+00
1.000000000000000000e+00
1.000000000000000000e+00
0.000000000000000000e+00
