-1.000000000000000000e+00
0.000000000000000000e+00
1.660892031010939296e-01
3.329456409187324661e-01
4.760165513646242297e-01
5.709267341690652531e-01
5.218572607708155120e-01
7.195426288640089929e-01
8.418362967704167144e-01
9.519288956463654028e-01
5.275327560125903092e-01
7.481425460482081791e-01
8.858725559042772701e-01
1.000000000000000000e+00
4.966061319167647814e-01
6.907612710539645651e-01
8.174772654244638614e-01
9.271277788505107864e-01
4.376294369514782678e-01
5.737873055673630152e-01
6.697225491608510550e-01
7.605933369166106850e-01
0.000000000000000000e+00
1.000000000000000000e+00
1.000000000000000000e+00
1.000000000000000000e+00
1.000000000000000000e+00
1.000000000000000000e+00
0.000000000000000000e+00
1.011193296715619805e-01
1.921766750206600760e-01
2.458067811622919041e-01
3.367612363706583012e-01
4.646710840146472954e-01
6.566344416618782320e-01
7.843859486021492744e-01
8.974941774137872308e-01
4.970288225143393301e-01
7.232139237403548693e-01
8.746656280813183137e-01
1.000000000000000000e+00
4.652767768906382329e-01
6.570407209466141429e-01
8.010291848162046646e-01
9.284666255217294273e-01
3.951362799398173142e-01
4.157306761764378855e-01
3.271575111659293933e-01
2.458423868311524763e-01
0.000000000000000000e+00
1.000000000000000000e+00
1.000000000000000000e+00
1.000000000000000000e+00
0.000000000000000000e+00
