-1.000000000000000000e+00
0.000000000000000000e+00
1.667210511043035193e-01
3.282553566103695863e-01
4.703567679966921267e-01
5.665326253056000017e-01
5.170009922701803706e-01
7.174696772059022676e-01
8.395245757433227318e-01
9.431843477952764898e-01
5.264869258558250165e-01
7.528170436465028148e-01
8.916255081445091379e-01
1.000000000000000000e+00
4.964328097645482329e-01
6.978036141813603876e-01
8.263911846163237707e-01
9.342753732632406161e-01
4.345008985245697453e-01
5.720847330486649174e-01
6.684067987581431280e-01
7.587283074406563355e-01
0.000000000000000000e+00
1.000000000000000000e+00
1.000000000000000000e+00
1.000000000000000000e+00
1.000000000000000000e+00
1.000000000000000000e+00
0.000000000000000000e+00
7.544908666785805906e-02
1.605936719630692566e-01
2.479561911779808725e-01
3.633817354298882196e-01
4.576888109034143448e-01
6.588162524307690227e-01
7.843849174645795008e-01
8.994494893215798648e-01
4.906320472357959539e-01
7.194485534346354294e-01
8.705085713344934417e-01
1.000000000000000000e+00
4.608203463971093372e-01
6.486398689160413067e-01
7.936510236534095597e-01
9.228310311461365156e-01
3.920682118881464451e-01
4.235294224186780809e-01
3.354685931916315811e-01
2.489009268697742194e-01
0.000000000000000000e+00
1.000000000000000000e+00
1.000000000000000000e+00
1.000000000000000000e+00
0.000000000000000000e+00
