-1.000000000000000000e+00
0.000000000000000000e+00
1.666026401491138287e-01
3.286594311717596639e-01
4.670877395058635195e-01
5.659165634194694983e-01
5.202442396866733265e-01
7.176889953786270704e-01
8.434839150560078380e-01
9.531300001379594544e-01
5.254760488337324453e-01
7.524770717106096241e-01
8.897782748372075057e-01
1.000000000000000000e+00
4.934516944412308259e-01
6.917151720685645877e-01
8.189284709317568023e-01
9.266817858717638634e-01
4.340220857247718556e-01
5.736564952810903062e-01
6.729604785760119334e-01
7.664742780820050783e-01
0.000000000000000000e+00
1.000000000000000000e+00
1.000000000000000000e+00
1.000000000000000000e+00
1.000000000000000000e+00
1.000000000000000000e+00
0.000000000000000000e+00
8.674512138969600605e-02
1.770399556444255396e-01
2.586803238970123986e-01
3.672392922338807986e-01
4.590586370002753269e-01
6.589616535526474639e-01
7.866826142528984267e-01
9.013627130942900578e-01
4.891579919386916941e-01
7.214557408599623356e-01
8.720297179753708772e-01
1.000000000000000000e+00
4.591099421758853549e-01
6.525398214463487001e-01
7.959403504347666303e-01
9.276232278859087854e-01
3.874523660985574325e-01
4.379974347640399612e-01
3.533412854077178644e-01
2.680284844498487251e-01
0.000000000000000000e+00
1.000000000000000000e+00
1.000000000000000000e+00
1.000000000000000000e+00
0.000000000000000000e+00
