-1.000000000000000000e+00
0.000000000000000000e+00
1.651594366995241536e-01
3.278490730095208194e-01
4.685741570564469494e-01
5.707917541398017658e-01
5.157872284265018203e-01
7.106210356382129945e-01
8.359454082077273362e-01
9.464296208104957531e-01
5.230155717544144878e-01
7.469421167801056916e-01
8.852962838392163247e-01
1.000000000000000000e+00
4.932021911223317123e-01
6.907802782692417098e-01
8.170122277849442005e-01
9.265318533271772461e-01
4.341006110396289919e-01
5.751383969530932116e-01
6.733227815161614283e-01
7.672202874702384046e-01
0.000000000000000000e+00
1.000000000000000000e+00
1.000000000000000000e+00
1.000000000000000000e+00
1.000000000000000000e+00
1.000000000000000000e+00
0.000000000000000000e+00
9.041065534785901192e-02
1.857278016968014756e-01
2.559928917442115814e-01
3.552387060930897178e-01
4.669289318431273927e-01
6.639838196434478812e-01
7.912010852981572473e-01
9.034054451855981771e-01
4.962368575671430859e-01
7.254351427567785615e-01
8.743828955680958970e-01
1.000000000000000000e+00
4.645278141897746793e-01
6.551263391397212921e-01
8.002970583690449669e-01
9.336857348741661733e-01
3.949525836691745728e-01
4.239304766259505142e-01
3.344649063332932326e-01
2.516377472021588124e-01
0.000000000000000000e+00
1.000000000000000000e+00
1.000000000000000000e+00
1.000000000000000000e+00
0.000000000000000000e+00
