-1.000000000000000000e+00
0.000000000000000000e+00
1.618137782038739925e-01
3.234296755245956723e-01
4.630343749630553285e-01
5.672532646067359741e-01
5.040349877410303936e-01
7.010264275796554978e-01
8.246788770870133733e-01
9.346997297312575892e-01
5.167051839162410953e-01
7.441981777839564716e-01
8.830789204375315560e-01
1.000000000000000000e+00
4.926561994970782843e-01
6.955092161403194639e-01
8.226846822361209011e-01
9.334876175570662182e-01
4.396757735039121817e-01
5.828859856747510282e-01
6.785829079294124488e-01
7.690547541516199459e-01
0.000000000000000000e+00
1.000000000000000000e+00
1.000000000000000000e+00
1.000000000000000000e+00
1.000000000000000000e+00
1.000000000000000000e+00
0.000000000000000000e+00
1.011827282931401784e-01
2.049580091146531446e-01
2.602175443380297382e-01
3.454374555648002110e-01
4.758460129667204108e-01
6.718726068088413106e-01
7.967827783392870122e-01
9.064441681652406491e-01
4.999191799142784220e-01
7.282486013451018314e-01
8.752465394577093605e-01
1.000000000000000000e+00
4.654681335996986857e-01
6.591414413718292842e-01
8.002040341459359940e-01
9.292129297717462988e-01
3.948428264184459802e-01
4.301761886659626333e-01
3.478464849883332599e-01
2.728428028904719693e-01
0.000000000000000000e+00
1.000000000000000000e+00
1.000000000000000000e+00
1.000000000000000000e+00
0.000000000000000000e+00
