-1.000000000000000000e+00
0.000000000000000000e+00
1.628450564209122098e-01
3.249028974379924994e-01
4.653096546501567232e-01
5.635887066768070497e-01
5.132577810679013197e-01
7.120072269880909355e-01
8.368311674268733569e-01
9.448856836149033267e-01
5.198616273067560023e-01
7.483419176234847869e-01
8.873109695573960787e-01
1.000000000000000000e+00
4.929676833881552200e-01
6.969697162772112708e-01
8.240903742144779498e-01
9.329122963035236804e-01
4.392251568041011800e-01
5.843441284814759884e-01
6.817077899503897198e-01
7.719381583537782143e-01
0.000000000000000000e+00
1.000000000000000000e+00
1.000000000000000000e+00
1.000000000000000000e+00
1.000000000000000000e+00
1.000000000000000000e+00
0.000000000000000000e+00
1.002799480397592730e-01
2.005025485598603829e-01
2.556289205277283427e-01
3.401670387530906781e-01
4.734347041919288457e-01
6.698153876205059643e-01
7.943456937226376358e-01
9.036257277015092848e-01
4.994674268436241626e-01
7.283654355818924842e-01
8.770735976856484095e-01
1.000000000000000000e+00
4.646046838430439863e-01
6.554840324722742695e-01
7.980899178643213743e-01
9.237942922796440470e-01
3.916060870767121838e-01
4.250972287639008806e-01
3.403661731665055257e-01
2.577544871587570396e-01
0.000000000000000000e+00
1.000000000000000000e+00
1.000000000000000000e+00
1.000000000000000000e+00
0.000000000000000000e+00
