-1.000000000000000000e+00
0.000000000000000000e+00
1.633584723794837268e-01
3.269204765380005484e-01
4.677049176595504121e-01
5.679647693415439402e-01
5.004863698836611308e-01
6.988837261763212183e-01
8.232529077577002141e-01
9.335394466813616843e-01
5.125559994404828013e-01
7.450761027049317420e-01
8.847294737331243830e-01
1.000000000000000000e+00
4.881161236303619422e-01
6.956125286482889303e-01
8.240864138676680106e-01
9.345050461801527319e-01
4.340514230282679353e-01
5.829857029588858541e-01
6.793470059477776379e-01
7.693086367152083271e-01
0.000000000000000000e+00
1.000000000000000000e+00
1.000000000000000000e+00
1.000000000000000000e+00
1.000000000000000000e+00
1.000000000000000000e+00
0.000000000000000000e+00
9.691908602466679790e-02
2.025977486687735307e-01
2.647479125666752919e-01
3.465759158945970198e-01
4.773942122742728111e-01
6.750804831384089599e-01
7.995200563858215759e-01
9.070781159576007946e-01
4.985672274142793903e-01
7.279809276739300783e-01
8.761354908855879531e-01
1.000000000000000000e+00
4.614826958653893696e-01
6.497861037559377051e-01
7.931658785285461422e-01
9.238687723800621532e-01
3.891454773294905078e-01
3.925471942948146054e-01
3.042163643865922751e-01
2.321188732748619699e-01
0.000000000000000000e+00
1.000000000000000000e+00
1.000000000000000000e+00
1.000000000000000000e+00
0.000000000000000000e+00
