-1.000000000000000000e+00
0.000000000000000000e+00
1.604675828181258146e-01
3.297087155180934426e-01
4.672255311493491159e-01
5.665725163031773981e-01
5.202199224164091307e-01
7.195287849761903276e-01
8.408850440897742695e-01
9.442583556222936547e-01
5.328780138703934632e-01
7.556698839238601417e-01
8.899467963385805369e-01
1.000000000000000000e+00
5.076538579353374603e-01
7.134084444203262487e-01
8.334189566214645906e-01
9.383385519101888894e-01
4.503230259025166604e-01
5.923513366550700043e-01
6.868685637908185093e-01
7.772920955912407948e-01
0.000000000000000000e+00
1.000000000000000000e+00
1.000000000000000000e+00
1.000000000000000000e+00
1.000000000000000000e+00
1.000000000000000000e+00
0.000000000000000000e+00
1.091233320413080160e-01
2.100535336642366524e-01
2.395301958355851302e-01
2.987156185982026146e-01
4.877939170174631633e-01
6.750280496559541987e-01
7.956812766060146203e-01
9.037959230155776513e-01
5.040088677983601828e-01
7.280768080370058071e-01
8.716418245928886366e-01
1.000000000000000000e+00
4.634982650359842360e-01
6.447170789793952306e-01
7.856190018353158555e-01
9.203969274399810274e-01
3.869177354356558851e-01
4.054247578414090225e-01
3.150199205128058066e-01
2.439211285445305744e-01
0.000000000000000000e+00
1.000000000000000000e+00
1.000000000000000000e+00
1.000000000000000000e+00
0.000000000000000000e+00
