-1.000000000000000000e+00
0.000000000000000000e+00
1.642947645715592819e-01
3.305779010987373034e-01
4.651418241024785627e-01
5.609981866762941971e-01
5.216800041388691689e-01
7.174004555905640901e-01
8.396828850093488450e-01
9.433860454645603966e-01
5.314532457770636542e-01
7.616918568729319494e-01
8.950939143066651837e-01
1.000000000000000000e+00
5.065670048526056402e-01
7.129129141816469284e-01
8.386107361263714921e-01
9.428535062106631059e-01
4.539490239456269172e-01
6.042868246955238609e-01
7.009318229684137203e-01
7.885818466489161738e-01
0.000000000000000000e+00
1.000000000000000000e+00
1.000000000000000000e+00
1.000000000000000000e+00
1.000000000000000000e+00
1.000000000000000000e+00
0.000000000000000000e+00
1.107581278193900537e-01
2.148569393180668197e-01
2.644435471560626638e-01
3.388851361243074845e-01
4.787673296770633136e-01
6.736878335302445286e-01
7.999341753314516135e-01
9.088119478246787786e-01
5.040371820835261030e-01
7.288455289321360553e-01
8.782205927280439806e-01
1.000000000000000000e+00
4.679746537177227328e-01
6.483026080104180577e-01
7.914035777052729204e-01
9.183355941850008808e-01
3.956809306490294831e-01
3.956466396346288161e-01
3.046033985208492223e-01
2.276141844028656547e-01
0.000000000000000000e+00
1.000000000000000000e+00
1.000000000000000000e+00
1.000000000000000000e+00
0.000000000000000000e+00
