-1.000000000000000000e+00
0.000000000000000000e+00
1.623125254695111097e-01
3.250248756379252035e-01
4.596246233169812290e-01
5.604366329549448356e-01
5.253083641765926570e-01
7.192041199570997634e-01
8.396155323368089674e-01
9.424920974786753503e-01
5.346639690707631898e-01
7.588554827731536223e-01
8.920975838014130188e-01
1.000000000000000000e+00
5.061491110296679752e-01
7.110313146740319112e-01
8.391138161346494151e-01
9.446810255886601837e-01
4.479787927685051074e-01
5.923747863959967219e-01
6.890794557472099680e-01
7.770362664912509043e-01
0.000000000000000000e+00
1.000000000000000000e+00
1.000000000000000000e+00
1.000000000000000000e+00
1.000000000000000000e+00
1.000000000000000000e+00
0.000000000000000000e+00
1.146347317853152192e-01
2.278889374622629360e-01
2.837577630668522422e-01
3.555924895538845609e-01
4.937178705096847975e-01
6.836612677719278164e-01
8.019122945170100714e-01
9.077705670494240486e-01
5.095467453563339300e-01
7.380615054528889551e-01
8.789226547742672313e-01
1.000000000000000000e+00
4.690992303125003371e-01
6.543854992559082762e-01
7.905542193258529027e-01
9.207322138131219802e-01
3.911936647095070052e-01
4.268073258123036284e-01
3.291374359608184585e-01
2.459051049500531605e-01
0.000000000000000000e+00
1.000000000000000000e+00
1.000000000000000000e+00
1.000000000000000000e+00
0.000000000000000000e+00
