-1.000000000000000000e+00
0.000000000000000000e+00
1.610769439054757224e-01
3.245262907073241943e-01
4.594752927355351679e-01
5.575663659417686713e-01
5.181151098676265443e-01
7.135405589314074426e-01
8.353958611513064847e-01
9.411863748778340755e-01
5.287632130309742884e-01
7.546423186665577321e-01
8.902367102255059894e-01
1.000000000000000000e+00
5.029356641808685469e-01
7.058960148254217470e-01
8.343018642704717047e-01
9.422077016884614631e-01
4.485061763097662468e-01
5.927095961384433176e-01
6.905617717731267202e-01
7.798012225670192255e-01
0.000000000000000000e+00
1.000000000000000000e+00
1.000000000000000000e+00
1.000000000000000000e+00
1.000000000000000000e+00
1.000000000000000000e+00
0.000000000000000000e+00
1.086115461539450822e-01
2.179067913542320489e-01
2.838503014459928253e-01
3.617857591934914852e-01
4.845322765421525846e-01
6.792145661002090273e-01
8.033272894773991757e-01
9.119066300513528622e-01
5.082748419839282494e-01
7.322593602707112570e-01
8.776096467474514551e-01
1.000000000000000000e+00
4.738761979187807172e-01
6.538223792410734481e-01
7.912694028381900280e-01
9.169665105628308499e-01
4.006046789969153199e-01
4.137047323729652337e-01
3.160543820604802545e-01
2.345233266684766948e-01
0.000000000000000000e+00
1.000000000000000000e+00
1.000000000000000000e+00
1.000000000000000000e+00
0.000000000000000000e+00
