-1.000000000000000000e+00
0.000000000000000000e+00
1.650872739844627124e-01
3.341873383330051239e-01
4.754783278895264864e-01
5.747837390455196038e-01
5.190113193405591074e-01
7.183288056360485063e-01
8.406416417561302090e-01
9.463603670375931864e-01
5.292596094977956023e-01
7.498944178858513165e-01
8.875554068867249624e-01
1.000000000000000000e+00
5.058634284760861188e-01
7.062323693641497924e-01
8.303322270751863909e-01
9.347499236409336776e-01
4.514361263147957382e-01
5.917169208076852316e-01
6.864421129567430668e-01
7.741597194358996736e-01
0.000000000000000000e+00
1.000000000000000000e+00
1.000000000000000000e+00
1.000000000000000000e+00
1.000000000000000000e+00
1.000000000000000000e+00
0.000000000000000000e+00
1.109150456640275312e-01
2.140399974825767937e-01
2.650604277391089836e-01
3.372871675203335529e-01
4.824113682424260863e-01
6.764541477532349800e-01
8.019649696670575478e-01
9.113839084070957108e-01
5.048042142406142796e-01
7.265650488265450457e-01
8.756963672799322751e-01
1.000000000000000000e+00
4.671651563436327037e-01
6.501480743383534211e-01
7.905811927158697960e-01
9.169496998717453495e-01
3.931515067133042884e-01
4.141243042700007426e-01
3.216855894793692050e-01
2.426716916294313908e-01
0.000000000000000000e+00
1.000000000000000000e+00
1.000000000000000000e+00
1.000000000000000000e+00
0.000000000000000000e+00
