-1.000000000000000000e+00
0.000000000000000000e+00
1.566960240672818083e-01
3.104454052493777483e-01
4.465125617561904181e-01
5.503276378037699201e-01
4.973769515509784966e-01
6.931913267181937233e-01
8.175731311743547058e-01
9.262578837581341151e-01
5.112674366066985998e-01
7.412581236056595690e-01
8.843068439564562011e-01
1.000000000000000000e+00
4.874219761103631976e-01
6.934568040688227075e-01
8.262510954996468149e-01
9.381630156315362568e-01
4.357437223722912534e-01
5.851864364763263993e-01
6.862799696633523627e-01
7.815606115247505370e-01
0.000000000000000000e+00
1.000000000000000000e+00
1.000000000000000000e+00
1.000000000000000000e+00
1.000000000000000000e+00
1.000000000000000000e+00
0.000000000000000000e+00
9.342748399526548675e-02
1.724083872482176372e-01
2.135639221763059592e-01
3.057898246508714002e-01
4.528416365810982169e-01
6.479717072172115344e-01
7.781100391810409356e-01
8.971688934860000408e-01
4.822611322023783731e-01
7.128555541346670577e-01
8.666217703394966110e-01
1.000000000000000000e+00
4.492887754965068092e-01
6.368013428963705813e-01
7.830606576588856615e-01
9.173165581093787324e-01
3.776571620005480523e-01
4.059854309349914536e-01
3.100043183658026114e-01
2.220329361132635237e-01
0.000000000000000000e+00
1.000000000000000000e+00
1.000000000000000000e+00
1.000000000000000000e+00
0.000000000000000000e+00
