-1.000000000000000000e+00
0.000000000000000000e+00
1.607488465447176329e-01
3.175107872637616957e-01
4.550393593855158736e-01
5.613742230271997480e-01
5.037240549946649937e-01
6.989393184067718146e-01
8.245359850860277673e-01
9.329232532740996398e-01
5.147268403357092570e-01
7.428539431963857576e-01
8.843797555759058682e-01
1.000000000000000000e+00
4.877738608941240561e-01
6.945730543546424496e-01
8.259813288028432510e-01
9.366892195471970828e-01
4.330748742002411000e-01
5.825936326430797285e-01
6.842475875671129026e-01
7.799642753889535207e-01
0.000000000000000000e+00
1.000000000000000000e+00
1.000000000000000000e+00
1.000000000000000000e+00
1.000000000000000000e+00
1.000000000000000000e+00
0.000000000000000000e+00
9.677064325468610895e-02
1.800981687220988003e-01
2.202989831621809114e-01
3.049839536347680458e-01
4.599989854379469278e-01
6.574600505950467522e-01
7.876628801845337868e-01
9.055906882281040682e-01
4.851029581559770376e-01
7.167590325913725247e-01
8.691863971530739974e-01
1.000000000000000000e+00
4.493187082799587340e-01
6.340476185432798450e-01
7.781786809041911779e-01
9.109576746505455569e-01
3.745638123976702816e-01
3.980255345513667442e-01
3.046280121303871491e-01
2.196310309777500802e-01
0.000000000000000000e+00
1.000000000000000000e+00
1.000000000000000000e+00
1.000000000000000000e+00
0.000000000000000000e+00
