-1.000000000000000000e+00
3.766319155693054199e-01
4.496686458587646484e-01
5.234665870666503906e-01
5.083769559860229492e-01
4.452135264873504639e-01
4.974046945571899414e-01
5.117846727371215820e-01
4.926861226558685303e-01
4.845002889633178711e-01
4.407270252704620361e-01
4.497588574886322021e-01
4.419495761394500732e-01
4.370914995670318604e-01
3.846521377563476562e-01
3.870523273944854736e-01
3.933292925357818604e-01
3.933733105659484863e-01
3.230096697807312012e-01
3.324278593063354492e-01
3.468268215656280518e-01
3.494279384613037109e-01
6.378813385963439941e-01
6.012709736824035645e-01
5.126979351043701172e-01
4.129658043384552002e-01
3.793544769287109375e-01
3.866427838802337646e-01
3.183439373970031738e-01
4.117662310600280762e-01
4.307123720645904541e-01
3.730428814888000488e-01
3.093191385269165039e-01
4.193290770053863525e-01
4.228859841823577881e-01
3.785199820995330811e-01
3.124210834503173828e-01
4.211282730102539062e-01
4.324687421321868896e-01
3.917635381221771240e-01
3.561983704566955566e-01
4.268763065338134766e-01
4.395276904106140137e-01
1.000000000000000000e+00
0.000000000000000000e+00
0.000000000000000000e+00
0.000000000000000000e+00
0.000000000000000000e+00
0.000000000000000000e+00
0.000000000000000000e+00
0.000000000000000000e+00
0.000000000000000000e+00
0.000000000000000000e+00
0.000000000000000000e+00
0.000000000000000000e+00
0.000000000000000000e+00
0.000000000000000000e+00
0.000000000000000000e+00
0.000000000000000000e+00
0.000000000000000000e+00
0.000000000000000000e+00
0.000000000000000000e+00
0.000000000000000000e+00
0.000000000000000000e+00
0.000000000000000000e+00
0.000000000000000000e+00
0.000000000000000000e+00
0.000000000000000000e+00
0.000000000000000000e+00
0.000000000000000000e+00
0.000000000000000000e+00
0.000000000000000000e+00
0.000000000000000000e+00
0.000000000000000000e+00
0.000000000000000000e+00
0.000000000000000000e+00
0.000000000000000000e+00
0.000000000000000000e+00
0.000000000000000000e+00
0.000000000000000000e+00
0.000000000000000000e+00
0.000000000000000000e+00
0.000000000000000000e+00
0.000000000000000000e+00
0.000000000000000000e+00
0.000000000000000000e+00
0.000000000000000000e+00
0.000000000000000000e+00
0.000000000000000000e+00
0.000000000000000000e+00
0.000000000000000000e+00
0.000000000000000000e+00
0.000000000000000000e+00
0.000000000000000000e+00
0.000000000000000000e+00
0.000000000000000000e+00
