-1.000000000000000000e+00
3.868401944637298584e-01
4.602298438549041748e-01
5.353432893753051758e-01
5.175048112869262695e-01
4.498285055160522461e-01
5.085628032684326172e-01
5.267254114151000977e-01
5.035688281059265137e-01
4.926027357578277588e-01
4.521834552288055420e-01
4.689688086509704590e-01
4.562432169914245605e-01
4.462464451789855957e-01
3.975564241409301758e-01
4.075973033905029297e-01
4.087803363800048828e-01
4.020373821258544922e-01
3.376057744026184082e-01
3.551814556121826172e-01
3.655569255352020264e-01
3.625229597091674805e-01
7.018969058990478516e-01
6.691545844078063965e-01
5.894041657447814941e-01
4.988768100738525391e-01
4.786992669105529785e-01
4.616867005825042725e-01
4.103783965110778809e-01
4.974216520786285400e-01
5.125086307525634766e-01
4.453706145286560059e-01
3.899325132369995117e-01
4.945243597030639648e-01
5.019558072090148926e-01
4.501722753047943115e-01
3.931465744972229004e-01
4.950697720050811768e-01
5.072572827339172363e-01
4.648697078227996826e-01
4.322423636913299561e-01
4.990426898002624512e-01
5.117406249046325684e-01
1.000000000000000000e+00
0.000000000000000000e+00
0.000000000000000000e+00
0.000000000000000000e+00
0.000000000000000000e+00
0.000000000000000000e+00
0.000000000000000000e+00
0.000000000000000000e+00
0.000000000000000000e+00
0.000000000000000000e+00
0.000000000000000000e+00
0.000000000000000000e+00
0.000000000000000000e+00
0.000000000000000000e+00
0.000000000000000000e+00
0.000000000000000000e+00
0.000000000000000000e+00
0.000000000000000000e+00
0.000000000000000000e+00
0.000000000000000000e+00
0.000000000000000000e+00
0.000000000000000000e+00
0.000000000000000000e+00
0.000000000000000000e+00
0.000000000000000000e+00
0.000000000000000000e+00
0.000000000000000000e+00
0.000000000000000000e+00
0.000000000000000000e+00
0.000000000000000000e+00
0.000000000000000000e+00
0.000000000000000000e+00
0.000000000000000000e+00
0.000000000000000000e+00
0.000000000000000000e+00
0.000000000000000000e+00
0.000000000000000000e+00
0.000000000000000000e+00
0.000000000000000000e+00
0.000000000000000000e+00
0.000000000000000000e+00
0.000000000000000000e+00
0.000000000000000000e+00
0.000000000000000000e+00
0.000000000000000000e+00
0.000000000000000000e+00
0.000000000000000000e+00
0.000000000000000000e+00
0.000000000000000000e+00
0.000000000000000000e+00
0.000000000000000000e+00
0.000000000000000000e+00
0.000000000000000000e+00
