-1.000000000000000000e+00
3.408553898334503174e-01
4.154890775680541992e-01
4.660433828830718994e-01
4.294176399707794189e-01
3.624275624752044678e-01
4.453755617141723633e-01
4.612980484962463379e-01
4.420989751815795898e-01
4.314544796943664551e-01
3.933772146701812744e-01
4.004298448562622070e-01
3.903567492961883545e-01
3.869056701660156250e-01
3.434208333492279053e-01
3.430101871490478516e-01
3.461522161960601807e-01
3.466382324695587158e-01
2.912130951881408691e-01
2.999696433544158936e-01
3.102785050868988037e-01
3.136157393455505371e-01
6.667129397392272949e-01
6.158636212348937988e-01
5.287064313888549805e-01
4.426490366458892822e-01
4.387303590774536133e-01
4.528652131557464600e-01
3.843094706535339355e-01
4.456780850887298584e-01
4.769746661186218262e-01
4.393028616905212402e-01
3.669888675212860107e-01
4.401222467422485352e-01
4.696153998374938965e-01
4.427303671836853027e-01
3.789055049419403076e-01
4.505869150161743164e-01
4.763130545616149902e-01
4.595982730388641357e-01
4.295106828212738037e-01
4.780669510364532471e-01
4.981101751327514648e-01
1.000000000000000000e+00
0.000000000000000000e+00
0.000000000000000000e+00
0.000000000000000000e+00
0.000000000000000000e+00
0.000000000000000000e+00
0.000000000000000000e+00
0.000000000000000000e+00
0.000000000000000000e+00
0.000000000000000000e+00
0.000000000000000000e+00
0.000000000000000000e+00
0.000000000000000000e+00
0.000000000000000000e+00
0.000000000000000000e+00
0.000000000000000000e+00
0.000000000000000000e+00
0.000000000000000000e+00
0.000000000000000000e+00
0.000000000000000000e+00
0.000000000000000000e+00
0.000000000000000000e+00
0.000000000000000000e+00
0.000000000000000000e+00
0.000000000000000000e+00
0.000000000000000000e+00
0.000000000000000000e+00
0.000000000000000000e+00
0.000000000000000000e+00
0.000000000000000000e+00
0.000000000000000000e+00
0.000000000000000000e+00
0.000000000000000000e+00
0.000000000000000000e+00
0.000000000000000000e+00
0.000000000000000000e+00
0.000000000000000000e+00
0.000000000000000000e+00
0.000000000000000000e+00
0.000000000000000000e+00
0.000000000000000000e+00
0.000000000000000000e+00
0.000000000000000000e+00
0.000000000000000000e+00
0.000000000000000000e+00
0.000000000000000000e+00
0.000000000000000000e+00
0.000000000000000000e+00
0.000000000000000000e+00
0.000000000000000000e+00
0.000000000000000000e+00
0.000000000000000000e+00
0.000000000000000000e+00
