-1.000000000000000000e+00
3.168675005435943604e-01
3.915203809738159180e-01
4.541697502136230469e-01
4.339787662029266357e-01
3.780047893524169922e-01
4.399310648441314697e-01
4.624887704849243164e-01
4.384322762489318848e-01
4.293029308319091797e-01
3.942498862743377686e-01
4.144093394279479980e-01
3.963060081005096436e-01
3.896332085132598877e-01
3.474180102348327637e-01
3.603226840496063232e-01
3.540542423725128174e-01
3.488440215587615967e-01
2.950285375118255615e-01
3.142995238304138184e-01
3.142033517360687256e-01
3.054597675800323486e-01
6.670755147933959961e-01
6.403435468673706055e-01
5.518764853477478027e-01
4.563341140747070312e-01
4.306814074516296387e-01
4.840568304061889648e-01
4.136951565742492676e-01
4.818892478942871094e-01
5.073314905166625977e-01
4.652643501758575439e-01
3.966632485389709473e-01
4.837266504764556885e-01
5.006219744682312012e-01
4.606950879096984863e-01
3.967217206954956055e-01
4.872949123382568359e-01
5.052945613861083984e-01
4.641991853713989258e-01
4.267104864120483398e-01
4.878191947937011719e-01
5.028254985809326172e-01
1.000000000000000000e+00
0.000000000000000000e+00
0.000000000000000000e+00
0.000000000000000000e+00
0.000000000000000000e+00
0.000000000000000000e+00
0.000000000000000000e+00
0.000000000000000000e+00
0.000000000000000000e+00
0.000000000000000000e+00
0.000000000000000000e+00
0.000000000000000000e+00
0.000000000000000000e+00
0.000000000000000000e+00
0.000000000000000000e+00
0.000000000000000000e+00
0.000000000000000000e+00
0.000000000000000000e+00
0.000000000000000000e+00
0.000000000000000000e+00
0.000000000000000000e+00
0.000000000000000000e+00
0.000000000000000000e+00
0.000000000000000000e+00
0.000000000000000000e+00
0.000000000000000000e+00
0.000000000000000000e+00
0.000000000000000000e+00
0.000000000000000000e+00
0.000000000000000000e+00
0.000000000000000000e+00
0.000000000000000000e+00
0.000000000000000000e+00
0.000000000000000000e+00
0.000000000000000000e+00
0.000000000000000000e+00
0.000000000000000000e+00
0.000000000000000000e+00
0.000000000000000000e+00
0.000000000000000000e+00
0.000000000000000000e+00
0.000000000000000000e+00
0.000000000000000000e+00
0.000000000000000000e+00
0.000000000000000000e+00
0.000000000000000000e+00
0.000000000000000000e+00
0.000000000000000000e+00
0.000000000000000000e+00
0.000000000000000000e+00
0.000000000000000000e+00
0.000000000000000000e+00
0.000000000000000000e+00
