-1.000000000000000000e+00
2.474879920482635498e-01
3.034219443798065186e-01
3.353700339794158936e-01
2.884370088577270508e-01
2.357907146215438843e-01
3.476387858390808105e-01
3.130942583084106445e-01
3.092765510082244873e-01
3.239766955375671387e-01
2.962034046649932861e-01
2.632907330989837646e-01
2.679644227027893066e-01
2.831659018993377686e-01
2.491218149662017822e-01
2.170825004577636719e-01
2.289316654205322266e-01
2.478762865066528320e-01
2.024452984333038330e-01
1.836550086736679077e-01
1.956803053617477417e-01
2.088550031185150146e-01
6.256155967712402344e-01
5.664346218109130859e-01
4.738529026508331299e-01
3.908343911170959473e-01
3.578625619411468506e-01
3.844717442989349365e-01
3.195294439792633057e-01
3.956995606422424316e-01
4.211837649345397949e-01
3.821645975112915039e-01
3.244176506996154785e-01
4.102291762828826904e-01
4.222221672534942627e-01
3.927672505378723145e-01
3.417637646198272705e-01
4.245375692844390869e-01
4.357266426086425781e-01
4.145575165748596191e-01
3.848417997360229492e-01
4.409112036228179932e-01
4.559781849384307861e-01
1.000000000000000000e+00
0.000000000000000000e+00
0.000000000000000000e+00
0.000000000000000000e+00
0.000000000000000000e+00
0.000000000000000000e+00
0.000000000000000000e+00
0.000000000000000000e+00
0.000000000000000000e+00
0.000000000000000000e+00
0.000000000000000000e+00
0.000000000000000000e+00
0.000000000000000000e+00
0.000000000000000000e+00
0.000000000000000000e+00
0.000000000000000000e+00
0.000000000000000000e+00
0.000000000000000000e+00
0.000000000000000000e+00
0.000000000000000000e+00
0.000000000000000000e+00
0.000000000000000000e+00
0.000000000000000000e+00
0.000000000000000000e+00
0.000000000000000000e+00
0.000000000000000000e+00
0.000000000000000000e+00
0.000000000000000000e+00
0.000000000000000000e+00
0.000000000000000000e+00
0.000000000000000000e+00
0.000000000000000000e+00
0.000000000000000000e+00
0.000000000000000000e+00
0.000000000000000000e+00
0.000000000000000000e+00
0.000000000000000000e+00
0.000000000000000000e+00
0.000000000000000000e+00
0.000000000000000000e+00
0.000000000000000000e+00
0.000000000000000000e+00
0.000000000000000000e+00
0.000000000000000000e+00
0.000000000000000000e+00
0.000000000000000000e+00
0.000000000000000000e+00
0.000000000000000000e+00
0.000000000000000000e+00
0.000000000000000000e+00
0.000000000000000000e+00
0.000000000000000000e+00
0.000000000000000000e+00
