1.000000000000000000e+00
0.000000000000000000e+00
2.832088110479404341e-01
5.744458109624228648e-01
8.193535222524223061e-01
1.000000000000000000e+00
6.495108765168764453e-01
6.945418855820418846e-01
5.369060844282109723e-01
5.419516001593498444e-01
5.353336843653793142e-01
6.045951597262085864e-01
4.099735385232625151e-01
4.325735989370773082e-01
4.662559548081523508e-01
5.534273195676839840e-01
3.680269816279437278e-01
3.650380486405899738e-01
4.387694790882742946e-01
5.020883137702206733e-01
3.702366284545362540e-01
3.229848246428025926e-01
0.000000000000000000e+00
0.000000000000000000e+00
0.000000000000000000e+00
1.000000000000000000e+00
1.000000000000000000e+00
0.000000000000000000e+00
0.000000000000000000e+00
0.000000000000000000e+00
0.000000000000000000e+00
0.000000000000000000e+00
0.000000000000000000e+00
0.000000000000000000e+00
0.000000000000000000e+00
0.000000000000000000e+00
0.000000000000000000e+00
0.000000000000000000e+00
0.000000000000000000e+00
0.000000000000000000e+00
0.000000000000000000e+00
0.000000000000000000e+00
0.000000000000000000e+00
0.000000000000000000e+00
0.000000000000000000e+00
0.000000000000000000e+00
0.000000000000000000e+00
0.000000000000000000e+00
0.000000000000000000e+00
0.000000000000000000e+00
0.000000000000000000e+00
0.000000000000000000e+00
0.000000000000000000e+00
0.000000000000000000e+00
