1.000000000000000000e+00
0.000000000000000000e+00
3.548334903986601341e-01
6.466329648076912795e-01
8.329144352279002073e-01
1.000000000000000000e+00
6.323106057581986406e-01
6.912585692649243496e-01
6.205368162942719312e-01
5.757162654151770642e-01
4.463490490193410265e-01
5.459736420884115926e-01
4.957189950777490806e-01
4.579246100116389218e-01
2.546910469696541668e-01
3.925761115643694454e-01
3.743402965083539868e-01
3.550201106842369447e-01
8.703377288623195818e-02
2.782961156128218039e-01
2.844733812707318510e-01
2.463055269502625322e-01
1.000000000000000000e+00
0.000000000000000000e+00
0.000000000000000000e+00
1.000000000000000000e+00
1.000000000000000000e+00
0.000000000000000000e+00
0.000000000000000000e+00
0.000000000000000000e+00
0.000000000000000000e+00
0.000000000000000000e+00
0.000000000000000000e+00
0.000000000000000000e+00
0.000000000000000000e+00
0.000000000000000000e+00
0.000000000000000000e+00
0.000000000000000000e+00
0.000000000000000000e+00
0.000000000000000000e+00
0.000000000000000000e+00
0.000000000000000000e+00
0.000000000000000000e+00
0.000000000000000000e+00
0.000000000000000000e+00
0.000000000000000000e+00
0.000000000000000000e+00
0.000000000000000000e+00
0.000000000000000000e+00
0.000000000000000000e+00
0.000000000000000000e+00
0.000000000000000000e+00
0.000000000000000000e+00
0.000000000000000000e+00
