1.000000000000000000e+00
0.000000000000000000e+00
3.032668526566882350e-01
5.866756806789884537e-01
8.229947586230914602e-01
1.000000000000000000e+00
6.342088336315512276e-01
7.168400641023162656e-01
5.722703019740182917e-01
5.388668623121942725e-01
5.455731901453141353e-01
6.450484405484940842e-01
4.684131383170216378e-01
4.536180638249643349e-01
4.825831257724549905e-01
5.885418392582159042e-01
4.156793767346927959e-01
3.797969775510359747e-01
4.575339882831860883e-01
5.520128986446426467e-01
4.213474738743340775e-01
3.555497507472700214e-01
0.000000000000000000e+00
0.000000000000000000e+00
1.000000000000000000e+00
1.000000000000000000e+00
1.000000000000000000e+00
0.000000000000000000e+00
0.000000000000000000e+00
0.000000000000000000e+00
0.000000000000000000e+00
0.000000000000000000e+00
0.000000000000000000e+00
0.000000000000000000e+00
0.000000000000000000e+00
0.000000000000000000e+00
0.000000000000000000e+00
0.000000000000000000e+00
0.000000000000000000e+00
0.000000000000000000e+00
0.000000000000000000e+00
0.000000000000000000e+00
0.000000000000000000e+00
0.000000000000000000e+00
0.000000000000000000e+00
0.000000000000000000e+00
0.000000000000000000e+00
0.000000000000000000e+00
0.000000000000000000e+00
0.000000000000000000e+00
0.000000000000000000e+00
0.000000000000000000e+00
0.000000000000000000e+00
0.000000000000000000e+00
