1.000000000000000000e+00
0.000000000000000000e+00
2.918332954196998230e-01
5.844338357393075167e-01
8.200502369654775192e-01
1.000000000000000000e+00
6.159456629394126637e-01
6.896958025014882088e-01
5.470922216139014749e-01
5.323465838844873010e-01
5.214337119926282238e-01
5.918451787566140210e-01
4.130634909044086367e-01
4.350655268951477694e-01
4.526147257660309564e-01
5.269473266004317535e-01
3.586825772626477393e-01
3.699002256221967655e-01
4.311836052850989698e-01
4.811292831586950203e-01
3.576487327515394665e-01
3.326619105232034856e-01
1.000000000000000000e+00
0.000000000000000000e+00
0.000000000000000000e+00
1.000000000000000000e+00
1.000000000000000000e+00
0.000000000000000000e+00
0.000000000000000000e+00
0.000000000000000000e+00
0.000000000000000000e+00
0.000000000000000000e+00
0.000000000000000000e+00
0.000000000000000000e+00
0.000000000000000000e+00
0.000000000000000000e+00
0.000000000000000000e+00
0.000000000000000000e+00
0.000000000000000000e+00
0.000000000000000000e+00
0.000000000000000000e+00
0.000000000000000000e+00
0.000000000000000000e+00
0.000000000000000000e+00
0.000000000000000000e+00
0.000000000000000000e+00
0.000000000000000000e+00
0.000000000000000000e+00
0.000000000000000000e+00
0.000000000000000000e+00
0.000000000000000000e+00
0.000000000000000000e+00
0.000000000000000000e+00
0.000000000000000000e+00
