-1.000000000000000000e+00
3.728985488414764404e-01
4.495277702808380127e-01
5.107802748680114746e-01
5.547215938568115234e-01
5.741392374038696289e-01
4.484813213348388672e-01
4.506058692932128906e-01
4.475989639759063721e-01
4.459600746631622314e-01
3.995006084442138672e-01
3.977913558483123779e-01
4.031803309917449951e-01
4.086537957191467285e-01
3.522677719593048096e-01
3.474573493003845215e-01
3.619692325592041016e-01
3.710739910602569580e-01
3.059304952621459961e-01
2.723916172981262207e-01
2.509303689002990723e-01
2.320766001939773560e-01
6.823146343231201172e-01
6.307572126388549805e-01
5.501723289489746094e-01
4.733567833900451660e-01
4.155611097812652588e-01
4.486520588397979736e-01
3.925884962081909180e-01
4.681897461414337158e-01
4.968749284744262695e-01
4.436644613742828369e-01
3.940484523773193359e-01
4.830810129642486572e-01
5.015521049499511719e-01
4.526429474353790283e-01
4.083060622215270996e-01
4.883796870708465576e-01
5.213320851325988770e-01
4.646447300910949707e-01
3.793440759181976318e-01
3.298102617263793945e-01
2.711647152900695801e-01
0.000000000000000000e+00
0.000000000000000000e+00
0.000000000000000000e+00
0.000000000000000000e+00
1.000000000000000000e+00
0.000000000000000000e+00
0.000000000000000000e+00
0.000000000000000000e+00
0.000000000000000000e+00
0.000000000000000000e+00
0.000000000000000000e+00
0.000000000000000000e+00
0.000000000000000000e+00
0.000000000000000000e+00
0.000000000000000000e+00
0.000000000000000000e+00
0.000000000000000000e+00
0.000000000000000000e+00
0.000000000000000000e+00
0.000000000000000000e+00
0.000000000000000000e+00
0.000000000000000000e+00
0.000000000000000000e+00
0.000000000000000000e+00
0.000000000000000000e+00
0.000000000000000000e+00
0.000000000000000000e+00
0.000000000000000000e+00
0.000000000000000000e+00
0.000000000000000000e+00
0.000000000000000000e+00
0.000000000000000000e+00
0.000000000000000000e+00
0.000000000000000000e+00
0.000000000000000000e+00
0.000000000000000000e+00
0.000000000000000000e+00
0.000000000000000000e+00
0.000000000000000000e+00
0.000000000000000000e+00
0.000000000000000000e+00
0.000000000000000000e+00
0.000000000000000000e+00
0.000000000000000000e+00
0.000000000000000000e+00
0.000000000000000000e+00
0.000000000000000000e+00
0.000000000000000000e+00
0.000000000000000000e+00
0.000000000000000000e+00
0.000000000000000000e+00
0.000000000000000000e+00
0.000000000000000000e+00
