-1.000000000000000000e+00
3.583775758743286133e-01
4.419652223587036133e-01
5.210816860198974609e-01
5.861486196517944336e-01
6.257499456405639648e-01
4.979041218757629395e-01
5.145381689071655273e-01
4.917447865009307861e-01
4.826318621635437012e-01
4.523474872112274170e-01
4.629624187946319580e-01
4.440302550792694092e-01
4.513146281242370605e-01
4.059848189353942871e-01
4.128883183002471924e-01
4.065603315830230713e-01
4.093227982521057129e-01
3.606046438217163086e-01
3.589824140071868896e-01
3.551939725875854492e-01
3.551629483699798584e-01
7.100010514259338379e-01
6.981276273727416992e-01
6.466944217681884766e-01
5.897186994552612305e-01
5.455548167228698730e-01
5.282232761383056641e-01
4.745630025863647461e-01
5.452954769134521484e-01
5.653642416000366211e-01
4.989309608936309814e-01
4.558527767658233643e-01
5.504689812660217285e-01
5.552955269813537598e-01
4.834729433059692383e-01
4.384591579437255859e-01
5.289242267608642578e-01
5.625104904174804688e-01
4.708923101425170898e-01
3.789021372795104980e-01
3.252479135990142822e-01
2.619504332542419434e-01
0.000000000000000000e+00
0.000000000000000000e+00
0.000000000000000000e+00
0.000000000000000000e+00
1.000000000000000000e+00
0.000000000000000000e+00
0.000000000000000000e+00
0.000000000000000000e+00
0.000000000000000000e+00
0.000000000000000000e+00
0.000000000000000000e+00
0.000000000000000000e+00
0.000000000000000000e+00
0.000000000000000000e+00
0.000000000000000000e+00
0.000000000000000000e+00
0.000000000000000000e+00
0.000000000000000000e+00
0.000000000000000000e+00
0.000000000000000000e+00
0.000000000000000000e+00
0.000000000000000000e+00
0.000000000000000000e+00
0.000000000000000000e+00
0.000000000000000000e+00
0.000000000000000000e+00
0.000000000000000000e+00
0.000000000000000000e+00
0.000000000000000000e+00
0.000000000000000000e+00
0.000000000000000000e+00
0.000000000000000000e+00
0.000000000000000000e+00
0.000000000000000000e+00
0.000000000000000000e+00
0.000000000000000000e+00
0.000000000000000000e+00
0.000000000000000000e+00
0.000000000000000000e+00
0.000000000000000000e+00
0.000000000000000000e+00
0.000000000000000000e+00
0.000000000000000000e+00
0.000000000000000000e+00
0.000000000000000000e+00
0.000000000000000000e+00
0.000000000000000000e+00
0.000000000000000000e+00
0.000000000000000000e+00
0.000000000000000000e+00
0.000000000000000000e+00
0.000000000000000000e+00
0.000000000000000000e+00
