-1.000000000000000000e+00
3.839521408081054688e-01
4.606733024120330811e-01
5.064393877983093262e-01
5.184664130210876465e-01
4.868407845497131348e-01
4.393003880977630615e-01
4.398157596588134766e-01
4.506250917911529541e-01
4.520417451858520508e-01
3.926104009151458740e-01
3.903036117553710938e-01
4.069471657276153564e-01
4.115361869335174561e-01
3.458353877067565918e-01
3.409245610237121582e-01
3.623959422111511230e-01
3.702437281608581543e-01
2.992702424526214600e-01
2.562211751937866211e-01
2.337504625320434570e-01
2.117681652307510376e-01
7.059146165847778320e-01
6.420524716377258301e-01
5.495561957359313965e-01
4.646997153759002686e-01
4.295158088207244873e-01
4.675538241863250732e-01
4.055676758289337158e-01
4.744979739189147949e-01
5.096747875213623047e-01
4.738478958606719971e-01
4.201281070709228516e-01
4.987863898277282715e-01
5.235697031021118164e-01
4.902975559234619141e-01
4.383159279823303223e-01
5.085260272026062012e-01
5.473908185958862305e-01
5.099807977676391602e-01
4.287236034870147705e-01
3.803130984306335449e-01
3.267511725425720215e-01
1.000000000000000000e+00
0.000000000000000000e+00
0.000000000000000000e+00
0.000000000000000000e+00
1.000000000000000000e+00
0.000000000000000000e+00
0.000000000000000000e+00
0.000000000000000000e+00
0.000000000000000000e+00
0.000000000000000000e+00
0.000000000000000000e+00
0.000000000000000000e+00
0.000000000000000000e+00
0.000000000000000000e+00
0.000000000000000000e+00
0.000000000000000000e+00
0.000000000000000000e+00
0.000000000000000000e+00
0.000000000000000000e+00
0.000000000000000000e+00
0.000000000000000000e+00
0.000000000000000000e+00
0.000000000000000000e+00
0.000000000000000000e+00
0.000000000000000000e+00
0.000000000000000000e+00
0.000000000000000000e+00
0.000000000000000000e+00
0.000000000000000000e+00
0.000000000000000000e+00
0.000000000000000000e+00
0.000000000000000000e+00
0.000000000000000000e+00
0.000000000000000000e+00
0.000000000000000000e+00
0.000000000000000000e+00
0.000000000000000000e+00
0.000000000000000000e+00
0.000000000000000000e+00
0.000000000000000000e+00
0.000000000000000000e+00
0.000000000000000000e+00
0.000000000000000000e+00
0.000000000000000000e+00
0.000000000000000000e+00
0.000000000000000000e+00
0.000000000000000000e+00
0.000000000000000000e+00
0.000000000000000000e+00
0.000000000000000000e+00
0.000000000000000000e+00
0.000000000000000000e+00
0.000000000000000000e+00
