-1.000000000000000000e+00
3.552467525005340576e-01
4.287174046039581299e-01
4.821034967899322510e-01
5.018016099929809570e-01
4.692735075950622559e-01
4.233936071395874023e-01
4.149684309959411621e-01
4.238139390945434570e-01
4.239006638526916504e-01
3.719326853752136230e-01
3.627634346485137939e-01
3.796050846576690674e-01
3.840717077255249023e-01
3.237312138080596924e-01
3.126979470252990723e-01
3.384568393230438232e-01
3.485961556434631348e-01
2.759563922882080078e-01
2.370621114969253540e-01
2.123681157827377319e-01
1.871785223484039307e-01
7.264593839645385742e-01
6.705211997032165527e-01
5.719028711318969727e-01
4.781741499900817871e-01
4.373022317886352539e-01
4.778666794300079346e-01
4.172753095626831055e-01
4.937827885150909424e-01
5.139934420585632324e-01
4.816162586212158203e-01
4.342124462127685547e-01
5.279603004455566406e-01
5.240930318832397461e-01
4.967438876628875732e-01
4.514501988887786865e-01
5.347542166709899902e-01
5.612016916275024414e-01
5.121539831161499023e-01
4.298684895038604736e-01
3.842283785343170166e-01
3.262065649032592773e-01
1.000000000000000000e+00
0.000000000000000000e+00
0.000000000000000000e+00
0.000000000000000000e+00
1.000000000000000000e+00
0.000000000000000000e+00
0.000000000000000000e+00
0.000000000000000000e+00
0.000000000000000000e+00
0.000000000000000000e+00
0.000000000000000000e+00
0.000000000000000000e+00
0.000000000000000000e+00
0.000000000000000000e+00
0.000000000000000000e+00
0.000000000000000000e+00
0.000000000000000000e+00
0.000000000000000000e+00
0.000000000000000000e+00
0.000000000000000000e+00
0.000000000000000000e+00
0.000000000000000000e+00
0.000000000000000000e+00
0.000000000000000000e+00
0.000000000000000000e+00
0.000000000000000000e+00
0.000000000000000000e+00
0.000000000000000000e+00
0.000000000000000000e+00
0.000000000000000000e+00
0.000000000000000000e+00
0.000000000000000000e+00
0.000000000000000000e+00
0.000000000000000000e+00
0.000000000000000000e+00
0.000000000000000000e+00
0.000000000000000000e+00
0.000000000000000000e+00
0.000000000000000000e+00
0.000000000000000000e+00
0.000000000000000000e+00
0.000000000000000000e+00
0.000000000000000000e+00
0.000000000000000000e+00
0.000000000000000000e+00
0.000000000000000000e+00
0.000000000000000000e+00
0.000000000000000000e+00
0.000000000000000000e+00
0.000000000000000000e+00
0.000000000000000000e+00
0.000000000000000000e+00
0.000000000000000000e+00
