-1.000000000000000000e+00
0.000000000000000000e+00
2.425857555519045916e-01
5.669673316662441342e-01
7.631429722441025465e-01
7.729091513891371834e-01
8.022937234131768403e-01
1.000000000000000000e+00
7.392549404475076136e-01
6.732430549332243386e-01
7.857824363983874072e-01
9.728783084665777459e-01
6.685214057682492550e-01
6.505508059337773430e-01
7.507618342746050777e-01
9.458154778498201187e-01
6.399909992578045603e-01
6.028094091055283821e-01
7.302786496437185804e-01
8.311689785868690006e-01
6.254692731653304083e-01
5.839795404489278585e-01
1.000000000000000000e+00
0.000000000000000000e+00
0.000000000000000000e+00
0.000000000000000000e+00
0.000000000000000000e+00
0.000000000000000000e+00
0.000000000000000000e+00
0.000000000000000000e+00
0.000000000000000000e+00
0.000000000000000000e+00
0.000000000000000000e+00
0.000000000000000000e+00
0.000000000000000000e+00
0.000000000000000000e+00
0.000000000000000000e+00
0.000000000000000000e+00
0.000000000000000000e+00
0.000000000000000000e+00
0.000000000000000000e+00
0.000000000000000000e+00
0.000000000000000000e+00
0.000000000000000000e+00
0.000000000000000000e+00
0.000000000000000000e+00
0.000000000000000000e+00
0.000000000000000000e+00
0.000000000000000000e+00
0.000000000000000000e+00
0.000000000000000000e+00
0.000000000000000000e+00
0.000000000000000000e+00
0.000000000000000000e+00
