-1.000000000000000000e+00
0.000000000000000000e+00
2.706572035536203846e-01
5.999483691011037179e-01
7.653443110599486010e-01
7.261763363604231136e-01
8.046627464616223913e-01
1.000000000000000000e+00
7.516554966887336597e-01
6.692959194310759141e-01
7.783158960284872752e-01
9.790702851827304265e-01
6.980400633145329437e-01
6.379834367919030580e-01
7.353892806891862977e-01
9.334199665720392947e-01
6.631831872699028851e-01
6.031179476680128548e-01
6.935711569442022384e-01
8.031979799691643107e-01
6.224702849920376035e-01
5.669373954296492713e-01
1.000000000000000000e+00
0.000000000000000000e+00
0.000000000000000000e+00
0.000000000000000000e+00
0.000000000000000000e+00
0.000000000000000000e+00
0.000000000000000000e+00
0.000000000000000000e+00
0.000000000000000000e+00
0.000000000000000000e+00
0.000000000000000000e+00
0.000000000000000000e+00
0.000000000000000000e+00
0.000000000000000000e+00
0.000000000000000000e+00
0.000000000000000000e+00
0.000000000000000000e+00
0.000000000000000000e+00
0.000000000000000000e+00
0.000000000000000000e+00
0.000000000000000000e+00
0.000000000000000000e+00
0.000000000000000000e+00
0.000000000000000000e+00
0.000000000000000000e+00
0.000000000000000000e+00
0.000000000000000000e+00
0.000000000000000000e+00
0.000000000000000000e+00
0.000000000000000000e+00
0.000000000000000000e+00
0.000000000000000000e+00
