-1.000000000000000000e+00
0.000000000000000000e+00
2.753263013754610466e-01
5.640310905979593059e-01
7.254393423364531301e-01
8.451042339717375063e-01
7.749747295688026449e-01
9.918515598676264089e-01
8.062948517200966281e-01
6.587366024926161190e-01
7.459363872275592833e-01
1.000000000000000000e+00
7.456836999198803717e-01
6.138472580474235718e-01
6.989782626516867214e-01
9.166461519574172767e-01
6.451110375656807783e-01
5.286207426486351224e-01
6.391625150592294968e-01
7.533524787792013067e-01
5.580877153134077284e-01
4.787951778618508847e-01
1.000000000000000000e+00
0.000000000000000000e+00
0.000000000000000000e+00
0.000000000000000000e+00
0.000000000000000000e+00
0.000000000000000000e+00
0.000000000000000000e+00
0.000000000000000000e+00
0.000000000000000000e+00
0.000000000000000000e+00
0.000000000000000000e+00
0.000000000000000000e+00
0.000000000000000000e+00
0.000000000000000000e+00
0.000000000000000000e+00
0.000000000000000000e+00
0.000000000000000000e+00
0.000000000000000000e+00
0.000000000000000000e+00
0.000000000000000000e+00
0.000000000000000000e+00
0.000000000000000000e+00
0.000000000000000000e+00
0.000000000000000000e+00
0.000000000000000000e+00
0.000000000000000000e+00
0.000000000000000000e+00
0.000000000000000000e+00
0.000000000000000000e+00
0.000000000000000000e+00
0.000000000000000000e+00
0.000000000000000000e+00
