-1.000000000000000000e+00
0.000000000000000000e+00
2.479725261504487355e-01
5.457323476102161619e-01
7.267764393042493998e-01
8.457247810792404286e-01
7.712915147994929832e-01
1.000000000000000000e+00
7.632166611004885803e-01
6.330095988519366390e-01
7.334124191653039748e-01
9.687423340325359566e-01
6.813264362506022964e-01
5.734928495217184174e-01
6.817759154036396874e-01
9.113634263611395392e-01
6.212855098512156671e-01
5.170165453827254565e-01
6.316303858590027742e-01
7.612121313519130128e-01
5.598327757848826636e-01
4.867454405722158595e-01
1.000000000000000000e+00
0.000000000000000000e+00
0.000000000000000000e+00
0.000000000000000000e+00
0.000000000000000000e+00
0.000000000000000000e+00
0.000000000000000000e+00
0.000000000000000000e+00
0.000000000000000000e+00
0.000000000000000000e+00
0.000000000000000000e+00
0.000000000000000000e+00
0.000000000000000000e+00
0.000000000000000000e+00
0.000000000000000000e+00
0.000000000000000000e+00
0.000000000000000000e+00
0.000000000000000000e+00
0.000000000000000000e+00
0.000000000000000000e+00
0.000000000000000000e+00
0.000000000000000000e+00
0.000000000000000000e+00
0.000000000000000000e+00
0.000000000000000000e+00
0.000000000000000000e+00
0.000000000000000000e+00
0.000000000000000000e+00
0.000000000000000000e+00
0.000000000000000000e+00
0.000000000000000000e+00
0.000000000000000000e+00
