-1.000000000000000000e+00
0.000000000000000000e+00
2.410423193382442431e-01
5.495418137244338919e-01
7.220086547948054712e-01
8.314057687872813407e-01
7.552993829200077558e-01
1.000000000000000000e+00
7.531496208967537465e-01
6.053803419321733825e-01
6.854961259156848730e-01
9.191260473380287177e-01
6.355980411417558873e-01
5.553935022507691111e-01
6.224205794735667707e-01
8.372639384870800283e-01
5.673350532501802990e-01
4.930445382218677786e-01
5.736503483260613212e-01
7.034205370482315978e-01
5.210273422699088774e-01
4.543973130291499851e-01
1.000000000000000000e+00
0.000000000000000000e+00
0.000000000000000000e+00
0.000000000000000000e+00
0.000000000000000000e+00
0.000000000000000000e+00
0.000000000000000000e+00
0.000000000000000000e+00
0.000000000000000000e+00
0.000000000000000000e+00
0.000000000000000000e+00
0.000000000000000000e+00
0.000000000000000000e+00
0.000000000000000000e+00
0.000000000000000000e+00
0.000000000000000000e+00
0.000000000000000000e+00
0.000000000000000000e+00
0.000000000000000000e+00
0.000000000000000000e+00
0.000000000000000000e+00
0.000000000000000000e+00
0.000000000000000000e+00
0.000000000000000000e+00
0.000000000000000000e+00
0.000000000000000000e+00
0.000000000000000000e+00
0.000000000000000000e+00
0.000000000000000000e+00
0.000000000000000000e+00
0.000000000000000000e+00
0.000000000000000000e+00
