-1.000000000000000000e+00
0.000000000000000000e+00
2.633355163767147067e-01
5.745127902721401947e-01
7.334861828233135705e-01
8.220708927228255192e-01
7.631769165510171593e-01
1.000000000000000000e+00
7.693915415873607833e-01
6.213274415824137087e-01
6.894899250867463358e-01
9.385251567066019707e-01
6.567292293382356316e-01
5.465503084723115634e-01
6.167519055080832313e-01
8.406641531685719038e-01
5.653557150789046970e-01
4.694476773369849476e-01
5.542564372808537199e-01
7.031362589271032970e-01
5.125505932341352100e-01
4.316519875122807326e-01
1.000000000000000000e+00
0.000000000000000000e+00
0.000000000000000000e+00
0.000000000000000000e+00
0.000000000000000000e+00
0.000000000000000000e+00
0.000000000000000000e+00
0.000000000000000000e+00
0.000000000000000000e+00
0.000000000000000000e+00
0.000000000000000000e+00
0.000000000000000000e+00
0.000000000000000000e+00
0.000000000000000000e+00
0.000000000000000000e+00
0.000000000000000000e+00
0.000000000000000000e+00
0.000000000000000000e+00
0.000000000000000000e+00
0.000000000000000000e+00
0.000000000000000000e+00
0.000000000000000000e+00
0.000000000000000000e+00
0.000000000000000000e+00
0.000000000000000000e+00
0.000000000000000000e+00
0.000000000000000000e+00
0.000000000000000000e+00
0.000000000000000000e+00
0.000000000000000000e+00
0.000000000000000000e+00
0.000000000000000000e+00
