-1.000000000000000000e+00
0.000000000000000000e+00
2.182006638941302312e-01
5.298288582134788038e-01
7.255143957797721699e-01
8.571269064667730309e-01
7.905343400426683154e-01
1.000000000000000000e+00
7.393409999690286893e-01
5.959895692752619212e-01
7.660648222317462119e-01
9.967945521766388151e-01
6.737249718509380481e-01
5.798710226157386405e-01
7.365031450538379598e-01
9.240713877248774022e-01
6.230055778932956922e-01
5.580755209340285683e-01
7.131830429190869625e-01
8.125082375291177161e-01
6.067915853480543298e-01
5.599973097204909989e-01
1.000000000000000000e+00
0.000000000000000000e+00
0.000000000000000000e+00
0.000000000000000000e+00
0.000000000000000000e+00
0.000000000000000000e+00
0.000000000000000000e+00
0.000000000000000000e+00
0.000000000000000000e+00
0.000000000000000000e+00
0.000000000000000000e+00
0.000000000000000000e+00
0.000000000000000000e+00
0.000000000000000000e+00
0.000000000000000000e+00
0.000000000000000000e+00
0.000000000000000000e+00
0.000000000000000000e+00
0.000000000000000000e+00
0.000000000000000000e+00
0.000000000000000000e+00
0.000000000000000000e+00
0.000000000000000000e+00
0.000000000000000000e+00
0.000000000000000000e+00
0.000000000000000000e+00
0.000000000000000000e+00
0.000000000000000000e+00
0.000000000000000000e+00
0.000000000000000000e+00
0.000000000000000000e+00
0.000000000000000000e+00
