-1.000000000000000000e+00
0.000000000000000000e+00
1.772954033672724528e-01
3.499207555855199381e-01
4.823607557007715263e-01
5.806857864061800711e-01
5.298521323625291490e-01
7.073198113744066928e-01
8.272007615195609009e-01
9.315158850683969982e-01
5.514694058242726182e-01
7.473897437859114978e-01
8.827696161876613656e-01
1.000000000000000000e+00
5.419590134489827848e-01
7.268014955102396479e-01
8.519456556868011399e-01
9.541006162131059343e-01
4.989264232887201667e-01
6.347037864304251320e-01
7.327683083126178554e-01
8.216850457981037525e-01
0.000000000000000000e+00
1.000000000000000000e+00
1.000000000000000000e+00
1.000000000000000000e+00
1.000000000000000000e+00
0.000000000000000000e+00
0.000000000000000000e+00
0.000000000000000000e+00
0.000000000000000000e+00
0.000000000000000000e+00
0.000000000000000000e+00
0.000000000000000000e+00
0.000000000000000000e+00
0.000000000000000000e+00
0.000000000000000000e+00
0.000000000000000000e+00
0.000000000000000000e+00
0.000000000000000000e+00
0.000000000000000000e+00
0.000000000000000000e+00
0.000000000000000000e+00
0.000000000000000000e+00
0.000000000000000000e+00
0.000000000000000000e+00
0.000000000000000000e+00
0.000000000000000000e+00
0.000000000000000000e+00
0.000000000000000000e+00
0.000000000000000000e+00
0.000000000000000000e+00
0.000000000000000000e+00
0.000000000000000000e+00
