-1.000000000000000000e+00
0.000000000000000000e+00
1.592463250509818518e-01
3.234954397283972827e-01
4.620523808477529637e-01
5.692741793684745755e-01
5.152029331471509321e-01
6.997611805529249107e-01
8.178517372824205545e-01
9.217077313393666760e-01
5.383583889391716504e-01
7.537528143163019223e-01
8.874608140248753108e-01
1.000000000000000000e+00
5.247487483841688505e-01
7.316523592125606656e-01
8.571049722265063897e-01
9.624495155702735838e-01
4.796135700953504388e-01
6.361571350738860486e-01
7.407845244681759977e-01
8.381214053294937516e-01
0.000000000000000000e+00
1.000000000000000000e+00
1.000000000000000000e+00
1.000000000000000000e+00
1.000000000000000000e+00
0.000000000000000000e+00
0.000000000000000000e+00
0.000000000000000000e+00
0.000000000000000000e+00
0.000000000000000000e+00
0.000000000000000000e+00
0.000000000000000000e+00
0.000000000000000000e+00
0.000000000000000000e+00
0.000000000000000000e+00
0.000000000000000000e+00
0.000000000000000000e+00
0.000000000000000000e+00
0.000000000000000000e+00
0.000000000000000000e+00
0.000000000000000000e+00
0.000000000000000000e+00
0.000000000000000000e+00
0.000000000000000000e+00
0.000000000000000000e+00
0.000000000000000000e+00
0.000000000000000000e+00
0.000000000000000000e+00
0.000000000000000000e+00
0.000000000000000000e+00
0.000000000000000000e+00
0.000000000000000000e+00
