-1.000000000000000000e+00
0.000000000000000000e+00
1.610513743977445011e-01
3.225851459808372068e-01
4.533725294825803886e-01
5.537657922212951833e-01
5.031870347721291159e-01
6.901636269979227745e-01
8.146480135309087656e-01
9.286630301282284838e-01
5.200474042905236516e-01
7.380282867609906372e-01
8.789016229748501940e-01
1.000000000000000000e+00
4.993724366479455057e-01
6.987334910238978125e-01
8.390087610672725127e-01
9.635002862524500999e-01
4.554703032308008437e-01
6.142966096264106390e-01
7.243795645572945752e-01
8.318329489022224799e-01
0.000000000000000000e+00
1.000000000000000000e+00
1.000000000000000000e+00
1.000000000000000000e+00
1.000000000000000000e+00
0.000000000000000000e+00
0.000000000000000000e+00
0.000000000000000000e+00
0.000000000000000000e+00
0.000000000000000000e+00
0.000000000000000000e+00
0.000000000000000000e+00
0.000000000000000000e+00
0.000000000000000000e+00
0.000000000000000000e+00
0.000000000000000000e+00
0.000000000000000000e+00
0.000000000000000000e+00
0.000000000000000000e+00
0.000000000000000000e+00
0.000000000000000000e+00
0.000000000000000000e+00
0.000000000000000000e+00
0.000000000000000000e+00
0.000000000000000000e+00
0.000000000000000000e+00
0.000000000000000000e+00
0.000000000000000000e+00
0.000000000000000000e+00
0.000000000000000000e+00
0.000000000000000000e+00
0.000000000000000000e+00
