-1.000000000000000000e+00
0.000000000000000000e+00
1.604885786579138274e-01
3.250534815143475420e-01
4.599934047123648839e-01
5.607323766554548339e-01
5.080203853354904320e-01
6.961688255141823545e-01
8.168145396130810365e-01
9.288475742162496385e-01
5.236381353112166126e-01
7.414809972251110715e-01
8.801639586554181882e-01
1.000000000000000000e+00
5.028203362255161402e-01
7.035826544342254074e-01
8.419798361780931328e-01
9.650313036241241482e-01
4.575867638980534169e-01
6.191799272525840836e-01
7.312016295271881461e-01
8.389185355968703517e-01
0.000000000000000000e+00
1.000000000000000000e+00
1.000000000000000000e+00
1.000000000000000000e+00
1.000000000000000000e+00
1.000000000000000000e+00
0.000000000000000000e+00
1.227478222929009460e-01
2.696876803504602571e-01
3.756694343869156349e-01
4.593322591727721504e-01
5.091733385597793093e-01
7.390946035391425806e-01
8.744581935391644301e-01
1.000000000000000000e+00
4.611164592964051567e-01
5.478297882991255419e-01
3.993630960860662382e-01
3.427970573084713202e-01
4.019425689679348435e-01
4.609911519384131129e-01
3.109108539824622652e-01
2.697258828785629170e-01
3.427213499094218241e-01
3.763573732131363370e-01
2.663862051189582747e-01
2.293876239594080380e-01
0.000000000000000000e+00
1.000000000000000000e+00
0.000000000000000000e+00
0.000000000000000000e+00
0.000000000000000000e+00
