-1.000000000000000000e+00
0.000000000000000000e+00
1.599566648473151054e-01
3.250632388762083047e-01
4.603831772454184956e-01
5.617934667026137641e-01
5.075643459181125028e-01
6.952615435211205730e-01
8.164988706442355415e-01
9.291566240235554774e-01
5.235086586987766077e-01
7.405890280553261151e-01
8.793992531234559040e-01
1.000000000000000000e+00
5.032329566459325942e-01
7.049614973207621871e-01
8.421213552835168370e-01
9.648963758073247909e-01
4.583025657263993247e-01
6.203720743562706197e-01
7.318284104166982162e-01
8.395209382142133636e-01
0.000000000000000000e+00
1.000000000000000000e+00
1.000000000000000000e+00
1.000000000000000000e+00
1.000000000000000000e+00
1.000000000000000000e+00
0.000000000000000000e+00
1.219271163604926378e-01
2.687993823585468345e-01
3.759335125378264197e-01
4.631986886297742023e-01
5.130982551644661660e-01
7.421443706382484518e-01
8.761902331137946254e-01
1.000000000000000000e+00
4.653860224624496444e-01
5.520336961522019914e-01
4.069952460229749880e-01
3.517379900763644707e-01
4.057642650696896558e-01
4.625180706925486329e-01
3.142455129563354599e-01
2.734335562534052633e-01
3.459174301749576852e-01
3.801495432972445410e-01
2.700192852931662668e-01
2.311857958348188247e-01
0.000000000000000000e+00
1.000000000000000000e+00
0.000000000000000000e+00
0.000000000000000000e+00
0.000000000000000000e+00
