-1.000000000000000000e+00
0.000000000000000000e+00
1.648900068559311927e-01
3.305208795340145445e-01
4.629093755778933561e-01
5.650334997491250899e-01
5.124097225564439029e-01
6.987320906945992949e-01
8.176789121339478328e-01
9.287483600997372690e-01
5.277273273935306763e-01
7.425896998926835302e-01
8.802330917174056024e-01
1.000000000000000000e+00
5.066132412398832718e-01
7.055400870227364063e-01
8.410991721678043875e-01
9.635209340325099348e-01
4.608943932643104202e-01
6.243534039881474262e-01
7.366459944972957308e-01
8.468092457988558586e-01
0.000000000000000000e+00
1.000000000000000000e+00
1.000000000000000000e+00
1.000000000000000000e+00
1.000000000000000000e+00
1.000000000000000000e+00
0.000000000000000000e+00
1.743819058239888531e-01
3.434555564149665563e-01
4.711997917883753439e-01
5.581911724955417320e-01
5.478655127673778269e-01
7.588973309982033344e-01
8.904235243982107084e-01
1.000000000000000000e+00
5.285073933901920373e-01
5.927068683077421074e-01
4.560121410609159209e-01
3.853012432865355885e-01
4.692983374857712109e-01
4.536900417560126852e-01
3.319574686159285082e-01
2.944956283312014644e-01
3.802246096531893271e-01
3.227450002567427423e-01
2.370307273025388239e-01
2.159310067013519296e-01
0.000000000000000000e+00
1.000000000000000000e+00
0.000000000000000000e+00
0.000000000000000000e+00
0.000000000000000000e+00
