-1.000000000000000000e+00
3.733412027359008789e-01
4.513163566589355469e-01
5.216822624206542969e-01
5.765936374664306641e-01
6.296548247337341309e-01
4.890535771846771240e-01
5.236454010009765625e-01
5.429137349128723145e-01
5.572449564933776855e-01
4.455384612083435059e-01
4.605814218521118164e-01
4.659832119941711426e-01
4.688385128974914551e-01
4.011291265487670898e-01
4.097958803176879883e-01
4.124636650085449219e-01
4.149848520755767822e-01
3.554637432098388672e-01
3.302291035652160645e-01
3.140804171562194824e-01
3.026007115840911865e-01
7.819324135780334473e-01
7.678040266036987305e-01
7.194088697433471680e-01
6.744359731674194336e-01
6.612948775291442871e-01
5.531530976295471191e-01
4.678235650062561035e-01
4.119594395160675049e-01
3.617515861988067627e-01
5.239440798759460449e-01
4.171335101127624512e-01
3.501370549201965332e-01
2.935577034950256348e-01
5.222876071929931641e-01
4.196743071079254150e-01
3.572145104408264160e-01
3.048083782196044922e-01
5.439357161521911621e-01
4.683147668838500977e-01
4.180948138236999512e-01
3.709061741828918457e-01
0.000000000000000000e+00
1.000000000000000000e+00
1.000000000000000000e+00
1.000000000000000000e+00
1.000000000000000000e+00
0.000000000000000000e+00
0.000000000000000000e+00
0.000000000000000000e+00
0.000000000000000000e+00
0.000000000000000000e+00
0.000000000000000000e+00
0.000000000000000000e+00
0.000000000000000000e+00
0.000000000000000000e+00
0.000000000000000000e+00
0.000000000000000000e+00
0.000000000000000000e+00
0.000000000000000000e+00
0.000000000000000000e+00
0.000000000000000000e+00
0.000000000000000000e+00
0.000000000000000000e+00
0.000000000000000000e+00
0.000000000000000000e+00
0.000000000000000000e+00
0.000000000000000000e+00
0.000000000000000000e+00
0.000000000000000000e+00
0.000000000000000000e+00
0.000000000000000000e+00
0.000000000000000000e+00
0.000000000000000000e+00
0.000000000000000000e+00
0.000000000000000000e+00
0.000000000000000000e+00
0.000000000000000000e+00
0.000000000000000000e+00
0.000000000000000000e+00
0.000000000000000000e+00
0.000000000000000000e+00
0.000000000000000000e+00
0.000000000000000000e+00
0.000000000000000000e+00
0.000000000000000000e+00
0.000000000000000000e+00
0.000000000000000000e+00
0.000000000000000000e+00
0.000000000000000000e+00
0.000000000000000000e+00
0.000000000000000000e+00
0.000000000000000000e+00
0.000000000000000000e+00
0.000000000000000000e+00
