-1.000000000000000000e+00
5.472515225410461426e-01
6.271172761917114258e-01
7.018938064575195312e-01
7.564402818679809570e-01
8.015570640563964844e-01
6.712206602096557617e-01
7.114500999450683594e-01
7.335963249206542969e-01
7.493965625762939453e-01
6.328780651092529297e-01
6.576296687126159668e-01
6.664395928382873535e-01
6.700855493545532227e-01
5.934364199638366699e-01
6.097095608711242676e-01
6.176818013191223145e-01
6.224388480186462402e-01
5.500254631042480469e-01
5.304237008094787598e-01
5.183140039443969727e-01
5.091785192489624023e-01
6.433140635490417480e-01
6.415184140205383301e-01
6.066704988479614258e-01
5.730308890342712402e-01
5.655781030654907227e-01
4.334825873374938965e-01
3.573243319988250732e-01
3.063187599182128906e-01
2.616196572780609131e-01
4.045558571815490723e-01
3.024672865867614746e-01
2.390820980072021484e-01
1.869006156921386719e-01
3.996981978416442871e-01
3.016425371170043945e-01
2.392878681421279907e-01
1.877388954162597656e-01
4.145418703556060791e-01
3.366622924804687500e-01
2.826592922210693359e-01
2.335832715034484863e-01
0.000000000000000000e+00
1.000000000000000000e+00
1.000000000000000000e+00
1.000000000000000000e+00
1.000000000000000000e+00
0.000000000000000000e+00
0.000000000000000000e+00
0.000000000000000000e+00
0.000000000000000000e+00
0.000000000000000000e+00
0.000000000000000000e+00
0.000000000000000000e+00
0.000000000000000000e+00
0.000000000000000000e+00
0.000000000000000000e+00
0.000000000000000000e+00
0.000000000000000000e+00
0.000000000000000000e+00
0.000000000000000000e+00
0.000000000000000000e+00
0.000000000000000000e+00
0.000000000000000000e+00
0.000000000000000000e+00
0.000000000000000000e+00
0.000000000000000000e+00
0.000000000000000000e+00
0.000000000000000000e+00
0.000000000000000000e+00
0.000000000000000000e+00
0.000000000000000000e+00
0.000000000000000000e+00
0.000000000000000000e+00
0.000000000000000000e+00
0.000000000000000000e+00
0.000000000000000000e+00
0.000000000000000000e+00
0.000000000000000000e+00
0.000000000000000000e+00
0.000000000000000000e+00
0.000000000000000000e+00
0.000000000000000000e+00
0.000000000000000000e+00
0.000000000000000000e+00
0.000000000000000000e+00
0.000000000000000000e+00
0.000000000000000000e+00
0.000000000000000000e+00
0.000000000000000000e+00
0.000000000000000000e+00
0.000000000000000000e+00
0.000000000000000000e+00
0.000000000000000000e+00
0.000000000000000000e+00
