-1.000000000000000000e+00
2.285422682762145996e-01
3.253441154956817627e-01
4.039023220539093018e-01
4.600147306919097900e-01
5.096820592880249023e-01
3.497654199600219727e-01
3.866339027881622314e-01
4.069243371486663818e-01
4.202318787574768066e-01
2.940194606781005859e-01
3.066305220127105713e-01
3.091779351234436035e-01
3.083652555942535400e-01
2.386407554149627686e-01
2.423906922340393066e-01
2.449772953987121582e-01
2.465317547321319580e-01
1.812979131937026978e-01
1.477659642696380615e-01
1.255218088626861572e-01
1.094368994235992432e-01
7.160898447036743164e-01
6.882230043411254883e-01
6.223080158233642578e-01
5.604218244552612305e-01
5.268232822418212891e-01
4.334207773208618164e-01
3.248854875564575195e-01
2.503436207771301270e-01
1.828850507736206055e-01
4.058566391468048096e-01
2.719138562679290771e-01
1.852171123027801514e-01
1.119869053363800049e-01
4.118036031723022461e-01
2.868543565273284912e-01
2.009297013282775879e-01
1.274341046810150146e-01
4.421922266483306885e-01
3.500288128852844238e-01
2.853666245937347412e-01
2.223911732435226440e-01
0.000000000000000000e+00
1.000000000000000000e+00
1.000000000000000000e+00
1.000000000000000000e+00
1.000000000000000000e+00
0.000000000000000000e+00
0.000000000000000000e+00
0.000000000000000000e+00
0.000000000000000000e+00
0.000000000000000000e+00
0.000000000000000000e+00
0.000000000000000000e+00
0.000000000000000000e+00
0.000000000000000000e+00
0.000000000000000000e+00
0.000000000000000000e+00
0.000000000000000000e+00
0.000000000000000000e+00
0.000000000000000000e+00
0.000000000000000000e+00
0.000000000000000000e+00
0.000000000000000000e+00
0.000000000000000000e+00
0.000000000000000000e+00
0.000000000000000000e+00
0.000000000000000000e+00
0.000000000000000000e+00
0.000000000000000000e+00
0.000000000000000000e+00
0.000000000000000000e+00
0.000000000000000000e+00
0.000000000000000000e+00
0.000000000000000000e+00
0.000000000000000000e+00
0.000000000000000000e+00
0.000000000000000000e+00
0.000000000000000000e+00
0.000000000000000000e+00
0.000000000000000000e+00
0.000000000000000000e+00
0.000000000000000000e+00
0.000000000000000000e+00
0.000000000000000000e+00
0.000000000000000000e+00
0.000000000000000000e+00
0.000000000000000000e+00
0.000000000000000000e+00
0.000000000000000000e+00
0.000000000000000000e+00
0.000000000000000000e+00
0.000000000000000000e+00
0.000000000000000000e+00
0.000000000000000000e+00
