-1.000000000000000000e+00
2.427620887756347656e-01
3.333746790885925293e-01
4.104322195053100586e-01
4.671497941017150879e-01
5.162897706031799316e-01
3.611129820346832275e-01
3.981339931488037109e-01
4.164374470710754395e-01
4.283792972564697266e-01
3.067330718040466309e-01
3.179139792919158936e-01
3.188964426517486572e-01
3.161795735359191895e-01
2.526792883872985840e-01
2.562913596630096436e-01
2.585063278675079346e-01
2.592069506645202637e-01
1.968952417373657227e-01
1.650983393192291260e-01
1.446228921413421631e-01
1.284575015306472778e-01
7.321342229843139648e-01
7.015330791473388672e-01
6.359490752220153809e-01
5.733691453933715820e-01
5.367771387100219727e-01
4.489086866378784180e-01
3.406041860580444336e-01
2.678045928478240967e-01
1.979444622993469238e-01
4.201546311378479004e-01
2.867779731750488281e-01
2.026695609092712402e-01
1.282792687416076660e-01
4.264167547225952148e-01
3.035056591033935547e-01
2.199040949344635010e-01
1.446740925312042236e-01
4.590920805931091309e-01
3.664609491825103760e-01
3.032216429710388184e-01
2.413204163312911987e-01
0.000000000000000000e+00
1.000000000000000000e+00
1.000000000000000000e+00
1.000000000000000000e+00
1.000000000000000000e+00
1.000000000000000000e+00
7.941079139709472656e-01
7.443466186523437500e-01
7.040972709655761719e-01
7.044376730918884277e-01
7.181506156921386719e-01
6.866912841796875000e-01
6.566253900527954102e-01
6.407076716423034668e-01
6.307805180549621582e-01
7.347943186759948730e-01
7.284842133522033691e-01
7.304126620292663574e-01
7.303804159164428711e-01
7.822036147117614746e-01
7.802180647850036621e-01
7.746121883392333984e-01
7.698756456375122070e-01
8.257871866226196289e-01
8.228532671928405762e-01
8.137183189392089844e-01
8.083640336990356445e-01
7.496973872184753418e-01
7.277973890304565430e-01
6.698291301727294922e-01
6.015198230743408203e-01
5.402601361274719238e-01
5.392977595329284668e-01
4.373959302902221680e-01
3.765925765037536621e-01
3.156519830226898193e-01
5.349617600440979004e-01
4.828668236732482910e-01
5.579493641853332520e-01
5.808991193771362305e-01
5.455856323242187500e-01
5.141874551773071289e-01
5.936301946640014648e-01
6.099137663841247559e-01
5.672011375427246094e-01
5.408956408500671387e-01
5.979785323143005371e-01
6.146779656410217285e-01
0.000000000000000000e+00
1.000000000000000000e+00
0.000000000000000000e+00
0.000000000000000000e+00
0.000000000000000000e+00
