-1.000000000000000000e+00
2.499651610851287842e-01
3.395083546638488770e-01
4.166800379753112793e-01
4.735673367977142334e-01
5.227352380752563477e-01
3.696317672729492188e-01
4.068682789802551270e-01
4.254347383975982666e-01
4.380367100238800049e-01
3.177639544010162354e-01
3.298525214195251465e-01
3.320340812206268311e-01
3.304393589496612549e-01
2.660376131534576416e-01
2.702749669551849365e-01
2.745348215103149414e-01
2.771800160408020020e-01
2.117926776409149170e-01
1.863683313131332397e-01
1.701736152172088623e-01
1.578308194875717163e-01
7.232866883277893066e-01
6.936724781990051270e-01
6.289206743240356445e-01
5.692439675331115723e-01
5.351541638374328613e-01
4.457498192787170410e-01
3.394863009452819824e-01
2.693426907062530518e-01
2.025496363639831543e-01
4.189321994781494141e-01
2.888170480728149414e-01
2.057317495346069336e-01
1.331367790699005127e-01
4.239832758903503418e-01
3.056190013885498047e-01
2.238906025886535645e-01
1.507114768028259277e-01
4.530155062675476074e-01
3.593805134296417236e-01
2.949055433273315430e-01
2.320566773414611816e-01
0.000000000000000000e+00
1.000000000000000000e+00
1.000000000000000000e+00
1.000000000000000000e+00
1.000000000000000000e+00
1.000000000000000000e+00
7.955938577651977539e-01
7.467397451400756836e-01
7.083497047424316406e-01
7.116087079048156738e-01
7.307605743408203125e-01
6.914750337600708008e-01
6.647523045539855957e-01
6.514070034027099609e-01
6.437124013900756836e-01
7.409316301345825195e-01
7.388389110565185547e-01
7.385346889495849609e-01
7.361346483230590820e-01
7.890904545783996582e-01
7.906214594841003418e-01
7.820656895637512207e-01
7.754866480827331543e-01
8.322801589965820312e-01
8.318361639976501465e-01
8.215619921684265137e-01
8.162284493446350098e-01
7.459744215011596680e-01
7.225236296653747559e-01
6.646817922592163086e-01
5.954368114471435547e-01
5.336434245109558105e-01
5.302655100822448730e-01
4.241782724857330322e-01
3.610633611679077148e-01
2.970708310604095459e-01
5.257322192192077637e-01
4.806436598300933838e-01
5.591771602630615234e-01
5.816834568977355957e-01
5.372503995895385742e-01
5.102254152297973633e-01
5.896315574645996094e-01
6.042071580886840820e-01
5.605706572532653809e-01
5.408054590225219727e-01
5.988163948059082031e-01
6.141030788421630859e-01
0.000000000000000000e+00
1.000000000000000000e+00
0.000000000000000000e+00
0.000000000000000000e+00
0.000000000000000000e+00
