-1.000000000000000000e+00
4.039433002471923828e-01
4.525814056396484375e-01
4.910789728164672852e-01
4.760499596595764160e-01
4.475747346878051758e-01
5.021699070930480957e-01
5.279265642166137695e-01
5.386307835578918457e-01
5.431140661239624023e-01
4.649284482002258301e-01
4.906456768512725830e-01
5.037890672683715820e-01
5.124546289443969727e-01
4.249441921710968018e-01
4.381852149963378906e-01
4.428396522998809814e-01
4.442625641822814941e-01
3.828016519546508789e-01
3.953954875469207764e-01
4.091895222663879395e-01
4.191190302371978760e-01
7.839815616607666016e-01
7.635486125946044922e-01
7.133185863494873047e-01
6.581470370292663574e-01
6.152866482734680176e-01
5.870487689971923828e-01
4.962421655654907227e-01
4.380676150321960449e-01
3.893351554870605469e-01
5.717007517814636230e-01
4.708350896835327148e-01
4.029140472412109375e-01
3.493742346763610840e-01
5.809907317161560059e-01
5.487536191940307617e-01
5.918170809745788574e-01
6.270243525505065918e-01
6.029012203216552734e-01
5.751448869705200195e-01
6.032348871231079102e-01
6.305859684944152832e-01
1.000000000000000000e+00
1.000000000000000000e+00
1.000000000000000000e+00
0.000000000000000000e+00
0.000000000000000000e+00
0.000000000000000000e+00
0.000000000000000000e+00
0.000000000000000000e+00
0.000000000000000000e+00
0.000000000000000000e+00
0.000000000000000000e+00
0.000000000000000000e+00
0.000000000000000000e+00
0.000000000000000000e+00
0.000000000000000000e+00
0.000000000000000000e+00
0.000000000000000000e+00
0.000000000000000000e+00
0.000000000000000000e+00
0.000000000000000000e+00
0.000000000000000000e+00
0.000000000000000000e+00
0.000000000000000000e+00
0.000000000000000000e+00
0.000000000000000000e+00
0.000000000000000000e+00
0.000000000000000000e+00
0.000000000000000000e+00
0.000000000000000000e+00
0.000000000000000000e+00
0.000000000000000000e+00
0.000000000000000000e+00
0.000000000000000000e+00
0.000000000000000000e+00
0.000000000000000000e+00
0.000000000000000000e+00
0.000000000000000000e+00
0.000000000000000000e+00
0.000000000000000000e+00
0.000000000000000000e+00
0.000000000000000000e+00
0.000000000000000000e+00
0.000000000000000000e+00
0.000000000000000000e+00
0.000000000000000000e+00
0.000000000000000000e+00
0.000000000000000000e+00
0.000000000000000000e+00
0.000000000000000000e+00
0.000000000000000000e+00
0.000000000000000000e+00
0.000000000000000000e+00
0.000000000000000000e+00
