-1.000000000000000000e+00
4.122558832168579102e-01
4.625267982482910156e-01
5.071074962615966797e-01
5.000152587890625000e-01
4.750994741916656494e-01
5.220156908035278320e-01
5.556846857070922852e-01
5.723870396614074707e-01
5.823608636856079102e-01
4.872210323810577393e-01
5.219190716743469238e-01
5.435172319412231445e-01
5.574606657028198242e-01
4.479321539402008057e-01
4.723688662052154541e-01
4.787588119506835938e-01
4.775538444519042969e-01
4.051643013954162598e-01
4.268666207790374756e-01
4.414262175559997559e-01
4.483352005481719971e-01
7.798211574554443359e-01
7.671505808830261230e-01
7.199059724807739258e-01
6.620686650276184082e-01
6.169580817222595215e-01
5.960082411766052246e-01
5.109897255897521973e-01
4.571141600608825684e-01
4.107362031936645508e-01
5.787631273269653320e-01
4.833547472953796387e-01
4.215889871120452881e-01
3.737516403198242188e-01
5.830724239349365234e-01
5.522332191467285156e-01
5.935778021812438965e-01
6.277849078178405762e-01
5.991948843002319336e-01
5.642329454421997070e-01
5.908935666084289551e-01
6.199889183044433594e-01
1.000000000000000000e+00
1.000000000000000000e+00
1.000000000000000000e+00
0.000000000000000000e+00
0.000000000000000000e+00
0.000000000000000000e+00
0.000000000000000000e+00
0.000000000000000000e+00
0.000000000000000000e+00
0.000000000000000000e+00
0.000000000000000000e+00
0.000000000000000000e+00
0.000000000000000000e+00
0.000000000000000000e+00
0.000000000000000000e+00
0.000000000000000000e+00
0.000000000000000000e+00
0.000000000000000000e+00
0.000000000000000000e+00
0.000000000000000000e+00
0.000000000000000000e+00
0.000000000000000000e+00
0.000000000000000000e+00
0.000000000000000000e+00
0.000000000000000000e+00
0.000000000000000000e+00
0.000000000000000000e+00
0.000000000000000000e+00
0.000000000000000000e+00
0.000000000000000000e+00
0.000000000000000000e+00
0.000000000000000000e+00
0.000000000000000000e+00
0.000000000000000000e+00
0.000000000000000000e+00
0.000000000000000000e+00
0.000000000000000000e+00
0.000000000000000000e+00
0.000000000000000000e+00
0.000000000000000000e+00
0.000000000000000000e+00
0.000000000000000000e+00
0.000000000000000000e+00
0.000000000000000000e+00
0.000000000000000000e+00
0.000000000000000000e+00
0.000000000000000000e+00
0.000000000000000000e+00
0.000000000000000000e+00
0.000000000000000000e+00
0.000000000000000000e+00
0.000000000000000000e+00
0.000000000000000000e+00
