-1.000000000000000000e+00
4.177329242229461670e-01
4.696522653102874756e-01
5.185658335685729980e-01
5.206032395362854004e-01
5.033909082412719727e-01
5.480935573577880859e-01
5.958372950553894043e-01
6.199795007705688477e-01
6.360838413238525391e-01
5.161048173904418945e-01
5.645436644554138184e-01
5.944818854331970215e-01
6.146443486213684082e-01
4.773973226547241211e-01
5.112410783767700195e-01
5.003216862678527832e-01
4.841420054435729980e-01
4.359938800334930420e-01
4.702978134155273438e-01
4.729901850223541260e-01
4.650673270225524902e-01
7.603973746299743652e-01
7.560808658599853516e-01
7.165116667747497559e-01
6.540384292602539062e-01
5.983378887176513672e-01
6.015089750289916992e-01
5.239314436912536621e-01
4.723755717277526855e-01
4.257005155086517334e-01
5.761478543281555176e-01
4.872753322124481201e-01
4.318116307258605957e-01
3.879935145378112793e-01
5.687564611434936523e-01
5.555622577667236328e-01
6.182923913002014160e-01
6.598441600799560547e-01
5.718965530395507812e-01
5.495997071266174316e-01
5.955912470817565918e-01
6.351625323295593262e-01
1.000000000000000000e+00
1.000000000000000000e+00
1.000000000000000000e+00
0.000000000000000000e+00
0.000000000000000000e+00
0.000000000000000000e+00
0.000000000000000000e+00
0.000000000000000000e+00
0.000000000000000000e+00
0.000000000000000000e+00
0.000000000000000000e+00
0.000000000000000000e+00
0.000000000000000000e+00
0.000000000000000000e+00
0.000000000000000000e+00
0.000000000000000000e+00
0.000000000000000000e+00
0.000000000000000000e+00
0.000000000000000000e+00
0.000000000000000000e+00
0.000000000000000000e+00
0.000000000000000000e+00
0.000000000000000000e+00
0.000000000000000000e+00
0.000000000000000000e+00
0.000000000000000000e+00
0.000000000000000000e+00
0.000000000000000000e+00
0.000000000000000000e+00
0.000000000000000000e+00
0.000000000000000000e+00
0.000000000000000000e+00
0.000000000000000000e+00
0.000000000000000000e+00
0.000000000000000000e+00
0.000000000000000000e+00
0.000000000000000000e+00
0.000000000000000000e+00
0.000000000000000000e+00
0.000000000000000000e+00
0.000000000000000000e+00
0.000000000000000000e+00
0.000000000000000000e+00
0.000000000000000000e+00
0.000000000000000000e+00
0.000000000000000000e+00
0.000000000000000000e+00
0.000000000000000000e+00
0.000000000000000000e+00
0.000000000000000000e+00
0.000000000000000000e+00
0.000000000000000000e+00
0.000000000000000000e+00
