-1.000000000000000000e+00
4.187085032463073730e-01
4.534792006015777588e-01
4.628637731075286865e-01
4.302833080291748047e-01
3.897435665130615234e-01
4.297187924385070801e-01
4.163359999656677246e-01
4.036835134029388428e-01
3.897657394409179688e-01
3.929346799850463867e-01
3.769813179969787598e-01
3.637076020240783691e-01
3.508668243885040283e-01
3.628649115562438965e-01
3.574744164943695068e-01
3.788242340087890625e-01
3.940262496471405029e-01
3.366894423961639404e-01
3.333695530891418457e-01
3.564309179782867432e-01
3.762480914592742920e-01
7.706978321075439453e-01
7.219703197479248047e-01
6.532710194587707520e-01
6.140804886817932129e-01
5.961744189262390137e-01
5.372332334518432617e-01
4.520266354084014893e-01
3.980608582496643066e-01
3.552565872669219971e-01
5.490151643753051758e-01
4.552946686744689941e-01
3.929334282875061035e-01
3.411655426025390625e-01
5.842223763465881348e-01
5.428958535194396973e-01
5.857221484184265137e-01
6.215987205505371094e-01
6.329936981201171875e-01
5.945330858230590820e-01
6.129063367843627930e-01
6.338947415351867676e-01
1.000000000000000000e+00
1.000000000000000000e+00
1.000000000000000000e+00
0.000000000000000000e+00
0.000000000000000000e+00
0.000000000000000000e+00
0.000000000000000000e+00
0.000000000000000000e+00
0.000000000000000000e+00
0.000000000000000000e+00
0.000000000000000000e+00
0.000000000000000000e+00
0.000000000000000000e+00
0.000000000000000000e+00
0.000000000000000000e+00
0.000000000000000000e+00
0.000000000000000000e+00
0.000000000000000000e+00
0.000000000000000000e+00
0.000000000000000000e+00
0.000000000000000000e+00
0.000000000000000000e+00
0.000000000000000000e+00
0.000000000000000000e+00
0.000000000000000000e+00
0.000000000000000000e+00
0.000000000000000000e+00
0.000000000000000000e+00
0.000000000000000000e+00
0.000000000000000000e+00
0.000000000000000000e+00
0.000000000000000000e+00
0.000000000000000000e+00
0.000000000000000000e+00
0.000000000000000000e+00
0.000000000000000000e+00
0.000000000000000000e+00
0.000000000000000000e+00
0.000000000000000000e+00
0.000000000000000000e+00
0.000000000000000000e+00
0.000000000000000000e+00
0.000000000000000000e+00
0.000000000000000000e+00
0.000000000000000000e+00
0.000000000000000000e+00
0.000000000000000000e+00
0.000000000000000000e+00
0.000000000000000000e+00
0.000000000000000000e+00
0.000000000000000000e+00
0.000000000000000000e+00
0.000000000000000000e+00
