1.000000000000000000e+00
4.159822165966033936e-01
4.500751495361328125e-01
4.529401063919067383e-01
4.169847965240478516e-01
3.740462958812713623e-01
4.076750576496124268e-01
3.846382200717926025e-01
3.662723004817962646e-01
3.482548594474792480e-01
3.714707493782043457e-01
3.419065773487091064e-01
3.225481510162353516e-01
3.062922358512878418e-01
3.443341851234436035e-01
3.375762999057769775e-01
3.643029332160949707e-01
3.821329772472381592e-01
3.228804171085357666e-01
3.169520199298858643e-01
3.421780467033386230e-01
3.622998297214508057e-01
7.691466808319091797e-01
7.155553102493286133e-01
6.458728909492492676e-01
6.120879650115966797e-01
5.999777913093566895e-01
5.336139202117919922e-01
4.507805705070495605e-01
3.998313248157501221e-01
3.593857884407043457e-01
5.517269372940063477e-01
4.586229920387268066e-01
3.971419334411621094e-01
3.477846980094909668e-01
5.922701954841613770e-01
5.562813282012939453e-01
5.994482040405273438e-01
6.352739334106445312e-01
6.444296836853027344e-01
6.078478693962097168e-01
6.296233534812927246e-01
6.542919874191284180e-01
1.000000000000000000e+00
1.000000000000000000e+00
1.000000000000000000e+00
0.000000000000000000e+00
0.000000000000000000e+00
0.000000000000000000e+00
0.000000000000000000e+00
0.000000000000000000e+00
0.000000000000000000e+00
0.000000000000000000e+00
0.000000000000000000e+00
0.000000000000000000e+00
0.000000000000000000e+00
0.000000000000000000e+00
0.000000000000000000e+00
0.000000000000000000e+00
0.000000000000000000e+00
0.000000000000000000e+00
0.000000000000000000e+00
0.000000000000000000e+00
0.000000000000000000e+00
0.000000000000000000e+00
0.000000000000000000e+00
0.000000000000000000e+00
0.000000000000000000e+00
0.000000000000000000e+00
0.000000000000000000e+00
0.000000000000000000e+00
0.000000000000000000e+00
0.000000000000000000e+00
0.000000000000000000e+00
0.000000000000000000e+00
0.000000000000000000e+00
0.000000000000000000e+00
0.000000000000000000e+00
0.000000000000000000e+00
0.000000000000000000e+00
0.000000000000000000e+00
0.000000000000000000e+00
0.000000000000000000e+00
0.000000000000000000e+00
0.000000000000000000e+00
0.000000000000000000e+00
0.000000000000000000e+00
0.000000000000000000e+00
0.000000000000000000e+00
0.000000000000000000e+00
0.000000000000000000e+00
0.000000000000000000e+00
0.000000000000000000e+00
0.000000000000000000e+00
0.000000000000000000e+00
0.000000000000000000e+00
