-1.000000000000000000e+00
3.734207451343536377e-01
4.163735806941986084e-01
4.448787569999694824e-01
4.261721670627593994e-01
4.014625847339630127e-01
4.571178555488586426e-01
4.741581082344055176e-01
4.815796017646789551e-01
4.851853251457214355e-01
4.181075096130371094e-01
4.354159533977508545e-01
4.446584582328796387e-01
4.526847004890441895e-01
3.785090744495391846e-01
3.782376050949096680e-01
3.815034031867980957e-01
3.860950469970703125e-01
3.392916619777679443e-01
3.448236882686614990e-01
3.551835715770721436e-01
3.646999299526214600e-01
6.961113214492797852e-01
6.850913763046264648e-01
6.465579271316528320e-01
6.068252325057983398e-01
5.649783611297607422e-01
5.074122548103332520e-01
4.161290526390075684e-01
3.545192778110504150e-01
3.013925850391387939e-01
4.955108463764190674e-01
3.932121098041534424e-01
3.220347762107849121e-01
2.615385651588439941e-01
5.089488029479980469e-01
4.838920533657073975e-01
5.289190411567687988e-01
5.606143474578857422e-01
5.363790988922119141e-01
5.177081823348999023e-01
5.498294234275817871e-01
5.754496455192565918e-01
1.000000000000000000e+00
1.000000000000000000e+00
1.000000000000000000e+00
0.000000000000000000e+00
0.000000000000000000e+00
0.000000000000000000e+00
0.000000000000000000e+00
0.000000000000000000e+00
0.000000000000000000e+00
0.000000000000000000e+00
0.000000000000000000e+00
0.000000000000000000e+00
0.000000000000000000e+00
0.000000000000000000e+00
0.000000000000000000e+00
0.000000000000000000e+00
0.000000000000000000e+00
0.000000000000000000e+00
0.000000000000000000e+00
0.000000000000000000e+00
0.000000000000000000e+00
0.000000000000000000e+00
0.000000000000000000e+00
0.000000000000000000e+00
0.000000000000000000e+00
0.000000000000000000e+00
0.000000000000000000e+00
0.000000000000000000e+00
0.000000000000000000e+00
0.000000000000000000e+00
0.000000000000000000e+00
0.000000000000000000e+00
0.000000000000000000e+00
0.000000000000000000e+00
0.000000000000000000e+00
0.000000000000000000e+00
0.000000000000000000e+00
0.000000000000000000e+00
0.000000000000000000e+00
0.000000000000000000e+00
0.000000000000000000e+00
0.000000000000000000e+00
0.000000000000000000e+00
0.000000000000000000e+00
0.000000000000000000e+00
0.000000000000000000e+00
0.000000000000000000e+00
0.000000000000000000e+00
0.000000000000000000e+00
0.000000000000000000e+00
0.000000000000000000e+00
0.000000000000000000e+00
0.000000000000000000e+00
