-1.000000000000000000e+00
3.724344968795776367e-01
4.171480834484100342e-01
4.461105167865753174e-01
4.203165173530578613e-01
3.906399607658386230e-01
4.556873440742492676e-01
4.739612340927124023e-01
4.813420772552490234e-01
4.842765033245086670e-01
4.167450964450836182e-01
4.350553452968597412e-01
4.453020989894866943e-01
4.537271857261657715e-01
3.772515952587127686e-01
3.799502551555633545e-01
3.843106329441070557e-01
3.881244957447052002e-01
3.384687900543212891e-01
3.467806875705718994e-01
3.580177724361419678e-01
3.676797449588775635e-01
6.986700892448425293e-01
6.844269633293151855e-01
6.422070264816284180e-01
6.019452810287475586e-01
5.602425932884216309e-01
5.080936551094055176e-01
4.185997247695922852e-01
3.571474254131317139e-01
3.040245771408081055e-01
4.955156147480010986e-01
3.943204879760742188e-01
3.230463266372680664e-01
2.630327343940734863e-01
5.084581375122070312e-01
4.839537143707275391e-01
5.299065709114074707e-01
5.619975328445434570e-01
5.341263413429260254e-01
5.207049250602722168e-01
5.554757714271545410e-01
5.819470882415771484e-01
1.000000000000000000e+00
1.000000000000000000e+00
1.000000000000000000e+00
0.000000000000000000e+00
0.000000000000000000e+00
0.000000000000000000e+00
0.000000000000000000e+00
0.000000000000000000e+00
0.000000000000000000e+00
0.000000000000000000e+00
0.000000000000000000e+00
0.000000000000000000e+00
0.000000000000000000e+00
0.000000000000000000e+00
0.000000000000000000e+00
0.000000000000000000e+00
0.000000000000000000e+00
0.000000000000000000e+00
0.000000000000000000e+00
0.000000000000000000e+00
0.000000000000000000e+00
0.000000000000000000e+00
0.000000000000000000e+00
0.000000000000000000e+00
0.000000000000000000e+00
0.000000000000000000e+00
0.000000000000000000e+00
0.000000000000000000e+00
0.000000000000000000e+00
0.000000000000000000e+00
0.000000000000000000e+00
0.000000000000000000e+00
0.000000000000000000e+00
0.000000000000000000e+00
0.000000000000000000e+00
0.000000000000000000e+00
0.000000000000000000e+00
0.000000000000000000e+00
0.000000000000000000e+00
0.000000000000000000e+00
0.000000000000000000e+00
0.000000000000000000e+00
0.000000000000000000e+00
0.000000000000000000e+00
0.000000000000000000e+00
0.000000000000000000e+00
0.000000000000000000e+00
0.000000000000000000e+00
0.000000000000000000e+00
0.000000000000000000e+00
0.000000000000000000e+00
0.000000000000000000e+00
0.000000000000000000e+00
