-1.000000000000000000e+00
4.035700857639312744e-01
4.454086720943450928e-01
4.647765159606933594e-01
4.453891813755035400e-01
4.149547517299652100e-01
4.480233490467071533e-01
4.542505741119384766e-01
4.527104496955871582e-01
4.483309388160705566e-01
4.166133999824523926e-01
4.193862080574035645e-01
4.211318790912628174e-01
4.192213416099548340e-01
3.856076300144195557e-01
3.939771950244903564e-01
4.090504348278045654e-01
4.138799607753753662e-01
3.551765978336334229e-01
3.682780265808105469e-01
3.851299285888671875e-01
3.919488191604614258e-01
7.146368622779846191e-01
6.736147999763488770e-01
6.048130393028259277e-01
5.493392348289489746e-01
5.157479643821716309e-01
5.180293917655944824e-01
4.388757348060607910e-01
3.921405673027038574e-01
3.525667786598205566e-01
5.154287815093994141e-01
4.234138131141662598e-01
3.684927523136138916e-01
3.266007304191589355e-01
5.301430821418762207e-01
4.869719147682189941e-01
5.391022562980651855e-01
5.820738077163696289e-01
5.534881949424743652e-01
5.053054690361022949e-01
5.370751619338989258e-01
5.737113952636718750e-01
1.000000000000000000e+00
1.000000000000000000e+00
1.000000000000000000e+00
0.000000000000000000e+00
0.000000000000000000e+00
0.000000000000000000e+00
0.000000000000000000e+00
0.000000000000000000e+00
0.000000000000000000e+00
0.000000000000000000e+00
0.000000000000000000e+00
0.000000000000000000e+00
0.000000000000000000e+00
0.000000000000000000e+00
0.000000000000000000e+00
0.000000000000000000e+00
0.000000000000000000e+00
0.000000000000000000e+00
0.000000000000000000e+00
0.000000000000000000e+00
0.000000000000000000e+00
0.000000000000000000e+00
0.000000000000000000e+00
0.000000000000000000e+00
0.000000000000000000e+00
0.000000000000000000e+00
0.000000000000000000e+00
0.000000000000000000e+00
0.000000000000000000e+00
0.000000000000000000e+00
0.000000000000000000e+00
0.000000000000000000e+00
0.000000000000000000e+00
0.000000000000000000e+00
0.000000000000000000e+00
0.000000000000000000e+00
0.000000000000000000e+00
0.000000000000000000e+00
0.000000000000000000e+00
0.000000000000000000e+00
0.000000000000000000e+00
0.000000000000000000e+00
0.000000000000000000e+00
0.000000000000000000e+00
0.000000000000000000e+00
0.000000000000000000e+00
0.000000000000000000e+00
0.000000000000000000e+00
0.000000000000000000e+00
0.000000000000000000e+00
0.000000000000000000e+00
0.000000000000000000e+00
0.000000000000000000e+00
