-1.000000000000000000e+00
4.021438360214233398e-01
4.483343362808227539e-01
4.816761612892150879e-01
4.692850112915039062e-01
4.416754841804504395e-01
4.810023307800292969e-01
5.006821751594543457e-01
5.074764490127563477e-01
5.103816986083984375e-01
4.519887566566467285e-01
4.694867730140686035e-01
4.799388945102691650e-01
4.874388277530670166e-01
4.210675060749053955e-01
4.299333691596984863e-01
4.386215507984161377e-01
4.422674775123596191e-01
3.868470191955566406e-01
4.003683328628540039e-01
4.162355959415435791e-01
4.271448552608489990e-01
7.111952304840087891e-01
6.801453232765197754e-01
6.267725229263305664e-01
5.708733201026916504e-01
5.372740030288696289e-01
5.359930396080017090e-01
4.667578339576721191e-01
4.188456535339355469e-01
3.789758980274200439e-01
5.254642367362976074e-01
4.518531262874603271e-01
3.997482657432556152e-01
3.566458225250244141e-01
5.314075946807861328e-01
4.880298972129821777e-01
5.177865624427795410e-01
5.504182577133178711e-01
5.459529757499694824e-01
5.075153112411499023e-01
5.238171815872192383e-01
5.499964356422424316e-01
1.000000000000000000e+00
1.000000000000000000e+00
1.000000000000000000e+00
0.000000000000000000e+00
0.000000000000000000e+00
0.000000000000000000e+00
0.000000000000000000e+00
0.000000000000000000e+00
0.000000000000000000e+00
0.000000000000000000e+00
0.000000000000000000e+00
0.000000000000000000e+00
0.000000000000000000e+00
0.000000000000000000e+00
0.000000000000000000e+00
0.000000000000000000e+00
0.000000000000000000e+00
0.000000000000000000e+00
0.000000000000000000e+00
0.000000000000000000e+00
0.000000000000000000e+00
0.000000000000000000e+00
0.000000000000000000e+00
0.000000000000000000e+00
0.000000000000000000e+00
0.000000000000000000e+00
0.000000000000000000e+00
0.000000000000000000e+00
0.000000000000000000e+00
0.000000000000000000e+00
0.000000000000000000e+00
0.000000000000000000e+00
0.000000000000000000e+00
0.000000000000000000e+00
0.000000000000000000e+00
0.000000000000000000e+00
0.000000000000000000e+00
0.000000000000000000e+00
0.000000000000000000e+00
0.000000000000000000e+00
0.000000000000000000e+00
0.000000000000000000e+00
0.000000000000000000e+00
0.000000000000000000e+00
0.000000000000000000e+00
0.000000000000000000e+00
0.000000000000000000e+00
0.000000000000000000e+00
0.000000000000000000e+00
0.000000000000000000e+00
0.000000000000000000e+00
0.000000000000000000e+00
0.000000000000000000e+00
