1.000000000000000000e+00
5.354400873184204102e-01
4.653358757495880127e-01
4.182605743408203125e-01
3.783710300922393799e-01
3.412830233573913574e-01
4.675291180610656738e-01
4.679331183433532715e-01
4.703633785247802734e-01
4.743492007255554199e-01
5.096610784530639648e-01
5.102555751800537109e-01
5.078793764114379883e-01
5.087521672248840332e-01
5.525730848312377930e-01
5.470998287200927734e-01
5.405049324035644531e-01
5.369034409523010254e-01
5.922262668609619141e-01
6.103665232658386230e-01
6.230793595314025879e-01
6.323248147964477539e-01
6.718518733978271484e-01
6.271647214889526367e-01
5.665602684020996094e-01
5.150462985038757324e-01
4.950552880764007568e-01
4.679932892322540283e-01
3.675287067890167236e-01
3.025540709495544434e-01
2.512658834457397461e-01
4.517736732959747314e-01
4.377191960811614990e-01
4.745860993862152100e-01
5.066220760345458984e-01
4.639330506324768066e-01
4.567317962646484375e-01
4.926395118236541748e-01
5.209288001060485840e-01
4.862763881683349609e-01
4.125635921955108643e-01
3.732352852821350098e-01
3.410745859146118164e-01
1.000000000000000000e+00
1.000000000000000000e+00
0.000000000000000000e+00
0.000000000000000000e+00
1.000000000000000000e+00
0.000000000000000000e+00
0.000000000000000000e+00
0.000000000000000000e+00
0.000000000000000000e+00
0.000000000000000000e+00
0.000000000000000000e+00
0.000000000000000000e+00
0.000000000000000000e+00
0.000000000000000000e+00
0.000000000000000000e+00
0.000000000000000000e+00
0.000000000000000000e+00
0.000000000000000000e+00
0.000000000000000000e+00
0.000000000000000000e+00
0.000000000000000000e+00
0.000000000000000000e+00
0.000000000000000000e+00
0.000000000000000000e+00
0.000000000000000000e+00
0.000000000000000000e+00
0.000000000000000000e+00
0.000000000000000000e+00
0.000000000000000000e+00
0.000000000000000000e+00
0.000000000000000000e+00
0.000000000000000000e+00
0.000000000000000000e+00
0.000000000000000000e+00
0.000000000000000000e+00
0.000000000000000000e+00
0.000000000000000000e+00
0.000000000000000000e+00
0.000000000000000000e+00
0.000000000000000000e+00
0.000000000000000000e+00
0.000000000000000000e+00
0.000000000000000000e+00
0.000000000000000000e+00
0.000000000000000000e+00
0.000000000000000000e+00
0.000000000000000000e+00
0.000000000000000000e+00
0.000000000000000000e+00
0.000000000000000000e+00
0.000000000000000000e+00
0.000000000000000000e+00
0.000000000000000000e+00
