-1.000000000000000000e+00
4.275653362274169922e-01
5.007497668266296387e-01
5.673323869705200195e-01
6.209330558776855469e-01
6.631489992141723633e-01
5.558254718780517578e-01
5.804743170738220215e-01
5.951976180076599121e-01
6.033952236175537109e-01
5.132378339767456055e-01
5.153374671936035156e-01
4.985122978687286377e-01
5.047302842140197754e-01
4.715466499328613281e-01
4.679621458053588867e-01
4.649830460548400879e-01
4.718836843967437744e-01
4.282391071319580078e-01
4.221989512443542480e-01
4.193775355815887451e-01
4.214451014995574951e-01
6.775243282318115234e-01
6.819458007812500000e-01
6.337823867797851562e-01
5.944409966468811035e-01
5.870887637138366699e-01
5.044815540313720703e-01
4.189123511314392090e-01
3.603386580944061279e-01
3.051329255104064941e-01
4.900265038013458252e-01
4.569080173969268799e-01
5.435512661933898926e-01
5.560164451599121094e-01
4.856156110763549805e-01
4.560201764106750488e-01
5.307493209838867188e-01
5.496826171875000000e-01
4.826923012733459473e-01
3.972159922122955322e-01
3.564831912517547607e-01
3.033092617988586426e-01
0.000000000000000000e+00
1.000000000000000000e+00
0.000000000000000000e+00
0.000000000000000000e+00
1.000000000000000000e+00
0.000000000000000000e+00
0.000000000000000000e+00
0.000000000000000000e+00
0.000000000000000000e+00
0.000000000000000000e+00
0.000000000000000000e+00
0.000000000000000000e+00
0.000000000000000000e+00
0.000000000000000000e+00
0.000000000000000000e+00
0.000000000000000000e+00
0.000000000000000000e+00
0.000000000000000000e+00
0.000000000000000000e+00
0.000000000000000000e+00
0.000000000000000000e+00
0.000000000000000000e+00
0.000000000000000000e+00
0.000000000000000000e+00
0.000000000000000000e+00
0.000000000000000000e+00
0.000000000000000000e+00
0.000000000000000000e+00
0.000000000000000000e+00
0.000000000000000000e+00
0.000000000000000000e+00
0.000000000000000000e+00
0.000000000000000000e+00
0.000000000000000000e+00
0.000000000000000000e+00
0.000000000000000000e+00
0.000000000000000000e+00
0.000000000000000000e+00
0.000000000000000000e+00
0.000000000000000000e+00
0.000000000000000000e+00
0.000000000000000000e+00
0.000000000000000000e+00
0.000000000000000000e+00
0.000000000000000000e+00
0.000000000000000000e+00
0.000000000000000000e+00
0.000000000000000000e+00
0.000000000000000000e+00
0.000000000000000000e+00
0.000000000000000000e+00
0.000000000000000000e+00
0.000000000000000000e+00
