-1.000000000000000000e+00
3.467824459075927734e-01
4.133923053741455078e-01
4.725444614887237549e-01
5.255234241485595703e-01
5.696505308151245117e-01
4.544810652732849121e-01
4.711129069328308105e-01
4.788511991500854492e-01
4.826850891113281250e-01
4.128871858119964600e-01
4.040389060974121094e-01
3.953744471073150635e-01
4.098703265190124512e-01
3.727867603302001953e-01
3.588782846927642822e-01
3.619989156723022461e-01
3.768876791000366211e-01
3.318038582801818848e-01
3.167634606361389160e-01
3.069308698177337646e-01
3.013991713523864746e-01
6.473075747489929199e-01
6.319664120674133301e-01
5.826507806777954102e-01
5.443326830863952637e-01
5.323907136917114258e-01
4.601382911205291748e-01
3.775385320186614990e-01
3.197095692157745361e-01
2.655740082263946533e-01
4.530475735664367676e-01
4.179497063159942627e-01
5.051045417785644531e-01
5.126373767852783203e-01
4.547392129898071289e-01
4.288873076438903809e-01
5.014125108718872070e-01
5.146988034248352051e-01
4.602139592170715332e-01
3.835844099521636963e-01
3.456050753593444824e-01
2.971535027027130127e-01
0.000000000000000000e+00
1.000000000000000000e+00
0.000000000000000000e+00
0.000000000000000000e+00
1.000000000000000000e+00
0.000000000000000000e+00
0.000000000000000000e+00
0.000000000000000000e+00
0.000000000000000000e+00
0.000000000000000000e+00
0.000000000000000000e+00
0.000000000000000000e+00
0.000000000000000000e+00
0.000000000000000000e+00
0.000000000000000000e+00
0.000000000000000000e+00
0.000000000000000000e+00
0.000000000000000000e+00
0.000000000000000000e+00
0.000000000000000000e+00
0.000000000000000000e+00
0.000000000000000000e+00
0.000000000000000000e+00
0.000000000000000000e+00
0.000000000000000000e+00
0.000000000000000000e+00
0.000000000000000000e+00
0.000000000000000000e+00
0.000000000000000000e+00
0.000000000000000000e+00
0.000000000000000000e+00
0.000000000000000000e+00
0.000000000000000000e+00
0.000000000000000000e+00
0.000000000000000000e+00
0.000000000000000000e+00
0.000000000000000000e+00
0.000000000000000000e+00
0.000000000000000000e+00
0.000000000000000000e+00
0.000000000000000000e+00
0.000000000000000000e+00
0.000000000000000000e+00
0.000000000000000000e+00
0.000000000000000000e+00
0.000000000000000000e+00
0.000000000000000000e+00
0.000000000000000000e+00
0.000000000000000000e+00
0.000000000000000000e+00
0.000000000000000000e+00
0.000000000000000000e+00
0.000000000000000000e+00
