1.000000000000000000e+00
3.794541060924530029e-01
3.770248889923095703e-01
3.813014924526214600e-01
3.985961079597473145e-01
4.176586270332336426e-01
3.413397669792175293e-01
3.680585324764251709e-01
3.800994753837585449e-01
3.876914381980895996e-01
3.481063246726989746e-01
4.179852008819580078e-01
4.266205728054046631e-01
4.168728590011596680e-01
3.654757440090179443e-01
4.297184944152832031e-01
4.322313964366912842e-01
4.189563393592834473e-01
3.900227844715118408e-01
4.188641607761383057e-01
4.344291985034942627e-01
4.453772902488708496e-01
6.588688492774963379e-01
5.987744331359863281e-01
5.360256433486938477e-01
4.924199581146240234e-01
4.645274281501770020e-01
4.750530719757080078e-01
3.954958021640777588e-01
3.444606065750122070e-01
3.004707098007202148e-01
4.777045845985412598e-01
4.537505507469177246e-01
4.951577186584472656e-01
5.190853476524353027e-01
4.861579239368438721e-01
4.604111909866333008e-01
5.036272406578063965e-01
5.290304422378540039e-01
4.945231974124908447e-01
4.308788776397705078e-01
3.914293348789215088e-01
3.527203202247619629e-01
0.000000000000000000e+00
1.000000000000000000e+00
0.000000000000000000e+00
0.000000000000000000e+00
1.000000000000000000e+00
0.000000000000000000e+00
0.000000000000000000e+00
0.000000000000000000e+00
0.000000000000000000e+00
0.000000000000000000e+00
0.000000000000000000e+00
0.000000000000000000e+00
0.000000000000000000e+00
0.000000000000000000e+00
0.000000000000000000e+00
0.000000000000000000e+00
0.000000000000000000e+00
0.000000000000000000e+00
0.000000000000000000e+00
0.000000000000000000e+00
0.000000000000000000e+00
0.000000000000000000e+00
0.000000000000000000e+00
0.000000000000000000e+00
0.000000000000000000e+00
0.000000000000000000e+00
0.000000000000000000e+00
0.000000000000000000e+00
0.000000000000000000e+00
0.000000000000000000e+00
0.000000000000000000e+00
0.000000000000000000e+00
0.000000000000000000e+00
0.000000000000000000e+00
0.000000000000000000e+00
0.000000000000000000e+00
0.000000000000000000e+00
0.000000000000000000e+00
0.000000000000000000e+00
0.000000000000000000e+00
0.000000000000000000e+00
0.000000000000000000e+00
0.000000000000000000e+00
0.000000000000000000e+00
0.000000000000000000e+00
0.000000000000000000e+00
0.000000000000000000e+00
0.000000000000000000e+00
0.000000000000000000e+00
0.000000000000000000e+00
0.000000000000000000e+00
0.000000000000000000e+00
0.000000000000000000e+00
