1.000000000000000000e+00
4.714337289333343506e-01
4.107736349105834961e-01
3.702114820480346680e-01
3.428305387496948242e-01
3.165904581546783447e-01
4.174622893333435059e-01
4.240595996379852295e-01
4.291270077228546143e-01
4.342982172966003418e-01
4.549023211002349854e-01
4.677762985229492188e-01
4.650729894638061523e-01
4.609672129154205322e-01
4.941509366035461426e-01
5.005541443824768066e-01
4.954722523689270020e-01
4.889832735061645508e-01
5.315579175949096680e-01
5.545344352722167969e-01
5.680990219116210938e-01
5.763756632804870605e-01
7.072612047195434570e-01
6.600105762481689453e-01
5.990991592407226562e-01
5.446727871894836426e-01
5.085662007331848145e-01
5.167750120162963867e-01
4.228289127349853516e-01
3.651242554187774658e-01
3.198926448822021484e-01
5.085062980651855469e-01
4.849364757537841797e-01
5.186253786087036133e-01
5.483394861221313477e-01
5.238953828811645508e-01
5.056498646736145020e-01
5.366799235343933105e-01
5.620665550231933594e-01
5.489404201507568359e-01
4.798788130283355713e-01
4.432416558265686035e-01
4.106794297695159912e-01
1.000000000000000000e+00
1.000000000000000000e+00
0.000000000000000000e+00
0.000000000000000000e+00
1.000000000000000000e+00
0.000000000000000000e+00
0.000000000000000000e+00
0.000000000000000000e+00
0.000000000000000000e+00
0.000000000000000000e+00
0.000000000000000000e+00
0.000000000000000000e+00
0.000000000000000000e+00
0.000000000000000000e+00
0.000000000000000000e+00
0.000000000000000000e+00
0.000000000000000000e+00
0.000000000000000000e+00
0.000000000000000000e+00
0.000000000000000000e+00
0.000000000000000000e+00
0.000000000000000000e+00
0.000000000000000000e+00
0.000000000000000000e+00
0.000000000000000000e+00
0.000000000000000000e+00
0.000000000000000000e+00
0.000000000000000000e+00
0.000000000000000000e+00
0.000000000000000000e+00
0.000000000000000000e+00
0.000000000000000000e+00
0.000000000000000000e+00
0.000000000000000000e+00
0.000000000000000000e+00
0.000000000000000000e+00
0.000000000000000000e+00
0.000000000000000000e+00
0.000000000000000000e+00
0.000000000000000000e+00
0.000000000000000000e+00
0.000000000000000000e+00
0.000000000000000000e+00
0.000000000000000000e+00
0.000000000000000000e+00
0.000000000000000000e+00
0.000000000000000000e+00
0.000000000000000000e+00
0.000000000000000000e+00
0.000000000000000000e+00
0.000000000000000000e+00
0.000000000000000000e+00
0.000000000000000000e+00
