-1.000000000000000000e+00
3.490770459175109863e-01
4.167854785919189453e-01
4.625052511692047119e-01
4.520139694213867188e-01
4.081913828849792480e-01
4.293784201145172119e-01
4.540086388587951660e-01
4.677858352661132812e-01
4.759204983711242676e-01
3.896797597408294678e-01
3.975580334663391113e-01
3.995756208896636963e-01
3.964093327522277832e-01
3.514541983604431152e-01
3.451844453811645508e-01
3.410856127738952637e-01
3.364253640174865723e-01
3.115975260734558105e-01
2.686244845390319824e-01
2.385655790567398071e-01
2.119282186031341553e-01
8.393083810806274414e-01
7.898006439208984375e-01
6.928181052207946777e-01
6.106922626495361328e-01
5.873456001281738281e-01
5.600073933601379395e-01
4.573622941970825195e-01
3.948922157287597656e-01
3.395977914333343506e-01
5.458987951278686523e-01
4.183792471885681152e-01
3.383042812347412109e-01
2.741664648056030273e-01
5.621484518051147461e-01
4.390919506549835205e-01
3.568035960197448730e-01
2.903418540954589844e-01
6.035358905792236328e-01
5.242762565612792969e-01
4.674208164215087891e-01
4.159960150718688965e-01
1.000000000000000000e+00
1.000000000000000000e+00
1.000000000000000000e+00
1.000000000000000000e+00
1.000000000000000000e+00
0.000000000000000000e+00
0.000000000000000000e+00
0.000000000000000000e+00
0.000000000000000000e+00
0.000000000000000000e+00
0.000000000000000000e+00
0.000000000000000000e+00
0.000000000000000000e+00
0.000000000000000000e+00
0.000000000000000000e+00
0.000000000000000000e+00
0.000000000000000000e+00
0.000000000000000000e+00
0.000000000000000000e+00
0.000000000000000000e+00
0.000000000000000000e+00
0.000000000000000000e+00
0.000000000000000000e+00
0.000000000000000000e+00
0.000000000000000000e+00
0.000000000000000000e+00
0.000000000000000000e+00
0.000000000000000000e+00
0.000000000000000000e+00
0.000000000000000000e+00
0.000000000000000000e+00
0.000000000000000000e+00
0.000000000000000000e+00
0.000000000000000000e+00
0.000000000000000000e+00
0.000000000000000000e+00
0.000000000000000000e+00
0.000000000000000000e+00
0.000000000000000000e+00
0.000000000000000000e+00
0.000000000000000000e+00
0.000000000000000000e+00
0.000000000000000000e+00
0.000000000000000000e+00
0.000000000000000000e+00
0.000000000000000000e+00
0.000000000000000000e+00
0.000000000000000000e+00
0.000000000000000000e+00
0.000000000000000000e+00
0.000000000000000000e+00
0.000000000000000000e+00
0.000000000000000000e+00
