-1.000000000000000000e+00
3.230443000793457031e-01
3.924357891082763672e-01
4.417470693588256836e-01
4.208862483501434326e-01
3.754891753196716309e-01
4.380967617034912109e-01
4.797646105289459229e-01
4.999843835830688477e-01
5.121323466300964355e-01
3.860967755317687988e-01
4.063768386840820312e-01
4.106477200984954834e-01
4.104175567626953125e-01
3.344101011753082275e-01
3.365075588226318359e-01
3.392020165920257568e-01
3.408060669898986816e-01
2.799446582794189453e-01
2.351913750171661377e-01
2.047467976808547974e-01
1.795406639575958252e-01
8.460170030593872070e-01
8.007392287254333496e-01
7.142411470413208008e-01
6.262404918670654297e-01
5.930523872375488281e-01
5.642502307891845703e-01
4.547270834445953369e-01
3.839618861675262451e-01
3.242396414279937744e-01
5.354409217834472656e-01
4.024041295051574707e-01
3.170229196548461914e-01
2.474935948848724365e-01
5.437589883804321289e-01
4.231118857860565186e-01
3.368339538574218750e-01
2.670144736766815186e-01
5.806735157966613770e-01
5.018857717514038086e-01
4.479401409626007080e-01
3.989982604980468750e-01
1.000000000000000000e+00
1.000000000000000000e+00
1.000000000000000000e+00
1.000000000000000000e+00
1.000000000000000000e+00
0.000000000000000000e+00
0.000000000000000000e+00
0.000000000000000000e+00
0.000000000000000000e+00
0.000000000000000000e+00
0.000000000000000000e+00
0.000000000000000000e+00
0.000000000000000000e+00
0.000000000000000000e+00
0.000000000000000000e+00
0.000000000000000000e+00
0.000000000000000000e+00
0.000000000000000000e+00
0.000000000000000000e+00
0.000000000000000000e+00
0.000000000000000000e+00
0.000000000000000000e+00
0.000000000000000000e+00
0.000000000000000000e+00
0.000000000000000000e+00
0.000000000000000000e+00
0.000000000000000000e+00
0.000000000000000000e+00
0.000000000000000000e+00
0.000000000000000000e+00
0.000000000000000000e+00
0.000000000000000000e+00
0.000000000000000000e+00
0.000000000000000000e+00
0.000000000000000000e+00
0.000000000000000000e+00
0.000000000000000000e+00
0.000000000000000000e+00
0.000000000000000000e+00
0.000000000000000000e+00
0.000000000000000000e+00
0.000000000000000000e+00
0.000000000000000000e+00
0.000000000000000000e+00
0.000000000000000000e+00
0.000000000000000000e+00
0.000000000000000000e+00
0.000000000000000000e+00
0.000000000000000000e+00
0.000000000000000000e+00
0.000000000000000000e+00
0.000000000000000000e+00
0.000000000000000000e+00
