-1.000000000000000000e+00
3.007189333438873291e-01
3.745528459548950195e-01
4.342218637466430664e-01
4.145327210426330566e-01
3.641029298305511475e-01
4.389865100383758545e-01
4.950851798057556152e-01
5.228977799415588379e-01
5.429334640502929688e-01
3.849295079708099365e-01
4.174938201904296875e-01
4.320489764213562012e-01
4.400668144226074219e-01
3.277386426925659180e-01
3.359676599502563477e-01
3.393066823482513428e-01
3.411622643470764160e-01
2.669839262962341309e-01
2.294036746025085449e-01
2.008908241987228394e-01
1.766879260540008545e-01
8.740556240081787109e-01
8.442411422729492188e-01
7.662308812141418457e-01
6.773099899291992188e-01
6.342935562133789062e-01
6.019847393035888672e-01
4.941956400871276855e-01
4.208060503005981445e-01
3.561774492263793945e-01
5.623960494995117188e-01
4.271460771560668945e-01
3.363122344017028809e-01
2.602025270462036133e-01
5.646587610244750977e-01
4.380958676338195801e-01
3.500620722770690918e-01
2.748782932758331299e-01
5.977667570114135742e-01
5.126233100891113281e-01
4.551638066768646240e-01
3.991444408893585205e-01
1.000000000000000000e+00
1.000000000000000000e+00
1.000000000000000000e+00
1.000000000000000000e+00
1.000000000000000000e+00
0.000000000000000000e+00
0.000000000000000000e+00
0.000000000000000000e+00
0.000000000000000000e+00
0.000000000000000000e+00
0.000000000000000000e+00
0.000000000000000000e+00
0.000000000000000000e+00
0.000000000000000000e+00
0.000000000000000000e+00
0.000000000000000000e+00
0.000000000000000000e+00
0.000000000000000000e+00
0.000000000000000000e+00
0.000000000000000000e+00
0.000000000000000000e+00
0.000000000000000000e+00
0.000000000000000000e+00
0.000000000000000000e+00
0.000000000000000000e+00
0.000000000000000000e+00
0.000000000000000000e+00
0.000000000000000000e+00
0.000000000000000000e+00
0.000000000000000000e+00
0.000000000000000000e+00
0.000000000000000000e+00
0.000000000000000000e+00
0.000000000000000000e+00
0.000000000000000000e+00
0.000000000000000000e+00
0.000000000000000000e+00
0.000000000000000000e+00
0.000000000000000000e+00
0.000000000000000000e+00
0.000000000000000000e+00
0.000000000000000000e+00
0.000000000000000000e+00
0.000000000000000000e+00
0.000000000000000000e+00
0.000000000000000000e+00
0.000000000000000000e+00
0.000000000000000000e+00
0.000000000000000000e+00
0.000000000000000000e+00
0.000000000000000000e+00
0.000000000000000000e+00
0.000000000000000000e+00
