-1.000000000000000000e+00
2.923645675182342529e-01
3.686104416847229004e-01
4.336048960685729980e-01
4.148391783237457275e-01
3.648959994316101074e-01
4.394760727882385254e-01
5.073559284210205078e-01
5.417720079421997070e-01
5.674431324005126953e-01
3.904919028282165527e-01
4.354051947593688965e-01
4.586460888385772705e-01
4.717794656753540039e-01
3.376384377479553223e-01
3.470865786075592041e-01
3.543175458908081055e-01
3.580771088600158691e-01
2.803691327571868896e-01
2.436542063951492310e-01
2.163355052471160889e-01
1.922053694725036621e-01
8.845711946487426758e-01
8.564311265945434570e-01
7.818431854248046875e-01
6.916759014129638672e-01
6.485555171966552734e-01
6.272659897804260254e-01
5.287723541259765625e-01
4.632469415664672852e-01
4.043856859207153320e-01
5.836405158042907715e-01
4.555115699768066406e-01
3.700250983238220215e-01
2.987469732761383057e-01
5.808940529823303223e-01
4.563717246055603027e-01
3.689865767955780029e-01
2.943525314331054688e-01
6.084099411964416504e-01
5.199095010757446289e-01
4.609786868095397949e-01
4.039734601974487305e-01
1.000000000000000000e+00
1.000000000000000000e+00
1.000000000000000000e+00
1.000000000000000000e+00
1.000000000000000000e+00
0.000000000000000000e+00
0.000000000000000000e+00
0.000000000000000000e+00
0.000000000000000000e+00
0.000000000000000000e+00
0.000000000000000000e+00
0.000000000000000000e+00
0.000000000000000000e+00
0.000000000000000000e+00
0.000000000000000000e+00
0.000000000000000000e+00
0.000000000000000000e+00
0.000000000000000000e+00
0.000000000000000000e+00
0.000000000000000000e+00
0.000000000000000000e+00
0.000000000000000000e+00
0.000000000000000000e+00
0.000000000000000000e+00
0.000000000000000000e+00
0.000000000000000000e+00
0.000000000000000000e+00
0.000000000000000000e+00
0.000000000000000000e+00
0.000000000000000000e+00
0.000000000000000000e+00
0.000000000000000000e+00
0.000000000000000000e+00
0.000000000000000000e+00
0.000000000000000000e+00
0.000000000000000000e+00
0.000000000000000000e+00
0.000000000000000000e+00
0.000000000000000000e+00
0.000000000000000000e+00
0.000000000000000000e+00
0.000000000000000000e+00
0.000000000000000000e+00
0.000000000000000000e+00
0.000000000000000000e+00
0.000000000000000000e+00
0.000000000000000000e+00
0.000000000000000000e+00
0.000000000000000000e+00
0.000000000000000000e+00
0.000000000000000000e+00
0.000000000000000000e+00
0.000000000000000000e+00
