-1.000000000000000000e+00
2.793024480342864990e-01
3.586292564868927002e-01
4.256006181240081787e-01
4.098981916904449463e-01
3.579103946685791016e-01
4.362074732780456543e-01
5.055849552154541016e-01
5.416133999824523926e-01
5.690172910690307617e-01
3.876983523368835449e-01
4.358781874179840088e-01
4.606331288814544678e-01
4.757547080516815186e-01
3.334117829799652100e-01
3.475344777107238770e-01
3.565134406089782715e-01
3.618571460247039795e-01
2.737857699394226074e-01
2.397487014532089233e-01
2.136362642049789429e-01
1.911682784557342529e-01
8.835041522979736328e-01
8.574253916740417480e-01
7.833147048950195312e-01
6.948875784873962402e-01
6.570434570312500000e-01
6.302711367607116699e-01
5.366043448448181152e-01
4.729964733123779297e-01
4.146552085876464844e-01
5.848829746246337891e-01
4.649193882942199707e-01
3.789367377758026123e-01
3.031133115291595459e-01
5.798007845878601074e-01
4.592089056968688965e-01
3.733340501785278320e-01
2.975393235683441162e-01
6.045257449150085449e-01
5.160616040229797363e-01
4.583495855331420898e-01
4.012553095817565918e-01
1.000000000000000000e+00
1.000000000000000000e+00
1.000000000000000000e+00
1.000000000000000000e+00
1.000000000000000000e+00
0.000000000000000000e+00
0.000000000000000000e+00
0.000000000000000000e+00
0.000000000000000000e+00
0.000000000000000000e+00
0.000000000000000000e+00
0.000000000000000000e+00
0.000000000000000000e+00
0.000000000000000000e+00
0.000000000000000000e+00
0.000000000000000000e+00
0.000000000000000000e+00
0.000000000000000000e+00
0.000000000000000000e+00
0.000000000000000000e+00
0.000000000000000000e+00
0.000000000000000000e+00
0.000000000000000000e+00
0.000000000000000000e+00
0.000000000000000000e+00
0.000000000000000000e+00
0.000000000000000000e+00
0.000000000000000000e+00
0.000000000000000000e+00
0.000000000000000000e+00
0.000000000000000000e+00
0.000000000000000000e+00
0.000000000000000000e+00
0.000000000000000000e+00
0.000000000000000000e+00
0.000000000000000000e+00
0.000000000000000000e+00
0.000000000000000000e+00
0.000000000000000000e+00
0.000000000000000000e+00
0.000000000000000000e+00
0.000000000000000000e+00
0.000000000000000000e+00
0.000000000000000000e+00
0.000000000000000000e+00
0.000000000000000000e+00
0.000000000000000000e+00
0.000000000000000000e+00
0.000000000000000000e+00
0.000000000000000000e+00
0.000000000000000000e+00
0.000000000000000000e+00
0.000000000000000000e+00
