-1.000000000000000000e+00
2.584297060966491699e-01
3.374977707862854004e-01
4.051222801208496094e-01
3.949567973613739014e-01
3.410954177379608154e-01
4.132993221282958984e-01
4.836039543151855469e-01
5.205949544906616211e-01
5.480146408081054688e-01
3.637214303016662598e-01
4.113002419471740723e-01
4.366474151611328125e-01
4.517170190811157227e-01
3.084575235843658447e-01
3.244427144527435303e-01
3.360959291458129883e-01
3.443575799465179443e-01
2.476525753736495972e-01
2.116995751857757568e-01
1.843541711568832397e-01
1.614571064710617065e-01
8.897266983985900879e-01
8.605610132217407227e-01
7.850703597068786621e-01
6.937774419784545898e-01
6.625399589538574219e-01
6.263909339904785156e-01
5.297266840934753418e-01
4.639128446578979492e-01
4.056927561759948730e-01
5.827707648277282715e-01
4.563264846801757812e-01
3.680498003959655762e-01
2.946428656578063965e-01
5.798063278198242188e-01
4.545605778694152832e-01
3.668256998062133789e-01
2.940117418766021729e-01
6.083430051803588867e-01
5.157467722892761230e-01
4.548090696334838867e-01
3.980820477008819580e-01
1.000000000000000000e+00
1.000000000000000000e+00
1.000000000000000000e+00
1.000000000000000000e+00
1.000000000000000000e+00
0.000000000000000000e+00
0.000000000000000000e+00
0.000000000000000000e+00
0.000000000000000000e+00
0.000000000000000000e+00
0.000000000000000000e+00
0.000000000000000000e+00
0.000000000000000000e+00
0.000000000000000000e+00
0.000000000000000000e+00
0.000000000000000000e+00
0.000000000000000000e+00
0.000000000000000000e+00
0.000000000000000000e+00
0.000000000000000000e+00
0.000000000000000000e+00
0.000000000000000000e+00
0.000000000000000000e+00
0.000000000000000000e+00
0.000000000000000000e+00
0.000000000000000000e+00
0.000000000000000000e+00
0.000000000000000000e+00
0.000000000000000000e+00
0.000000000000000000e+00
0.000000000000000000e+00
0.000000000000000000e+00
0.000000000000000000e+00
0.000000000000000000e+00
0.000000000000000000e+00
0.000000000000000000e+00
0.000000000000000000e+00
0.000000000000000000e+00
0.000000000000000000e+00
0.000000000000000000e+00
0.000000000000000000e+00
0.000000000000000000e+00
0.000000000000000000e+00
0.000000000000000000e+00
0.000000000000000000e+00
0.000000000000000000e+00
0.000000000000000000e+00
0.000000000000000000e+00
0.000000000000000000e+00
0.000000000000000000e+00
0.000000000000000000e+00
0.000000000000000000e+00
0.000000000000000000e+00
