-1.000000000000000000e+00
2.429108619689941406e-01
3.187933564186096191e-01
3.734030723571777344e-01
3.550987839698791504e-01
3.046116530895233154e-01
3.601248264312744141e-01
4.165677726268768311e-01
4.425578713417053223e-01
4.613870978355407715e-01
3.066134750843048096e-01
3.474690616130828857e-01
3.652053177356719971e-01
3.738549351692199707e-01
2.495919018983840942e-01
2.562566101551055908e-01
2.514755129814147949e-01
2.466343790292739868e-01
1.902268826961517334e-01
1.355160027742385864e-01
9.549936652183532715e-02
6.245891749858856201e-02
9.021866917610168457e-01
8.500959277153015137e-01
7.634668946266174316e-01
6.792026758193969727e-01
6.454511880874633789e-01
6.043290495872497559e-01
4.833298325538635254e-01
4.078429341316223145e-01
3.445128500461578369e-01
5.743986964225769043e-01
4.394500255584716797e-01
3.520403206348419189e-01
2.887932956218719482e-01
5.846276283264160156e-01
4.488354921340942383e-01
3.635363876819610596e-01
3.018673956394195557e-01
6.257278323173522949e-01
5.344433188438415527e-01
4.790110588073730469e-01
4.339076280593872070e-01
1.000000000000000000e+00
1.000000000000000000e+00
1.000000000000000000e+00
1.000000000000000000e+00
1.000000000000000000e+00
0.000000000000000000e+00
0.000000000000000000e+00
0.000000000000000000e+00
0.000000000000000000e+00
0.000000000000000000e+00
0.000000000000000000e+00
0.000000000000000000e+00
0.000000000000000000e+00
0.000000000000000000e+00
0.000000000000000000e+00
0.000000000000000000e+00
0.000000000000000000e+00
0.000000000000000000e+00
0.000000000000000000e+00
0.000000000000000000e+00
0.000000000000000000e+00
0.000000000000000000e+00
0.000000000000000000e+00
0.000000000000000000e+00
0.000000000000000000e+00
0.000000000000000000e+00
0.000000000000000000e+00
0.000000000000000000e+00
0.000000000000000000e+00
0.000000000000000000e+00
0.000000000000000000e+00
0.000000000000000000e+00
0.000000000000000000e+00
0.000000000000000000e+00
0.000000000000000000e+00
0.000000000000000000e+00
0.000000000000000000e+00
0.000000000000000000e+00
0.000000000000000000e+00
0.000000000000000000e+00
0.000000000000000000e+00
0.000000000000000000e+00
0.000000000000000000e+00
0.000000000000000000e+00
0.000000000000000000e+00
0.000000000000000000e+00
0.000000000000000000e+00
0.000000000000000000e+00
0.000000000000000000e+00
0.000000000000000000e+00
0.000000000000000000e+00
0.000000000000000000e+00
0.000000000000000000e+00
