-1.000000000000000000e+00
4.376140832901000977e-01
4.309733808040618896e-01
4.430139064788818359e-01
4.593043327331542969e-01
4.631618857383728027e-01
4.999104142189025879e-01
5.483267307281494141e-01
5.366824269294738770e-01
5.162997245788574219e-01
5.237699151039123535e-01
5.688822269439697266e-01
5.576508045196533203e-01
5.386632680892944336e-01
5.426418781280517578e-01
5.842107534408569336e-01
5.727133750915527344e-01
5.538495182991027832e-01
5.562465190887451172e-01
6.169071197509765625e-01
6.538905501365661621e-01
6.833149194717407227e-01
7.565264701843261719e-01
6.646829843521118164e-01
5.809093117713928223e-01
5.122337341308593750e-01
4.579024910926818848e-01
5.785565376281738281e-01
5.651764869689941406e-01
5.839614272117614746e-01
5.981608629226684570e-01
6.257706880569458008e-01
6.106982827186584473e-01
6.233106851577758789e-01
6.366894245147705078e-01
6.770910620689392090e-01
6.613709330558776855e-01
6.693719625473022461e-01
6.792522668838500977e-01
7.280472517013549805e-01
7.228939533233642578e-01
7.195648550987243652e-01
7.126335501670837402e-01
0.000000000000000000e+00
0.000000000000000000e+00
0.000000000000000000e+00
0.000000000000000000e+00
1.000000000000000000e+00
0.000000000000000000e+00
0.000000000000000000e+00
0.000000000000000000e+00
0.000000000000000000e+00
0.000000000000000000e+00
0.000000000000000000e+00
0.000000000000000000e+00
0.000000000000000000e+00
0.000000000000000000e+00
0.000000000000000000e+00
0.000000000000000000e+00
0.000000000000000000e+00
0.000000000000000000e+00
0.000000000000000000e+00
0.000000000000000000e+00
0.000000000000000000e+00
0.000000000000000000e+00
0.000000000000000000e+00
0.000000000000000000e+00
0.000000000000000000e+00
0.000000000000000000e+00
0.000000000000000000e+00
0.000000000000000000e+00
0.000000000000000000e+00
0.000000000000000000e+00
0.000000000000000000e+00
0.000000000000000000e+00
0.000000000000000000e+00
0.000000000000000000e+00
0.000000000000000000e+00
0.000000000000000000e+00
0.000000000000000000e+00
0.000000000000000000e+00
0.000000000000000000e+00
0.000000000000000000e+00
0.000000000000000000e+00
0.000000000000000000e+00
0.000000000000000000e+00
0.000000000000000000e+00
0.000000000000000000e+00
0.000000000000000000e+00
0.000000000000000000e+00
0.000000000000000000e+00
0.000000000000000000e+00
0.000000000000000000e+00
0.000000000000000000e+00
0.000000000000000000e+00
0.000000000000000000e+00
