-1.000000000000000000e+00
4.495929181575775146e-01
4.219782948493957520e-01
4.148774445056915283e-01
4.189268946647644043e-01
4.134563207626342773e-01
4.685243368148803711e-01
5.253556370735168457e-01
5.178120732307434082e-01
4.989671409130096436e-01
5.053369998931884766e-01
5.536689162254333496e-01
5.444080829620361328e-01
5.252820849418640137e-01
5.379679799079895020e-01
5.787175893783569336e-01
5.678111910820007324e-01
5.475212335586547852e-01
5.667465925216674805e-01
6.236526370048522949e-01
6.606913805007934570e-01
6.884701251983642578e-01
8.010783195495605469e-01
7.085878252983093262e-01
6.103531122207641602e-01
5.298053026199340820e-01
4.758992791175842285e-01
5.706491470336914062e-01
5.417523384094238281e-01
5.748229026794433594e-01
5.963675975799560547e-01
6.088908910751342773e-01
5.807996988296508789e-01
6.064969301223754883e-01
6.255768537521362305e-01
6.527554988861083984e-01
6.241952776908874512e-01
6.428123116493225098e-01
6.590777635574340820e-01
6.964769959449768066e-01
6.548583507537841797e-01
6.323418617248535156e-01
6.113222837448120117e-01
1.000000000000000000e+00
0.000000000000000000e+00
0.000000000000000000e+00
0.000000000000000000e+00
1.000000000000000000e+00
0.000000000000000000e+00
0.000000000000000000e+00
0.000000000000000000e+00
0.000000000000000000e+00
0.000000000000000000e+00
0.000000000000000000e+00
0.000000000000000000e+00
0.000000000000000000e+00
0.000000000000000000e+00
0.000000000000000000e+00
0.000000000000000000e+00
0.000000000000000000e+00
0.000000000000000000e+00
0.000000000000000000e+00
0.000000000000000000e+00
0.000000000000000000e+00
0.000000000000000000e+00
0.000000000000000000e+00
0.000000000000000000e+00
0.000000000000000000e+00
0.000000000000000000e+00
0.000000000000000000e+00
0.000000000000000000e+00
0.000000000000000000e+00
0.000000000000000000e+00
0.000000000000000000e+00
0.000000000000000000e+00
0.000000000000000000e+00
0.000000000000000000e+00
0.000000000000000000e+00
0.000000000000000000e+00
0.000000000000000000e+00
0.000000000000000000e+00
0.000000000000000000e+00
0.000000000000000000e+00
0.000000000000000000e+00
0.000000000000000000e+00
0.000000000000000000e+00
0.000000000000000000e+00
0.000000000000000000e+00
0.000000000000000000e+00
0.000000000000000000e+00
0.000000000000000000e+00
0.000000000000000000e+00
0.000000000000000000e+00
0.000000000000000000e+00
0.000000000000000000e+00
0.000000000000000000e+00
