-1.000000000000000000e+00
3.912208080291748047e-01
3.727756142616271973e-01
3.770245909690856934e-01
3.860748112201690674e-01
3.757061958312988281e-01
4.180753231048583984e-01
4.869577288627624512e-01
4.762995839118957520e-01
4.520544409751892090e-01
4.489005208015441895e-01
5.108243823051452637e-01
4.988686144351959229e-01
4.783809185028076172e-01
4.787932932376861572e-01
5.364146828651428223e-01
5.224484801292419434e-01
4.992813766002655029e-01
5.066865682601928711e-01
5.666561722755432129e-01
6.064097285270690918e-01
6.386536359786987305e-01
9.076566696166992188e-01
8.178426623344421387e-01
7.169153690338134766e-01
6.360440254211425781e-01
5.787360072135925293e-01
6.784214377403259277e-01
6.620147228240966797e-01
6.985790729522705078e-01
7.166354060173034668e-01
7.184440493583679199e-01
7.007480263710021973e-01
7.333265542984008789e-01
7.485275864601135254e-01
7.659969329833984375e-01
7.443327307701110840e-01
7.704714536666870117e-01
7.850477099418640137e-01
8.145155310630798340e-01
7.731075882911682129e-01
7.554833889007568359e-01
7.360241413116455078e-01
1.000000000000000000e+00
0.000000000000000000e+00
0.000000000000000000e+00
0.000000000000000000e+00
1.000000000000000000e+00
0.000000000000000000e+00
0.000000000000000000e+00
0.000000000000000000e+00
0.000000000000000000e+00
0.000000000000000000e+00
0.000000000000000000e+00
0.000000000000000000e+00
0.000000000000000000e+00
0.000000000000000000e+00
0.000000000000000000e+00
0.000000000000000000e+00
0.000000000000000000e+00
0.000000000000000000e+00
0.000000000000000000e+00
0.000000000000000000e+00
0.000000000000000000e+00
0.000000000000000000e+00
0.000000000000000000e+00
0.000000000000000000e+00
0.000000000000000000e+00
0.000000000000000000e+00
0.000000000000000000e+00
0.000000000000000000e+00
0.000000000000000000e+00
0.000000000000000000e+00
0.000000000000000000e+00
0.000000000000000000e+00
0.000000000000000000e+00
0.000000000000000000e+00
0.000000000000000000e+00
0.000000000000000000e+00
0.000000000000000000e+00
0.000000000000000000e+00
0.000000000000000000e+00
0.000000000000000000e+00
0.000000000000000000e+00
0.000000000000000000e+00
0.000000000000000000e+00
0.000000000000000000e+00
0.000000000000000000e+00
0.000000000000000000e+00
0.000000000000000000e+00
0.000000000000000000e+00
0.000000000000000000e+00
0.000000000000000000e+00
0.000000000000000000e+00
0.000000000000000000e+00
0.000000000000000000e+00
