-1.000000000000000000e+00
3.817263245582580566e-01
3.563915193080902100e-01
3.577004969120025635e-01
3.674097061157226562e-01
3.573409318923950195e-01
3.994255065917968750e-01
4.582327604293823242e-01
4.492209851741790771e-01
4.304637014865875244e-01
4.355032444000244141e-01
4.873792231082916260e-01
4.768552482128143311e-01
4.625074267387390137e-01
4.686740636825561523e-01
5.170263051986694336e-01
5.049033761024475098e-01
4.870910942554473877e-01
4.975688457489013672e-01
5.579963922500610352e-01
5.979662537574768066e-01
6.312291622161865234e-01
8.779231309890747070e-01
7.872868180274963379e-01
6.820718646049499512e-01
5.983881950378417969e-01
5.417610406875610352e-01
6.729608178138732910e-01
6.250723004341125488e-01
6.528490185737609863e-01
6.761714816093444824e-01
7.113333940505981445e-01
6.642069220542907715e-01
6.878194808959960938e-01
7.114896178245544434e-01
7.498472929000854492e-01
7.094516158103942871e-01
7.263706326484680176e-01
7.474163770675659180e-01
7.869818806648254395e-01
7.483448982238769531e-01
7.293204665184020996e-01
7.115146517753601074e-01
1.000000000000000000e+00
0.000000000000000000e+00
0.000000000000000000e+00
0.000000000000000000e+00
1.000000000000000000e+00
0.000000000000000000e+00
0.000000000000000000e+00
0.000000000000000000e+00
0.000000000000000000e+00
0.000000000000000000e+00
0.000000000000000000e+00
0.000000000000000000e+00
0.000000000000000000e+00
0.000000000000000000e+00
0.000000000000000000e+00
0.000000000000000000e+00
0.000000000000000000e+00
0.000000000000000000e+00
0.000000000000000000e+00
0.000000000000000000e+00
0.000000000000000000e+00
0.000000000000000000e+00
0.000000000000000000e+00
0.000000000000000000e+00
0.000000000000000000e+00
0.000000000000000000e+00
0.000000000000000000e+00
0.000000000000000000e+00
0.000000000000000000e+00
0.000000000000000000e+00
0.000000000000000000e+00
0.000000000000000000e+00
0.000000000000000000e+00
0.000000000000000000e+00
0.000000000000000000e+00
0.000000000000000000e+00
0.000000000000000000e+00
0.000000000000000000e+00
0.000000000000000000e+00
0.000000000000000000e+00
0.000000000000000000e+00
0.000000000000000000e+00
0.000000000000000000e+00
0.000000000000000000e+00
0.000000000000000000e+00
0.000000000000000000e+00
0.000000000000000000e+00
0.000000000000000000e+00
0.000000000000000000e+00
0.000000000000000000e+00
0.000000000000000000e+00
0.000000000000000000e+00
0.000000000000000000e+00
