-1.000000000000000000e+00
4.506806135177612305e-01
4.576565921306610107e-01
4.933717846870422363e-01
5.298790931701660156e-01
5.405312776565551758e-01
5.896419286727905273e-01
6.244215965270996094e-01
5.867820382118225098e-01
5.566053390502929688e-01
6.232544183731079102e-01
6.488984823226928711e-01
6.134038567543029785e-01
5.858551263809204102e-01
6.400229334831237793e-01
6.742050647735595703e-01
6.460683345794677734e-01
6.173260211944580078e-01
6.460907459259033203e-01
7.241780757904052734e-01
7.706567645072937012e-01
8.087738752365112305e-01
8.927646279335021973e-01
7.472742199897766113e-01
6.349766254425048828e-01
5.451117753982543945e-01
4.692693650722503662e-01
6.934616565704345703e-01
6.366217732429504395e-01
6.503309011459350586e-01
6.794157624244689941e-01
7.708781361579895020e-01
7.019105553627014160e-01
7.038114666938781738e-01
7.318864464759826660e-01
8.412841558456420898e-01
7.767808437347412109e-01
7.708814740180969238e-01
7.916067838668823242e-01
9.007635116577148438e-01
8.870813250541687012e-01
8.827390670776367188e-01
8.823121190071105957e-01
0.000000000000000000e+00
0.000000000000000000e+00
0.000000000000000000e+00
0.000000000000000000e+00
1.000000000000000000e+00
0.000000000000000000e+00
0.000000000000000000e+00
0.000000000000000000e+00
0.000000000000000000e+00
0.000000000000000000e+00
0.000000000000000000e+00
0.000000000000000000e+00
0.000000000000000000e+00
0.000000000000000000e+00
0.000000000000000000e+00
0.000000000000000000e+00
0.000000000000000000e+00
0.000000000000000000e+00
0.000000000000000000e+00
0.000000000000000000e+00
0.000000000000000000e+00
0.000000000000000000e+00
0.000000000000000000e+00
0.000000000000000000e+00
0.000000000000000000e+00
0.000000000000000000e+00
0.000000000000000000e+00
0.000000000000000000e+00
0.000000000000000000e+00
0.000000000000000000e+00
0.000000000000000000e+00
0.000000000000000000e+00
0.000000000000000000e+00
0.000000000000000000e+00
0.000000000000000000e+00
0.000000000000000000e+00
0.000000000000000000e+00
0.000000000000000000e+00
0.000000000000000000e+00
0.000000000000000000e+00
0.000000000000000000e+00
0.000000000000000000e+00
0.000000000000000000e+00
0.000000000000000000e+00
0.000000000000000000e+00
0.000000000000000000e+00
0.000000000000000000e+00
0.000000000000000000e+00
0.000000000000000000e+00
0.000000000000000000e+00
0.000000000000000000e+00
0.000000000000000000e+00
0.000000000000000000e+00
