-1.000000000000000000e+00
5.108472108840942383e-01
5.283020734786987305e-01
5.722434520721435547e-01
6.200007200241088867e-01
6.381167769432067871e-01
6.718502044677734375e-01
7.283877134323120117e-01
6.970035433769226074e-01
6.597980260848999023e-01
6.978697180747985840e-01
7.443130612373352051e-01
7.145881652832031250e-01
6.827909350395202637e-01
7.090675234794616699e-01
7.511982917785644531e-01
7.237964868545532227e-01
6.895609498023986816e-01
7.103782892227172852e-01
7.949068546295166016e-01
8.478366732597351074e-01
8.906618952751159668e-01
6.840725541114807129e-01
5.406438708305358887e-01
4.304369091987609863e-01
3.419736027717590332e-01
2.606345713138580322e-01
4.510020613670349121e-01
4.648419916629791260e-01
4.879569113254547119e-01
4.996649622917175293e-01
5.324206352233886719e-01
5.359036922454833984e-01
5.506927967071533203e-01
5.647212266921997070e-01
6.133321523666381836e-01
6.101620197296142578e-01
6.150639057159423828e-01
6.227077245712280273e-01
6.872836947441101074e-01
6.988146305084228516e-01
7.171685695648193359e-01
7.298159599304199219e-01
0.000000000000000000e+00
0.000000000000000000e+00
0.000000000000000000e+00
0.000000000000000000e+00
0.000000000000000000e+00
0.000000000000000000e+00
0.000000000000000000e+00
0.000000000000000000e+00
0.000000000000000000e+00
0.000000000000000000e+00
0.000000000000000000e+00
0.000000000000000000e+00
0.000000000000000000e+00
0.000000000000000000e+00
0.000000000000000000e+00
0.000000000000000000e+00
0.000000000000000000e+00
0.000000000000000000e+00
0.000000000000000000e+00
0.000000000000000000e+00
0.000000000000000000e+00
0.000000000000000000e+00
0.000000000000000000e+00
0.000000000000000000e+00
0.000000000000000000e+00
0.000000000000000000e+00
0.000000000000000000e+00
0.000000000000000000e+00
0.000000000000000000e+00
0.000000000000000000e+00
0.000000000000000000e+00
0.000000000000000000e+00
0.000000000000000000e+00
0.000000000000000000e+00
0.000000000000000000e+00
0.000000000000000000e+00
0.000000000000000000e+00
0.000000000000000000e+00
0.000000000000000000e+00
0.000000000000000000e+00
0.000000000000000000e+00
0.000000000000000000e+00
0.000000000000000000e+00
0.000000000000000000e+00
0.000000000000000000e+00
0.000000000000000000e+00
0.000000000000000000e+00
0.000000000000000000e+00
0.000000000000000000e+00
0.000000000000000000e+00
0.000000000000000000e+00
0.000000000000000000e+00
0.000000000000000000e+00
