-1.000000000000000000e+00
4.120475649833679199e-01
5.008433461189270020e-01
5.724802017211914062e-01
6.215754747390747070e-01
6.634420156478881836e-01
5.194625854492187500e-01
5.531138777732849121e-01
5.736433267593383789e-01
5.875334143638610840e-01
4.708151519298553467e-01
4.828381240367889404e-01
4.851430654525756836e-01
4.824073910713195801e-01
4.225310087203979492e-01
4.195034801959991455e-01
4.132212400436401367e-01
4.059062302112579346e-01
3.727461993694305420e-01
3.325884044170379639e-01
3.072956800460815430e-01
2.872301936149597168e-01
8.328226804733276367e-01
8.062978982925415039e-01
7.333987951278686523e-01
6.754639744758605957e-01
6.625023484230041504e-01
5.513886213302612305e-01
4.515870809555053711e-01
3.861868381500244141e-01
3.255394697189331055e-01
5.273022651672363281e-01
4.024113416671752930e-01
3.206357359886169434e-01
2.487786710262298584e-01
5.337119698524475098e-01
4.114368259906768799e-01
3.304213285446166992e-01
2.585846483707427979e-01
5.668673515319824219e-01
4.784952402114868164e-01
4.188475608825683594e-01
3.589138388633728027e-01
0.000000000000000000e+00
1.000000000000000000e+00
1.000000000000000000e+00
1.000000000000000000e+00
1.000000000000000000e+00
0.000000000000000000e+00
0.000000000000000000e+00
0.000000000000000000e+00
0.000000000000000000e+00
0.000000000000000000e+00
0.000000000000000000e+00
0.000000000000000000e+00
0.000000000000000000e+00
0.000000000000000000e+00
0.000000000000000000e+00
0.000000000000000000e+00
0.000000000000000000e+00
0.000000000000000000e+00
0.000000000000000000e+00
0.000000000000000000e+00
0.000000000000000000e+00
0.000000000000000000e+00
0.000000000000000000e+00
0.000000000000000000e+00
0.000000000000000000e+00
0.000000000000000000e+00
0.000000000000000000e+00
0.000000000000000000e+00
0.000000000000000000e+00
0.000000000000000000e+00
0.000000000000000000e+00
0.000000000000000000e+00
0.000000000000000000e+00
0.000000000000000000e+00
0.000000000000000000e+00
0.000000000000000000e+00
0.000000000000000000e+00
0.000000000000000000e+00
0.000000000000000000e+00
0.000000000000000000e+00
0.000000000000000000e+00
0.000000000000000000e+00
0.000000000000000000e+00
0.000000000000000000e+00
0.000000000000000000e+00
0.000000000000000000e+00
0.000000000000000000e+00
0.000000000000000000e+00
0.000000000000000000e+00
0.000000000000000000e+00
0.000000000000000000e+00
0.000000000000000000e+00
0.000000000000000000e+00
