-1.000000000000000000e+00
4.555618464946746826e-01
5.311422348022460938e-01
5.969578027725219727e-01
6.433182358741760254e-01
6.831265091896057129e-01
5.631841421127319336e-01
5.966182947158813477e-01
6.143459677696228027e-01
6.272985935211181641e-01
5.232123136520385742e-01
5.377964377403259277e-01
5.439619421958923340e-01
5.462981462478637695e-01
4.838693141937255859e-01
4.890765249729156494e-01
4.914712309837341309e-01
4.927213191986083984e-01
4.423055946826934814e-01
4.190270900726318359e-01
4.049718976020812988e-01
3.944433927536010742e-01
7.822705507278442383e-01
7.732167243957519531e-01
7.305640578269958496e-01
6.928718090057373047e-01
6.903260946273803711e-01
5.740720629692077637e-01
5.006595253944396973e-01
4.518494307994842529e-01
4.069633781909942627e-01
5.495473146438598633e-01
4.562443196773529053e-01
3.977857232093811035e-01
3.483941853046417236e-01
5.492447018623352051e-01
4.632403552532196045e-01
4.074418544769287109e-01
3.582731485366821289e-01
5.691625475883483887e-01
5.056096315383911133e-01
4.603815078735351562e-01
4.176473915576934814e-01
0.000000000000000000e+00
1.000000000000000000e+00
1.000000000000000000e+00
1.000000000000000000e+00
1.000000000000000000e+00
0.000000000000000000e+00
0.000000000000000000e+00
0.000000000000000000e+00
0.000000000000000000e+00
0.000000000000000000e+00
0.000000000000000000e+00
0.000000000000000000e+00
0.000000000000000000e+00
0.000000000000000000e+00
0.000000000000000000e+00
0.000000000000000000e+00
0.000000000000000000e+00
0.000000000000000000e+00
0.000000000000000000e+00
0.000000000000000000e+00
0.000000000000000000e+00
0.000000000000000000e+00
0.000000000000000000e+00
0.000000000000000000e+00
0.000000000000000000e+00
0.000000000000000000e+00
0.000000000000000000e+00
0.000000000000000000e+00
0.000000000000000000e+00
0.000000000000000000e+00
0.000000000000000000e+00
0.000000000000000000e+00
0.000000000000000000e+00
0.000000000000000000e+00
0.000000000000000000e+00
0.000000000000000000e+00
0.000000000000000000e+00
0.000000000000000000e+00
0.000000000000000000e+00
0.000000000000000000e+00
0.000000000000000000e+00
0.000000000000000000e+00
0.000000000000000000e+00
0.000000000000000000e+00
0.000000000000000000e+00
0.000000000000000000e+00
0.000000000000000000e+00
0.000000000000000000e+00
0.000000000000000000e+00
0.000000000000000000e+00
0.000000000000000000e+00
0.000000000000000000e+00
0.000000000000000000e+00
