-1.000000000000000000e+00
3.411576449871063232e-01
4.128154218196868896e-01
4.754866957664489746e-01
5.267536640167236328e-01
5.708600878715515137e-01
4.541858732700347900e-01
4.691809415817260742e-01
4.726206064224243164e-01
4.739471375942230225e-01
4.154959917068481445e-01
4.325346946716308594e-01
4.443706274032592773e-01
4.553631544113159180e-01
3.713424205780029297e-01
3.778285086154937744e-01
3.787949681282043457e-01
3.799982368946075439e-01
3.258276283740997314e-01
3.342660367488861084e-01
3.420886993408203125e-01
3.465086817741394043e-01
7.502408027648925781e-01
7.314553260803222656e-01
6.743344664573669434e-01
6.274185180664062500e-01
6.110376715660095215e-01
5.403686165809631348e-01
4.556747674942016602e-01
3.968802094459533691e-01
3.438456654548645020e-01
5.254229903221130371e-01
4.236674606800079346e-01
3.561319708824157715e-01
2.959434092044830322e-01
5.355937480926513672e-01
4.850119650363922119e-01
5.539686083793640137e-01
6.004891991615295410e-01
5.588636994361877441e-01
5.179473757743835449e-01
5.704028606414794922e-01
6.078910231590270996e-01
0.000000000000000000e+00
1.000000000000000000e+00
1.000000000000000000e+00
0.000000000000000000e+00
0.000000000000000000e+00
1.000000000000000000e+00
8.479593396186828613e-01
7.892095446586608887e-01
7.230650186538696289e-01
6.714976429939270020e-01
6.285364627838134766e-01
7.322714328765869141e-01
7.037077546119689941e-01
6.868374943733215332e-01
6.737882494926452637e-01
7.717975378036499023e-01
7.489321231842041016e-01
7.362168431282043457e-01
7.283077239990234375e-01
8.180320262908935547e-01
8.175154328346252441e-01
8.127892613410949707e-01
8.114041090011596680e-01
8.631983995437622070e-01
8.607928156852722168e-01
8.529290556907653809e-01
8.488210439682006836e-01
6.986980438232421875e-01
6.844041347503662109e-01
6.398285627365112305e-01
6.081493496894836426e-01
6.137061715126037598e-01
5.183475613594055176e-01
4.308617115020751953e-01
3.739510774612426758e-01
3.267883658409118652e-01
5.032455325126647949e-01
3.965042233467102051e-01
3.340758681297302246e-01
2.772411108016967773e-01
5.127818584442138672e-01
4.632460474967956543e-01
5.281289815902709961e-01
5.736398100852966309e-01
5.393380522727966309e-01
5.050865411758422852e-01
5.477210283279418945e-01
5.793878436088562012e-01
1.000000000000000000e+00
1.000000000000000000e+00
1.000000000000000000e+00
0.000000000000000000e+00
0.000000000000000000e+00
