-1.000000000000000000e+00
3.906211555004119873e-01
4.535465538501739502e-01
4.999292492866516113e-01
5.338832139968872070e-01
5.707989335060119629e-01
4.830282032489776611e-01
4.958018660545349121e-01
4.982893764972686768e-01
4.974572360515594482e-01
4.475334286689758301e-01
4.621703028678894043e-01
4.725193083286285400e-01
4.807786941528320312e-01
4.068404436111450195e-01
4.158731997013092041e-01
4.181972146034240723e-01
4.186635315418243408e-01
3.650040924549102783e-01
3.764705955982208252e-01
3.838868737220764160e-01
3.851369619369506836e-01
7.444463372230529785e-01
7.203957438468933105e-01
6.513942480087280273e-01
5.955737829208374023e-01
5.644484162330627441e-01
5.499593019485473633e-01
4.701861143112182617e-01
4.163300693035125732e-01
3.660926222801208496e-01
5.400519967079162598e-01
4.419937133789062500e-01
3.825788497924804688e-01
3.251151442527770996e-01
5.524248480796813965e-01
5.105671882629394531e-01
5.783902406692504883e-01
6.168819665908813477e-01
5.760430097579956055e-01
5.495756268501281738e-01
5.966439843177795410e-01
6.210429072380065918e-01
0.000000000000000000e+00
1.000000000000000000e+00
1.000000000000000000e+00
0.000000000000000000e+00
0.000000000000000000e+00
1.000000000000000000e+00
8.192477226257324219e-01
7.601656317710876465e-01
7.029854059219360352e-01
6.585946083068847656e-01
6.165185570716857910e-01
7.199231982231140137e-01
7.065511941909790039e-01
6.993538737297058105e-01
6.938205361366271973e-01
7.556427717208862305e-01
7.371653318405151367e-01
7.251674532890319824e-01
7.178981900215148926e-01
7.978766560554504395e-01
7.959123253822326660e-01
7.908917665481567383e-01
7.892484664916992188e-01
8.398218154907226562e-01
8.350381851196289062e-01
8.252816200256347656e-01
8.200911283493041992e-01
7.435709238052368164e-01
7.242218255996704102e-01
6.699818968772888184e-01
6.250609755516052246e-01
6.113641858100891113e-01
5.643169879913330078e-01
4.796594977378845215e-01
4.261786341667175293e-01
3.788902163505554199e-01
5.551525354385375977e-01
4.589805603027343750e-01
4.036726653575897217e-01
3.474401831626892090e-01
5.661185979843139648e-01
5.219846963882446289e-01
5.861772894859313965e-01
6.254340410232543945e-01
5.905818343162536621e-01
5.578379034996032715e-01
5.989176630973815918e-01
6.247681975364685059e-01
1.000000000000000000e+00
1.000000000000000000e+00
1.000000000000000000e+00
0.000000000000000000e+00
0.000000000000000000e+00
