-1.000000000000000000e+00
3.987427353858947754e-01
4.602454900741577148e-01
5.065401196479797363e-01
5.447906851768493652e-01
5.823446512222290039e-01
4.810191988945007324e-01
4.887855350971221924e-01
4.870674014091491699e-01
4.825576841831207275e-01
4.455496072769165039e-01
4.538008272647857666e-01
4.600417613983154297e-01
4.638054966926574707e-01
4.065326452255249023e-01
4.119866192340850830e-01
4.191339313983917236e-01
4.222634434700012207e-01
3.674938678741455078e-01
3.762598633766174316e-01
3.876032233238220215e-01
3.908151984214782715e-01
7.359718680381774902e-01
7.049033641815185547e-01
6.359884142875671387e-01
5.863769650459289551e-01
5.688585638999938965e-01
5.309667587280273438e-01
4.514274001121520996e-01
3.972984254360198975e-01
3.481927812099456787e-01
5.243095755577087402e-01
4.291951656341552734e-01
3.686486482620239258e-01
3.113249838352203369e-01
5.420362949371337891e-01
5.052251815795898438e-01
5.708829760551452637e-01
6.057749986648559570e-01
5.705509185791015625e-01
5.438839793205261230e-01
5.909665822982788086e-01
6.137151122093200684e-01
0.000000000000000000e+00
1.000000000000000000e+00
1.000000000000000000e+00
0.000000000000000000e+00
0.000000000000000000e+00
1.000000000000000000e+00
8.183115720748901367e-01
7.627325654029846191e-01
7.150939106941223145e-01
6.764078736305236816e-01
6.353704929351806641e-01
7.417835593223571777e-01
7.409500479698181152e-01
7.415591478347778320e-01
7.424256801605224609e-01
7.755551338195800781e-01
7.712571024894714355e-01
7.685217857360839844e-01
7.689123749732971191e-01
8.134427070617675781e-01
8.250886797904968262e-01
8.130419254302978516e-01
8.029772639274597168e-01
8.498570322990417480e-01
8.567301630973815918e-01
8.437166810035705566e-01
8.316324949264526367e-01
7.295180559158325195e-01
6.996840238571166992e-01
6.362135410308837891e-01
5.867974758148193359e-01
5.754743814468383789e-01
5.371150970458984375e-01
4.539561271667480469e-01
4.004431366920471191e-01
3.524035215377807617e-01
5.351165533065795898e-01
4.398646354675292969e-01
3.843575119972229004e-01
3.265818655490875244e-01
5.536460876464843750e-01
5.129023790359497070e-01
5.727441310882568359e-01
6.079908609390258789e-01
5.846678614616394043e-01
5.512197017669677734e-01
5.884846448898315430e-01
6.116703152656555176e-01
1.000000000000000000e+00
1.000000000000000000e+00
1.000000000000000000e+00
0.000000000000000000e+00
0.000000000000000000e+00
