-1.000000000000000000e+00
4.012368619441986084e-01
4.624641239643096924e-01
5.053071379661560059e-01
5.416097640991210938e-01
5.780109763145446777e-01
4.772540330886840820e-01
4.837224483489990234e-01
4.810504615306854248e-01
4.753740131855010986e-01
4.419230818748474121e-01
4.479881227016448975e-01
4.533127248287200928e-01
4.555287659168243408e-01
4.035476744174957275e-01
4.081365466117858887e-01
4.172924757003784180e-01
4.207686781883239746e-01
3.652846813201904297e-01
3.739072680473327637e-01
3.862450718879699707e-01
3.891007602214813232e-01
7.313803434371948242e-01
6.965783834457397461e-01
6.243246793746948242e-01
5.741724967956542969e-01
5.566248893737792969e-01
5.215191841125488281e-01
4.420011043548583984e-01
3.877461552619934082e-01
3.382546901702880859e-01
5.170616507530212402e-01
4.232027530670166016e-01
3.637260794639587402e-01
3.066529631614685059e-01
5.366739630699157715e-01
4.982204735279083252e-01
5.646868348121643066e-01
5.984805822372436523e-01
5.663708448410034180e-01
5.376798510551452637e-01
5.840985774993896484e-01
6.053934097290039062e-01
0.000000000000000000e+00
1.000000000000000000e+00
1.000000000000000000e+00
0.000000000000000000e+00
0.000000000000000000e+00
1.000000000000000000e+00
8.081257343292236328e-01
7.542333602905273438e-01
7.083781361579895020e-01
6.724884510040283203e-01
6.325473785400390625e-01
7.355554103851318359e-01
7.372940182685852051e-01
7.393729090690612793e-01
7.421084642410278320e-01
7.701314091682434082e-01
7.694942355155944824e-01
7.674949169158935547e-01
7.697800993919372559e-01
8.080453872680664062e-01
8.202684521675109863e-01
8.045383095741271973e-01
7.933737039566040039e-01
8.436462879180908203e-01
8.507400751113891602e-01
8.359517455101013184e-01
8.237584233283996582e-01
7.247955799102783203e-01
6.921881437301635742e-01
6.257567405700683594e-01
5.734593868255615234e-01
5.581873059272766113e-01
5.309694409370422363e-01
4.476335644721984863e-01
3.940043449401855469e-01
3.467594981193542480e-01
5.303124189376831055e-01
4.360286593437194824e-01
3.792004585266113281e-01
3.224824070930480957e-01
5.507783889770507812e-01
5.085237026214599609e-01
5.671736598014831543e-01
6.039417386054992676e-01
5.838730931282043457e-01
5.498592257499694824e-01
5.858498215675354004e-01
6.100078821182250977e-01
1.000000000000000000e+00
1.000000000000000000e+00
1.000000000000000000e+00
0.000000000000000000e+00
0.000000000000000000e+00
