-1.000000000000000000e+00
4.020141363143920898e-01
4.640054404735565186e-01
5.080311894416809082e-01
5.448787808418273926e-01
5.803936719894409180e-01
4.810750186443328857e-01
4.885595142841339111e-01
4.863715469837188721e-01
4.807203710079193115e-01
4.458408057689666748e-01
4.542106389999389648e-01
4.596346914768218994e-01
4.620555937290191650e-01
4.074810445308685303e-01
4.119964540004730225e-01
4.191060662269592285e-01
4.222038984298706055e-01
3.689984977245330811e-01
3.773678541183471680e-01
3.887761831283569336e-01
3.924938738346099854e-01
7.276233434677124023e-01
6.950186491012573242e-01
6.251220107078552246e-01
5.780698060989379883e-01
5.619010329246520996e-01
5.211241245269775391e-01
4.435334205627441406e-01
3.904457092285156250e-01
3.414835929870605469e-01
5.156618356704711914e-01
4.245184063911437988e-01
3.651526272296905518e-01
3.077685236930847168e-01
5.342852473258972168e-01
4.969273209571838379e-01
5.633196830749511719e-01
5.975174307823181152e-01
5.636057257652282715e-01
5.360772609710693359e-01
5.826153755187988281e-01
6.048192381858825684e-01
0.000000000000000000e+00
1.000000000000000000e+00
1.000000000000000000e+00
0.000000000000000000e+00
0.000000000000000000e+00
1.000000000000000000e+00
8.128954768180847168e-01
7.604033946990966797e-01
7.147345542907714844e-01
6.772527694702148438e-01
6.370335221290588379e-01
7.406395077705383301e-01
7.422335147857666016e-01
7.443796992301940918e-01
7.467392086982727051e-01
7.753354310989379883e-01
7.740733027458190918e-01
7.734153866767883301e-01
7.757533192634582520e-01
8.126832842826843262e-01
8.256109952926635742e-01
8.110420107841491699e-01
7.999195456504821777e-01
8.477059006690979004e-01
8.557742834091186523e-01
8.415140509605407715e-01
8.293917775154113770e-01
7.259654998779296875e-01
6.949982047080993652e-01
6.317124962806701660e-01
5.807365179061889648e-01
5.656076073646545410e-01
5.332124829292297363e-01
4.482022225856781006e-01
3.949477672576904297e-01
3.477951586246490479e-01
5.329284071922302246e-01
4.387381374835968018e-01
3.820092082023620605e-01
3.260785937309265137e-01
5.531998872756958008e-01
5.144913792610168457e-01
5.706436038017272949e-01
6.059168577194213867e-01
5.855234861373901367e-01
5.543631315231323242e-01
5.907758474349975586e-01
6.151115894317626953e-01
1.000000000000000000e+00
1.000000000000000000e+00
1.000000000000000000e+00
0.000000000000000000e+00
0.000000000000000000e+00
