-1.000000000000000000e+00
4.054565429687500000e-01
4.658205509185791016e-01
5.114755630493164062e-01
5.475156307220458984e-01
5.805501341819763184e-01
4.908469319343566895e-01
5.015043616294860840e-01
5.025910735130310059e-01
5.006762742996215820e-01
4.586560726165771484e-01
4.705922007560729980e-01
4.786147773265838623e-01
4.838830232620239258e-01
4.218569397926330566e-01
4.273170232772827148e-01
4.305728375911712646e-01
4.314382970333099365e-01
3.838170766830444336e-01
3.915343284606933594e-01
3.999583125114440918e-01
4.024025201797485352e-01
7.435904741287231445e-01
7.180596590042114258e-01
6.554972529411315918e-01
6.115352511405944824e-01
6.005184650421142578e-01
5.558836460113525391e-01
4.838911294937133789e-01
4.346847534179687500e-01
3.891530632972717285e-01
5.477578043937683105e-01
4.621372222900390625e-01
4.071118235588073730e-01
3.537101745605468750e-01
5.616177320480346680e-01
5.229339599609375000e-01
5.844995379447937012e-01
6.164383888244628906e-01
5.853108167648315430e-01
5.572167038917541504e-01
6.008549928665161133e-01
6.226933598518371582e-01
0.000000000000000000e+00
1.000000000000000000e+00
1.000000000000000000e+00
0.000000000000000000e+00
0.000000000000000000e+00
1.000000000000000000e+00
8.049307465553283691e-01
7.512744665145874023e-01
7.016119360923767090e-01
6.616863012313842773e-01
6.230409741401672363e-01
7.247170805931091309e-01
7.193648219108581543e-01
7.173274159431457520e-01
7.174213528633117676e-01
7.580916881561279297e-01
7.489549517631530762e-01
7.436223626136779785e-01
7.429075837135314941e-01
7.959676384925842285e-01
8.035860061645507812e-01
7.920746803283691406e-01
7.843677997589111328e-01
8.323296904563903809e-01
8.352397680282592773e-01
8.224568367004394531e-01
8.132209181785583496e-01
7.491956949234008789e-01
7.262932062149047852e-01
6.726421713829040527e-01
6.295367479324340820e-01
6.170732378959655762e-01
5.722283124923706055e-01
4.930155873298645020e-01
4.417403340339660645e-01
3.967187404632568359e-01
5.672777891159057617e-01
4.767253100872039795e-01
4.242844581604003906e-01
3.697231709957122803e-01
5.826378464698791504e-01
5.389032363891601562e-01
5.955536961555480957e-01
6.304742693901062012e-01
6.111268401145935059e-01
5.794211626052856445e-01
6.160218119621276855e-01
6.396547555923461914e-01
1.000000000000000000e+00
1.000000000000000000e+00
1.000000000000000000e+00
0.000000000000000000e+00
0.000000000000000000e+00
