-1.000000000000000000e+00
4.203753769397735596e-01
5.108512043952941895e-01
5.685213804244995117e-01
6.011627316474914551e-01
6.234557628631591797e-01
5.327493548393249512e-01
5.970103740692138672e-01
6.378749608993530273e-01
6.643555760383605957e-01
5.024494528770446777e-01
6.028321981430053711e-01
6.016048192977905273e-01
5.849516391754150391e-01
4.829117059707641602e-01
5.769453048706054688e-01
5.539096593856811523e-01
5.243571996688842773e-01
4.729401469230651855e-01
5.404112935066223145e-01
5.233919024467468262e-01
4.976624250411987305e-01
9.193098545074462891e-01
8.868083953857421875e-01
8.410255312919616699e-01
8.161301016807556152e-01
7.981120944023132324e-01
6.760030388832092285e-01
6.064102053642272949e-01
5.701902508735656738e-01
5.473409295082092285e-01
6.835860610008239746e-01
7.560806274414062500e-01
8.165325522422790527e-01
8.256392478942871094e-01
7.231557965278625488e-01
8.174444437026977539e-01
8.558244109153747559e-01
8.423137664794921875e-01
7.756304740905761719e-01
8.521822094917297363e-01
8.778711557388305664e-01
8.625521063804626465e-01
0.000000000000000000e+00
1.000000000000000000e+00
0.000000000000000000e+00
0.000000000000000000e+00
0.000000000000000000e+00
1.000000000000000000e+00
8.991827964782714844e-01
8.123695850372314453e-01
7.487601041793823242e-01
7.077996730804443359e-01
6.902462840080261230e-01
7.337758541107177734e-01
6.636497378349304199e-01
6.183224320411682129e-01
5.840771198272705078e-01
7.727491855621337891e-01
7.011529803276062012e-01
7.214036583900451660e-01
7.512638568878173828e-01
8.124396204948425293e-01
7.451919913291931152e-01
7.660199403762817383e-01
7.920987606048583984e-01
8.492214679718017578e-01
7.951008677482604980e-01
8.059426546096801758e-01
8.279294371604919434e-01
8.309324383735656738e-01
8.410639762878417969e-01
8.228281736373901367e-01
8.021348714828491211e-01
7.615024447441101074e-01
6.513060331344604492e-01
6.002144217491149902e-01
5.622438192367553711e-01
5.244331359863281250e-01
6.265178322792053223e-01
6.910802721977233887e-01
7.548929452896118164e-01
7.634237408638000488e-01
6.359752416610717773e-01
7.148548960685729980e-01
7.690168023109436035e-01
7.682976126670837402e-01
6.697252988815307617e-01
7.319700717926025391e-01
7.752601504325866699e-01
7.775751352310180664e-01
1.000000000000000000e+00
1.000000000000000000e+00
0.000000000000000000e+00
0.000000000000000000e+00
0.000000000000000000e+00
