-1.000000000000000000e+00
4.312698543071746826e-01
5.250772237777709961e-01
5.812014341354370117e-01
6.162247061729431152e-01
6.414837241172790527e-01
5.573180913925170898e-01
6.177328824996948242e-01
6.579380631446838379e-01
6.854328513145446777e-01
5.244935750961303711e-01
6.256760358810424805e-01
6.375299692153930664e-01
6.314986944198608398e-01
5.001436471939086914e-01
5.944374203681945801e-01
5.765339732170104980e-01
5.498719811439514160e-01
4.866544008255004883e-01
5.581228137016296387e-01
5.438707470893859863e-01
5.188514590263366699e-01
9.133555889129638672e-01
8.870720267295837402e-01
8.427228331565856934e-01
8.148828744888305664e-01
7.867048978805541992e-01
6.749234199523925781e-01
6.012723445892333984e-01
5.626285076141357422e-01
5.386814475059509277e-01
6.771101355552673340e-01
7.357199192047119141e-01
8.022016882896423340e-01
8.277840614318847656e-01
7.124192714691162109e-01
8.001552820205688477e-01
8.469175100326538086e-01
8.457581996917724609e-01
7.631142139434814453e-01
8.386125564575195312e-01
8.704707622528076172e-01
8.626340627670288086e-01
0.000000000000000000e+00
1.000000000000000000e+00
0.000000000000000000e+00
0.000000000000000000e+00
0.000000000000000000e+00
1.000000000000000000e+00
8.888276815414428711e-01
8.063478469848632812e-01
7.469108700752258301e-01
7.105242013931274414e-01
6.864658594131469727e-01
7.280676364898681641e-01
6.624798774719238281e-01
6.215717792510986328e-01
5.914623141288757324e-01
7.691293954849243164e-01
7.018105983734130859e-01
7.215291857719421387e-01
7.495973706245422363e-01
8.104276061058044434e-01
7.462872862815856934e-01
7.667200565338134766e-01
7.911709547042846680e-01
8.480290770530700684e-01
7.987504601478576660e-01
8.095077872276306152e-01
8.298103213310241699e-01
8.274224400520324707e-01
8.321635723114013672e-01
8.085868358612060547e-01
7.855602502822875977e-01
7.515430450439453125e-01
6.421831846237182617e-01
5.820516347885131836e-01
5.379573106765747070e-01
4.967463612556457520e-01
6.176021695137023926e-01
6.761786937713623047e-01
7.417749166488647461e-01
7.492011189460754395e-01
6.278549432754516602e-01
7.016631364822387695e-01
7.545198202133178711e-01
7.508472204208374023e-01
6.613668799400329590e-01
7.234377264976501465e-01
7.622007131576538086e-01
7.586493492126464844e-01
1.000000000000000000e+00
1.000000000000000000e+00
0.000000000000000000e+00
0.000000000000000000e+00
0.000000000000000000e+00
