-1.000000000000000000e+00
4.276242256164550781e-01
5.247624516487121582e-01
5.773888826370239258e-01
6.079488396644592285e-01
6.277372837066650391e-01
5.358638167381286621e-01
5.995761752128601074e-01
6.422101259231567383e-01
6.696743965148925781e-01
5.105393528938293457e-01
6.018105745315551758e-01
5.921844244003295898e-01
5.687925815582275391e-01
4.958359301090240479e-01
5.816214084625244141e-01
5.621051192283630371e-01
5.370486974716186523e-01
4.907949566841125488e-01
5.549401044845581055e-01
5.405701994895935059e-01
5.188041925430297852e-01
8.836814761161804199e-01
8.612663149833679199e-01
8.210493326187133789e-01
7.957834005355834961e-01
7.723392248153686523e-01
6.604983806610107422e-01
6.010956764221191406e-01
5.645955204963684082e-01
5.371041297912597656e-01
6.608818769454956055e-01
7.254778146743774414e-01
7.749525308609008789e-01
7.759646177291870117e-01
6.956735849380493164e-01
7.836230993270874023e-01
8.218799233436584473e-01
8.145908713340759277e-01
7.453987002372741699e-01
8.251705169677734375e-01
8.544597029685974121e-01
8.469282388687133789e-01
0.000000000000000000e+00
1.000000000000000000e+00
0.000000000000000000e+00
0.000000000000000000e+00
0.000000000000000000e+00
1.000000000000000000e+00
8.568166494369506836e-01
7.759044170379638672e-01
7.141639590263366699e-01
6.777889132499694824e-01
6.614990830421447754e-01
6.930972933769226074e-01
6.284768581390380859e-01
5.883523821830749512e-01
5.592558383941650391e-01
7.324135303497314453e-01
6.598303914070129395e-01
6.785606145858764648e-01
7.056307792663574219e-01
7.721595168113708496e-01
7.043944001197814941e-01
7.252703309059143066e-01
7.515615224838256836e-01
8.092293143272399902e-01
7.533522248268127441e-01
7.642487287521362305e-01
7.862668633460998535e-01
8.148655891418457031e-01
8.243256211280822754e-01
8.106901049613952637e-01
7.929943203926086426e-01
7.539054751396179199e-01
6.418825387954711914e-01
5.859597325325012207e-01
5.436739921569824219e-01
5.030686259269714355e-01
6.204215884208679199e-01
6.733451485633850098e-01
7.383979558944702148e-01
7.429607510566711426e-01
6.301005482673645020e-01
7.020065784454345703e-01
7.525131106376647949e-01
7.444682717323303223e-01
6.607841253280639648e-01
7.169137001037597656e-01
7.546330094337463379e-01
7.504270076751708984e-01
1.000000000000000000e+00
1.000000000000000000e+00
0.000000000000000000e+00
0.000000000000000000e+00
0.000000000000000000e+00
