-1.000000000000000000e+00
4.262695312500000000e-01
5.232478380203247070e-01
5.756636261940002441e-01
6.075156331062316895e-01
6.287720203399658203e-01
5.356585979461669922e-01
5.988607406616210938e-01
6.410762667655944824e-01
6.683272123336791992e-01
5.105006098747253418e-01
6.013258695602416992e-01
5.917894840240478516e-01
5.685332417488098145e-01
4.957072138786315918e-01
5.817173719406127930e-01
5.625016689300537109e-01
5.375404953956604004e-01
4.905462265014648438e-01
5.559470653533935547e-01
5.424800515174865723e-01
5.212462544441223145e-01
8.836827874183654785e-01
8.617309331893920898e-01
8.224729895591735840e-01
7.970725297927856445e-01
7.735562920570373535e-01
6.603528261184692383e-01
6.021161079406738281e-01
5.648030042648315430e-01
5.359973907470703125e-01
6.611000299453735352e-01
7.251008749008178711e-01
7.742483615875244141e-01
7.752850055694580078e-01
6.967464089393615723e-01
7.838816046714782715e-01
8.211733698844909668e-01
8.140509128570556641e-01
7.475813627243041992e-01
8.263243436813354492e-01
8.559199571609497070e-01
8.498450517654418945e-01
0.000000000000000000e+00
1.000000000000000000e+00
0.000000000000000000e+00
0.000000000000000000e+00
0.000000000000000000e+00
1.000000000000000000e+00
8.574782609939575195e-01
7.744593024253845215e-01
7.121471166610717773e-01
6.744851469993591309e-01
6.595474481582641602e-01
6.931989789009094238e-01
6.284931302070617676e-01
5.887524485588073730e-01
5.598023533821105957e-01
7.324610352516174316e-01
6.595750451087951660e-01
6.802731752395629883e-01
7.078487277030944824e-01
7.727879285812377930e-01
7.053347826004028320e-01
7.270548939704895020e-01
7.539890408515930176e-01
8.104103803634643555e-01
7.547252178192138672e-01
7.649365663528442383e-01
7.869629263877868652e-01
8.141703605651855469e-01
8.238047957420349121e-01
8.087314367294311523e-01
7.904821038246154785e-01
7.538526058197021484e-01
6.415733695030212402e-01
5.868439674377441406e-01
5.451315045356750488e-01
5.043495297431945801e-01
6.196260452270507812e-01
6.756316423416137695e-01
7.405416965484619141e-01
7.429472804069519043e-01
6.296474337577819824e-01
7.039828300476074219e-01
7.543830275535583496e-01
7.448810935020446777e-01
6.609256863594055176e-01
7.175824642181396484e-01
7.564314603805541992e-01
7.523802518844604492e-01
1.000000000000000000e+00
1.000000000000000000e+00
0.000000000000000000e+00
0.000000000000000000e+00
0.000000000000000000e+00
