-1.000000000000000000e+00
4.263509511947631836e-01
5.223107337951660156e-01
5.745781064033508301e-01
6.066280007362365723e-01
6.285970211029052734e-01
5.346157550811767578e-01
5.985793471336364746e-01
6.424548625946044922e-01
6.709331274032592773e-01
5.097902417182922363e-01
6.000163555145263672e-01
5.911229848861694336e-01
5.683199167251586914e-01
4.953484237194061279e-01
5.811045765876770020e-01
5.624932050704956055e-01
5.378288030624389648e-01
4.904398918151855469e-01
5.558303594589233398e-01
5.420374870300292969e-01
5.202225446701049805e-01
8.816264867782592773e-01
8.597473502159118652e-01
8.203850984573364258e-01
7.954933643341064453e-01
7.726562023162841797e-01
6.590102314949035645e-01
6.004164218902587891e-01
5.652064085006713867e-01
5.395419597625732422e-01
6.603451371192932129e-01
7.250276803970336914e-01
7.737264037132263184e-01
7.747253179550170898e-01
6.961903572082519531e-01
7.833197712898254395e-01
8.200213313102722168e-01
8.127254843711853027e-01
7.466740608215332031e-01
8.246895074844360352e-01
8.538275957107543945e-01
8.472808599472045898e-01
0.000000000000000000e+00
1.000000000000000000e+00
0.000000000000000000e+00
0.000000000000000000e+00
0.000000000000000000e+00
1.000000000000000000e+00
8.571263551712036133e-01
7.745864391326904297e-01
7.125642299652099609e-01
6.750817298889160156e-01
6.595461964607238770e-01
6.930919885635375977e-01
6.285415887832641602e-01
5.886907577514648438e-01
5.597276687622070312e-01
7.323569059371948242e-01
6.595090031623840332e-01
6.803595423698425293e-01
7.079008817672729492e-01
7.726733088493347168e-01
7.052945494651794434e-01
7.272303700447082520e-01
7.540667653083801270e-01
8.103703260421752930e-01
7.547562122344970703e-01
7.651790976524353027e-01
7.871795296669006348e-01
8.143216967582702637e-01
8.242698907852172852e-01
8.092231154441833496e-01
7.903331518173217773e-01
7.530357837677001953e-01
6.416021585464477539e-01
5.866312384605407715e-01
5.448162555694580078e-01
5.043973326683044434e-01
6.194829940795898438e-01
6.752153635025024414e-01
7.403684854507446289e-01
7.430223822593688965e-01
6.292290687561035156e-01
7.037640213966369629e-01
7.542791962623596191e-01
7.448832392692565918e-01
6.603602766990661621e-01
7.174266576766967773e-01
7.562147378921508789e-01
7.518202066421508789e-01
1.000000000000000000e+00
1.000000000000000000e+00
0.000000000000000000e+00
0.000000000000000000e+00
0.000000000000000000e+00
