-1.000000000000000000e+00
2.633932828903198242e-01
3.224285244941711426e-01
3.651777803897857666e-01
3.997618854045867920e-01
4.363614916801452637e-01
3.404839038848876953e-01
3.462396264076232910e-01
3.424207568168640137e-01
3.378176689147949219e-01
3.069249987602233887e-01
3.112233281135559082e-01
3.130183219909667969e-01
3.148057162761688232e-01
2.712213695049285889e-01
2.702515423297882080e-01
2.762508392333984375e-01
2.815126180648803711e-01
2.353175580501556396e-01
2.365986704826354980e-01
2.472356855869293213e-01
2.551162242889404297e-01
7.461111545562744141e-01
7.154930233955383301e-01
6.499741077423095703e-01
5.939617753028869629e-01
5.700062513351440430e-01
5.556067228317260742e-01
4.785415828227996826e-01
4.266941547393798828e-01
3.803263008594512939e-01
5.502752661705017090e-01
4.614779353141784668e-01
4.026761651039123535e-01
3.478902578353881836e-01
5.668600201606750488e-01
5.282061100006103516e-01
5.858022570610046387e-01
6.225502490997314453e-01
5.932412147521972656e-01
5.652794241905212402e-01
6.045425534248352051e-01
6.300916075706481934e-01
0.000000000000000000e+00
1.000000000000000000e+00
1.000000000000000000e+00
0.000000000000000000e+00
0.000000000000000000e+00
1.000000000000000000e+00
8.890939950942993164e-01
8.312817215919494629e-01
7.775403261184692383e-01
7.331061363220214844e-01
6.916409730911254883e-01
7.976413965225219727e-01
7.909754514694213867e-01
7.872514128684997559e-01
7.845942974090576172e-01
8.309873938560485840e-01
8.199076652526855469e-01
8.138235211372375488e-01
8.103364706039428711e-01
8.702711462974548340e-01
8.806020021438598633e-01
8.734228014945983887e-01
8.661061525344848633e-01
9.089062213897705078e-01
9.143476486206054688e-01
9.046663045883178711e-01
8.950570821762084961e-01
7.351940274238586426e-01
7.090256810188293457e-01
6.561475396156311035e-01
6.154508590698242188e-01
6.037089228630065918e-01
5.579538345336914062e-01
4.761173725128173828e-01
4.239400327205657959e-01
3.773826956748962402e-01
5.512422919273376465e-01
4.607970714569091797e-01
4.080887734889984131e-01
3.509750664234161377e-01
5.642506480216979980e-01
5.196111798286437988e-01
5.791419744491577148e-01
6.144515275955200195e-01
5.901072621345520020e-01
5.580079555511474609e-01
5.957829952239990234e-01
6.183398365974426270e-01
1.000000000000000000e+00
1.000000000000000000e+00
1.000000000000000000e+00
0.000000000000000000e+00
0.000000000000000000e+00
