-1.000000000000000000e+00
4.027004241943359375e-01
4.654559195041656494e-01
5.145642757415771484e-01
5.537556409835815430e-01
5.905871391296386719e-01
4.916027188301086426e-01
5.026124119758605957e-01
5.040439367294311523e-01
5.030388832092285156e-01
4.567821025848388672e-01
4.694526195526123047e-01
4.784747362136840820e-01
4.855345785617828369e-01
4.181572794914245605e-01
4.236962199211120605e-01
4.288245737552642822e-01
4.317807257175445557e-01
3.787258863449096680e-01
3.867020905017852783e-01
3.966625630855560303e-01
4.011446833610534668e-01
7.349537014961242676e-01
7.095086574554443359e-01
6.446297168731689453e-01
5.964887738227844238e-01
5.859358310699462891e-01
5.408354997634887695e-01
4.602320194244384766e-01
4.059643745422363281e-01
3.576405942440032959e-01
5.338400602340698242e-01
4.405930042266845703e-01
3.786457180976867676e-01
3.222699761390686035e-01
5.483558773994445801e-01
5.105861425399780273e-01
5.750181674957275391e-01
6.164101362228393555e-01
5.737254023551940918e-01
5.423648953437805176e-01
5.872239470481872559e-01
6.169523000717163086e-01
0.000000000000000000e+00
1.000000000000000000e+00
1.000000000000000000e+00
0.000000000000000000e+00
0.000000000000000000e+00
1.000000000000000000e+00
8.283348083496093750e-01
7.720562219619750977e-01
7.190947532653808594e-01
6.767995357513427734e-01
6.372591257095336914e-01
7.373774647712707520e-01
7.283143401145935059e-01
7.239926457405090332e-01
7.211254239082336426e-01
7.724937796592712402e-01
7.601597309112548828e-01
7.518363595008850098e-01
7.479512095451354980e-01
8.134665489196777344e-01
8.169937729835510254e-01
8.078615069389343262e-01
8.028166890144348145e-01
8.534668684005737305e-01
8.527935147285461426e-01
8.415123224258422852e-01
8.338729143142700195e-01
7.306793928146362305e-01
7.040721178054809570e-01
6.458780169486999512e-01
6.028029918670654297e-01
5.980205535888671875e-01
5.508683919906616211e-01
4.668663144111633301e-01
4.132835566997528076e-01
3.658925592899322510e-01
5.444406270980834961e-01
4.490684866905212402e-01
3.932014107704162598e-01
3.356167078018188477e-01
5.578869581222534180e-01
5.154387354850769043e-01
5.782202482223510742e-01
6.157441139221191406e-01
5.838438272476196289e-01
5.510621070861816406e-01
5.915215611457824707e-01
6.166065931320190430e-01
1.000000000000000000e+00
1.000000000000000000e+00
1.000000000000000000e+00
0.000000000000000000e+00
0.000000000000000000e+00
