1.000000000000000000e+00
4.830689728260040283e-01
4.895020723342895508e-01
4.573352932929992676e-01
4.352028667926788330e-01
4.218518137931823730e-01
3.186984062194824219e-01
2.328223288059234619e-01
1.767144948244094849e-01
1.257223784923553467e-01
2.913822531700134277e-01
1.895037889480590820e-01
1.269738227128982544e-01
7.029581069946289062e-02
2.887835204601287842e-01
2.498077899217605591e-01
3.105911612510681152e-01
3.487459719181060791e-01
2.987071573734283447e-01
2.715295553207397461e-01
3.181864023208618164e-01
3.487232327461242676e-01
7.188516855239868164e-01
6.006729602813720703e-01
4.817359447479248047e-01
3.814175426959991455e-01
3.020916879177093506e-01
4.927534461021423340e-01
4.428507089614868164e-01
4.210495948791503906e-01
4.035944044589996338e-01
5.519058704376220703e-01
5.042991042137145996e-01
4.695671200752258301e-01
4.363970160484313965e-01
6.230515837669372559e-01
6.151371002197265625e-01
6.284382343292236328e-01
6.317423582077026367e-01
6.979942917823791504e-01
6.951783895492553711e-01
6.927599310874938965e-01
6.855349540710449219e-01
1.000000000000000000e+00
1.000000000000000000e+00
1.000000000000000000e+00
0.000000000000000000e+00
1.000000000000000000e+00
0.000000000000000000e+00
0.000000000000000000e+00
0.000000000000000000e+00
0.000000000000000000e+00
0.000000000000000000e+00
0.000000000000000000e+00
0.000000000000000000e+00
0.000000000000000000e+00
0.000000000000000000e+00
0.000000000000000000e+00
0.000000000000000000e+00
0.000000000000000000e+00
0.000000000000000000e+00
0.000000000000000000e+00
0.000000000000000000e+00
0.000000000000000000e+00
0.000000000000000000e+00
0.000000000000000000e+00
0.000000000000000000e+00
0.000000000000000000e+00
0.000000000000000000e+00
0.000000000000000000e+00
0.000000000000000000e+00
0.000000000000000000e+00
0.000000000000000000e+00
0.000000000000000000e+00
0.000000000000000000e+00
0.000000000000000000e+00
0.000000000000000000e+00
0.000000000000000000e+00
0.000000000000000000e+00
0.000000000000000000e+00
0.000000000000000000e+00
0.000000000000000000e+00
0.000000000000000000e+00
0.000000000000000000e+00
0.000000000000000000e+00
0.000000000000000000e+00
0.000000000000000000e+00
0.000000000000000000e+00
0.000000000000000000e+00
0.000000000000000000e+00
0.000000000000000000e+00
0.000000000000000000e+00
0.000000000000000000e+00
0.000000000000000000e+00
0.000000000000000000e+00
0.000000000000000000e+00
