1.000000000000000000e+00
5.072901248931884766e-01
5.095476508140563965e-01
4.779523015022277832e-01
4.492498040199279785e-01
4.343511760234832764e-01
3.465213477611541748e-01
2.638120949268341064e-01
2.090429812669754028e-01
1.596410125494003296e-01
3.232654929161071777e-01
2.247464209794998169e-01
1.636335998773574829e-01
1.084320545196533203e-01
3.236250877380371094e-01
2.877862155437469482e-01
3.447943031787872314e-01
3.785157799720764160e-01
3.351265192031860352e-01
3.038757741451263428e-01
3.481200337409973145e-01
3.769038319587707520e-01
7.409473061561584473e-01
6.219881772994995117e-01
5.078588724136352539e-01
4.159463942050933838e-01
3.380407691001892090e-01
5.156778693199157715e-01
4.688391089439392090e-01
4.488497376441955566e-01
4.333758950233459473e-01
5.762330293655395508e-01
5.322753787040710449e-01
5.010781288146972656e-01
4.722905158996582031e-01
6.474147439002990723e-01
6.388061642646789551e-01
6.525289416313171387e-01
6.570348143577575684e-01
7.211470603942871094e-01
7.124446034431457520e-01
7.115919589996337891e-01
7.087472677230834961e-01
1.000000000000000000e+00
1.000000000000000000e+00
1.000000000000000000e+00
0.000000000000000000e+00
1.000000000000000000e+00
0.000000000000000000e+00
0.000000000000000000e+00
0.000000000000000000e+00
0.000000000000000000e+00
0.000000000000000000e+00
0.000000000000000000e+00
0.000000000000000000e+00
0.000000000000000000e+00
0.000000000000000000e+00
0.000000000000000000e+00
0.000000000000000000e+00
0.000000000000000000e+00
0.000000000000000000e+00
0.000000000000000000e+00
0.000000000000000000e+00
0.000000000000000000e+00
0.000000000000000000e+00
0.000000000000000000e+00
0.000000000000000000e+00
0.000000000000000000e+00
0.000000000000000000e+00
0.000000000000000000e+00
0.000000000000000000e+00
0.000000000000000000e+00
0.000000000000000000e+00
0.000000000000000000e+00
0.000000000000000000e+00
0.000000000000000000e+00
0.000000000000000000e+00
0.000000000000000000e+00
0.000000000000000000e+00
0.000000000000000000e+00
0.000000000000000000e+00
0.000000000000000000e+00
0.000000000000000000e+00
0.000000000000000000e+00
0.000000000000000000e+00
0.000000000000000000e+00
0.000000000000000000e+00
0.000000000000000000e+00
0.000000000000000000e+00
0.000000000000000000e+00
0.000000000000000000e+00
0.000000000000000000e+00
0.000000000000000000e+00
0.000000000000000000e+00
0.000000000000000000e+00
0.000000000000000000e+00
