1.000000000000000000e+00
5.411351323127746582e-01
5.421012639999389648e-01
5.096417069435119629e-01
4.836981296539306641e-01
4.696983993053436279e-01
3.862514495849609375e-01
3.035654723644256592e-01
2.507954835891723633e-01
2.022346258163452148e-01
3.647073209285736084e-01
2.709397673606872559e-01
2.112707942724227905e-01
1.582179069519042969e-01
3.663152754306793213e-01
3.290064334869384766e-01
3.807233273983001709e-01
4.162575602531433105e-01
3.782667517662048340e-01
3.474882543087005615e-01
3.840444684028625488e-01
4.125818312168121338e-01
7.539097070693969727e-01
6.386674046516418457e-01
5.370479226112365723e-01
4.490025043487548828e-01
3.768347799777984619e-01
5.421130657196044922e-01
4.967692792415618896e-01
4.795966744422912598e-01
4.649646878242492676e-01
6.016889214515686035e-01
5.560176372528076172e-01
5.248553156852722168e-01
4.979775547981262207e-01
6.707936525344848633e-01
6.586544513702392578e-01
6.668690443038940430e-01
6.716996431350708008e-01
7.417932748794555664e-01
7.322948575019836426e-01
7.289908528327941895e-01
7.266559004783630371e-01
1.000000000000000000e+00
1.000000000000000000e+00
1.000000000000000000e+00
0.000000000000000000e+00
1.000000000000000000e+00
0.000000000000000000e+00
0.000000000000000000e+00
0.000000000000000000e+00
0.000000000000000000e+00
0.000000000000000000e+00
0.000000000000000000e+00
0.000000000000000000e+00
0.000000000000000000e+00
0.000000000000000000e+00
0.000000000000000000e+00
0.000000000000000000e+00
0.000000000000000000e+00
0.000000000000000000e+00
0.000000000000000000e+00
0.000000000000000000e+00
0.000000000000000000e+00
0.000000000000000000e+00
0.000000000000000000e+00
0.000000000000000000e+00
0.000000000000000000e+00
0.000000000000000000e+00
0.000000000000000000e+00
0.000000000000000000e+00
0.000000000000000000e+00
0.000000000000000000e+00
0.000000000000000000e+00
0.000000000000000000e+00
0.000000000000000000e+00
0.000000000000000000e+00
0.000000000000000000e+00
0.000000000000000000e+00
0.000000000000000000e+00
0.000000000000000000e+00
0.000000000000000000e+00
0.000000000000000000e+00
0.000000000000000000e+00
0.000000000000000000e+00
0.000000000000000000e+00
0.000000000000000000e+00
0.000000000000000000e+00
0.000000000000000000e+00
0.000000000000000000e+00
0.000000000000000000e+00
0.000000000000000000e+00
0.000000000000000000e+00
0.000000000000000000e+00
0.000000000000000000e+00
0.000000000000000000e+00
