1.000000000000000000e+00
6.224869489669799805e-01
6.300304532051086426e-01
6.004254221916198730e-01
5.760051012039184570e-01
5.651231408119201660e-01
4.813048541545867920e-01
4.098347425460815430e-01
3.615887761116027832e-01
3.168711662292480469e-01
4.591231942176818848e-01
3.743307590484619141e-01
3.216578662395477295e-01
2.723152935504913330e-01
4.570618271827697754e-01
4.259900152683258057e-01
4.822210371494293213e-01
5.143657326698303223e-01
4.651115536689758301e-01
4.378471076488494873e-01
4.804590344429016113e-01
5.072840452194213867e-01
7.819917201995849609e-01
6.764542460441589355e-01
5.719155669212341309e-01
4.866420328617095947e-01
4.133060574531555176e-01
5.745462775230407715e-01
5.342358946800231934e-01
5.149473547935485840e-01
5.001377463340759277e-01
6.267138123512268066e-01
5.824537873268127441e-01
5.503402948379516602e-01
5.211102962493896484e-01
6.909922957420349121e-01
6.800441145896911621e-01
6.966396570205688477e-01
7.036799192428588867e-01
7.583189010620117188e-01
7.474943995475769043e-01
7.507508993148803711e-01
7.514963150024414062e-01
1.000000000000000000e+00
1.000000000000000000e+00
1.000000000000000000e+00
0.000000000000000000e+00
0.000000000000000000e+00
0.000000000000000000e+00
0.000000000000000000e+00
0.000000000000000000e+00
0.000000000000000000e+00
0.000000000000000000e+00
0.000000000000000000e+00
0.000000000000000000e+00
0.000000000000000000e+00
0.000000000000000000e+00
0.000000000000000000e+00
0.000000000000000000e+00
0.000000000000000000e+00
0.000000000000000000e+00
0.000000000000000000e+00
0.000000000000000000e+00
0.000000000000000000e+00
0.000000000000000000e+00
0.000000000000000000e+00
0.000000000000000000e+00
0.000000000000000000e+00
0.000000000000000000e+00
0.000000000000000000e+00
0.000000000000000000e+00
0.000000000000000000e+00
0.000000000000000000e+00
0.000000000000000000e+00
0.000000000000000000e+00
0.000000000000000000e+00
0.000000000000000000e+00
0.000000000000000000e+00
0.000000000000000000e+00
0.000000000000000000e+00
0.000000000000000000e+00
0.000000000000000000e+00
0.000000000000000000e+00
0.000000000000000000e+00
0.000000000000000000e+00
0.000000000000000000e+00
0.000000000000000000e+00
0.000000000000000000e+00
0.000000000000000000e+00
0.000000000000000000e+00
0.000000000000000000e+00
0.000000000000000000e+00
0.000000000000000000e+00
0.000000000000000000e+00
0.000000000000000000e+00
0.000000000000000000e+00
