1.000000000000000000e+00
5.953732728958129883e-01
6.066442131996154785e-01
5.834516882896423340e-01
5.624499320983886719e-01
5.507845282554626465e-01
4.696657061576843262e-01
4.067210257053375244e-01
3.631387352943420410e-01
3.210668861865997314e-01
4.410336315631866455e-01
3.696269989013671875e-01
3.227557241916656494e-01
2.762850522994995117e-01
4.311761260032653809e-01
3.966162204742431641e-01
4.479532241821289062e-01
4.836262166500091553e-01
4.319827556610107422e-01
4.115323126316070557e-01
4.497541785240173340e-01
4.786905646324157715e-01
9.032458066940307617e-01
7.955600619316101074e-01
6.886212825775146484e-01
5.999826192855834961e-01
5.257173776626586914e-01
6.658599972724914551e-01
6.133157610893249512e-01
5.869327783584594727e-01
5.649914741516113281e-01
7.150940895080566406e-01
6.563029289245605469e-01
6.166901588439941406e-01
5.811449289321899414e-01
7.799898386001586914e-01
7.689905166625976562e-01
7.885389924049377441e-01
7.986248135566711426e-01
8.504107594490051270e-01
8.392075896263122559e-01
8.452478647232055664e-01
8.471171855926513672e-01
1.000000000000000000e+00
1.000000000000000000e+00
1.000000000000000000e+00
0.000000000000000000e+00
0.000000000000000000e+00
0.000000000000000000e+00
0.000000000000000000e+00
0.000000000000000000e+00
0.000000000000000000e+00
0.000000000000000000e+00
0.000000000000000000e+00
0.000000000000000000e+00
0.000000000000000000e+00
0.000000000000000000e+00
0.000000000000000000e+00
0.000000000000000000e+00
0.000000000000000000e+00
0.000000000000000000e+00
0.000000000000000000e+00
0.000000000000000000e+00
0.000000000000000000e+00
0.000000000000000000e+00
0.000000000000000000e+00
0.000000000000000000e+00
0.000000000000000000e+00
0.000000000000000000e+00
0.000000000000000000e+00
0.000000000000000000e+00
0.000000000000000000e+00
0.000000000000000000e+00
0.000000000000000000e+00
0.000000000000000000e+00
0.000000000000000000e+00
0.000000000000000000e+00
0.000000000000000000e+00
0.000000000000000000e+00
0.000000000000000000e+00
0.000000000000000000e+00
0.000000000000000000e+00
0.000000000000000000e+00
0.000000000000000000e+00
0.000000000000000000e+00
0.000000000000000000e+00
0.000000000000000000e+00
0.000000000000000000e+00
0.000000000000000000e+00
0.000000000000000000e+00
0.000000000000000000e+00
0.000000000000000000e+00
0.000000000000000000e+00
0.000000000000000000e+00
0.000000000000000000e+00
0.000000000000000000e+00
