1.000000000000000000e+00
5.508414506912231445e-01
5.331546664237976074e-01
4.776785671710968018e-01
4.347132146358489990e-01
4.139431715011596680e-01
3.726231157779693604e-01
3.006480932235717773e-01
2.550371289253234863e-01
2.130801230669021606e-01
3.628835082054138184e-01
2.797993421554565430e-01
2.269748002290725708e-01
1.801222115755081177e-01
3.741775453090667725e-01
3.310736119747161865e-01
3.904516398906707764e-01
4.296112656593322754e-01
3.965971171855926514e-01
3.686983585357666016e-01
4.125686287879943848e-01
4.423883259296417236e-01
6.107255220413208008e-01
5.016571879386901855e-01
4.128325283527374268e-01
3.409824371337890625e-01
2.787058949470520020e-01
4.678790569305419922e-01
4.619897305965423584e-01
4.656964540481567383e-01
4.710282087326049805e-01
5.256935358047485352e-01
5.194741487503051758e-01
5.130376815795898438e-01
5.086327195167541504e-01
5.859237909317016602e-01
5.969312787055969238e-01
5.884533524513244629e-01
5.796226859092712402e-01
6.459525823593139648e-01
6.481318473815917969e-01
6.339359283447265625e-01
6.198915243148803711e-01
1.000000000000000000e+00
0.000000000000000000e+00
1.000000000000000000e+00
1.000000000000000000e+00
1.000000000000000000e+00
0.000000000000000000e+00
0.000000000000000000e+00
0.000000000000000000e+00
0.000000000000000000e+00
0.000000000000000000e+00
0.000000000000000000e+00
0.000000000000000000e+00
0.000000000000000000e+00
0.000000000000000000e+00
0.000000000000000000e+00
0.000000000000000000e+00
0.000000000000000000e+00
0.000000000000000000e+00
0.000000000000000000e+00
0.000000000000000000e+00
0.000000000000000000e+00
0.000000000000000000e+00
0.000000000000000000e+00
0.000000000000000000e+00
0.000000000000000000e+00
0.000000000000000000e+00
0.000000000000000000e+00
0.000000000000000000e+00
0.000000000000000000e+00
0.000000000000000000e+00
0.000000000000000000e+00
0.000000000000000000e+00
0.000000000000000000e+00
0.000000000000000000e+00
0.000000000000000000e+00
0.000000000000000000e+00
0.000000000000000000e+00
0.000000000000000000e+00
0.000000000000000000e+00
0.000000000000000000e+00
0.000000000000000000e+00
0.000000000000000000e+00
0.000000000000000000e+00
0.000000000000000000e+00
0.000000000000000000e+00
0.000000000000000000e+00
0.000000000000000000e+00
0.000000000000000000e+00
0.000000000000000000e+00
0.000000000000000000e+00
0.000000000000000000e+00
0.000000000000000000e+00
0.000000000000000000e+00
