1.000000000000000000e+00
5.856370925903320312e-01
5.783188343048095703e-01
5.352342128753662109e-01
4.988388419151306152e-01
4.764012992382049561e-01
4.194495975971221924e-01
3.417359590530395508e-01
2.910020053386688232e-01
2.456989139318466187e-01
4.042075276374816895e-01
3.121605813503265381e-01
2.553247213363647461e-01
2.035346478223800659e-01
4.104181528091430664e-01
3.775577843189239502e-01
4.259197413921356201e-01
4.561936557292938232e-01
4.271091222763061523e-01
4.036282598972320557e-01
4.361374378204345703e-01
4.566785991191864014e-01
6.154441833496093750e-01
5.077799558639526367e-01
4.135970473289489746e-01
3.363356590270996094e-01
2.699058055877685547e-01
4.396486282348632812e-01
4.095913469791412354e-01
3.978817760944366455e-01
3.904421329498291016e-01
4.972171187400817871e-01
4.672571122646331787e-01
4.421151876449584961e-01
4.202135801315307617e-01
5.628170371055603027e-01
5.486176609992980957e-01
5.492553710937500000e-01
5.518094897270202637e-01
6.294924020767211914e-01
6.168389320373535156e-01
6.049836277961730957e-01
5.984926819801330566e-01
1.000000000000000000e+00
1.000000000000000000e+00
1.000000000000000000e+00
0.000000000000000000e+00
1.000000000000000000e+00
0.000000000000000000e+00
0.000000000000000000e+00
0.000000000000000000e+00
0.000000000000000000e+00
0.000000000000000000e+00
0.000000000000000000e+00
0.000000000000000000e+00
0.000000000000000000e+00
0.000000000000000000e+00
0.000000000000000000e+00
0.000000000000000000e+00
0.000000000000000000e+00
0.000000000000000000e+00
0.000000000000000000e+00
0.000000000000000000e+00
0.000000000000000000e+00
0.000000000000000000e+00
0.000000000000000000e+00
0.000000000000000000e+00
0.000000000000000000e+00
0.000000000000000000e+00
0.000000000000000000e+00
0.000000000000000000e+00
0.000000000000000000e+00
0.000000000000000000e+00
0.000000000000000000e+00
0.000000000000000000e+00
0.000000000000000000e+00
0.000000000000000000e+00
0.000000000000000000e+00
0.000000000000000000e+00
0.000000000000000000e+00
0.000000000000000000e+00
0.000000000000000000e+00
0.000000000000000000e+00
0.000000000000000000e+00
0.000000000000000000e+00
0.000000000000000000e+00
0.000000000000000000e+00
0.000000000000000000e+00
0.000000000000000000e+00
0.000000000000000000e+00
0.000000000000000000e+00
0.000000000000000000e+00
0.000000000000000000e+00
0.000000000000000000e+00
0.000000000000000000e+00
0.000000000000000000e+00
