1.000000000000000000e+00
5.655022859573364258e-01
5.817069411277770996e-01
5.581918954849243164e-01
5.379026532173156738e-01
5.308413505554199219e-01
4.451431035995483398e-01
3.829987943172454834e-01
3.412405848503112793e-01
3.018465340137481689e-01
4.168803095817565918e-01
3.418601155281066895e-01
2.976553440093994141e-01
2.567747831344604492e-01
4.058510661125183105e-01
3.770790100097656250e-01
4.298895895481109619e-01
4.616768658161163330e-01
4.050658643245697021e-01
3.902733325958251953e-01
4.314588606357574463e-01
4.563291966915130615e-01
6.586302518844604492e-01
5.513846278190612793e-01
4.406037330627441406e-01
3.571563065052032471e-01
2.904950082302093506e-01
4.248825907707214355e-01
3.668744564056396484e-01
3.353077173233032227e-01
3.103874921798706055e-01
4.706049561500549316e-01
4.066300392150878906e-01
3.628131449222564697e-01
3.252649903297424316e-01
5.331929326057434082e-01
5.097038745880126953e-01
5.327751636505126953e-01
5.481834411621093750e-01
6.021969914436340332e-01
5.849178433418273926e-01
5.946089029312133789e-01
6.017237901687622070e-01
1.000000000000000000e+00
1.000000000000000000e+00
1.000000000000000000e+00
0.000000000000000000e+00
0.000000000000000000e+00
0.000000000000000000e+00
0.000000000000000000e+00
0.000000000000000000e+00
0.000000000000000000e+00
0.000000000000000000e+00
0.000000000000000000e+00
0.000000000000000000e+00
0.000000000000000000e+00
0.000000000000000000e+00
0.000000000000000000e+00
0.000000000000000000e+00
0.000000000000000000e+00
0.000000000000000000e+00
0.000000000000000000e+00
0.000000000000000000e+00
0.000000000000000000e+00
0.000000000000000000e+00
0.000000000000000000e+00
0.000000000000000000e+00
0.000000000000000000e+00
0.000000000000000000e+00
0.000000000000000000e+00
0.000000000000000000e+00
0.000000000000000000e+00
0.000000000000000000e+00
0.000000000000000000e+00
0.000000000000000000e+00
0.000000000000000000e+00
0.000000000000000000e+00
0.000000000000000000e+00
0.000000000000000000e+00
0.000000000000000000e+00
0.000000000000000000e+00
0.000000000000000000e+00
0.000000000000000000e+00
0.000000000000000000e+00
0.000000000000000000e+00
0.000000000000000000e+00
0.000000000000000000e+00
0.000000000000000000e+00
0.000000000000000000e+00
0.000000000000000000e+00
0.000000000000000000e+00
0.000000000000000000e+00
0.000000000000000000e+00
0.000000000000000000e+00
0.000000000000000000e+00
0.000000000000000000e+00
