1.000000000000000000e+00
5.572828650474548340e-01
5.705994963645935059e-01
5.471202135086059570e-01
5.286254286766052246e-01
5.215592384338378906e-01
4.354331493377685547e-01
3.737466931343078613e-01
3.320005536079406738e-01
2.934369146823883057e-01
4.084035754203796387e-01
3.341546058654785156e-01
2.898772358894348145e-01
2.497520148754119873e-01
3.988118469715118408e-01
3.662043213844299316e-01
4.209512174129486084e-01
4.535252451896667480e-01
3.987963795661926270e-01
3.756238222122192383e-01
4.182206988334655762e-01
4.445588588714599609e-01
6.779173612594604492e-01
5.684105753898620605e-01
4.602808356285095215e-01
3.768057227134704590e-01
3.097746372222900391e-01
4.467262923717498779e-01
3.926072716712951660e-01
3.644453883171081543e-01
3.417159020900726318e-01
4.923147261142730713e-01
4.331462085247039795e-01
3.920660614967346191e-01
3.547943830490112305e-01
5.543646812438964844e-01
5.311962962150573730e-01
5.580870509147644043e-01
5.728819370269775391e-01
6.223465800285339355e-01
6.021596193313598633e-01
6.144471764564514160e-01
6.217002868652343750e-01
1.000000000000000000e+00
1.000000000000000000e+00
1.000000000000000000e+00
0.000000000000000000e+00
0.000000000000000000e+00
0.000000000000000000e+00
0.000000000000000000e+00
0.000000000000000000e+00
0.000000000000000000e+00
0.000000000000000000e+00
0.000000000000000000e+00
0.000000000000000000e+00
0.000000000000000000e+00
0.000000000000000000e+00
0.000000000000000000e+00
0.000000000000000000e+00
0.000000000000000000e+00
0.000000000000000000e+00
0.000000000000000000e+00
0.000000000000000000e+00
0.000000000000000000e+00
0.000000000000000000e+00
0.000000000000000000e+00
0.000000000000000000e+00
0.000000000000000000e+00
0.000000000000000000e+00
0.000000000000000000e+00
0.000000000000000000e+00
0.000000000000000000e+00
0.000000000000000000e+00
0.000000000000000000e+00
0.000000000000000000e+00
0.000000000000000000e+00
0.000000000000000000e+00
0.000000000000000000e+00
0.000000000000000000e+00
0.000000000000000000e+00
0.000000000000000000e+00
0.000000000000000000e+00
0.000000000000000000e+00
0.000000000000000000e+00
0.000000000000000000e+00
0.000000000000000000e+00
0.000000000000000000e+00
0.000000000000000000e+00
0.000000000000000000e+00
0.000000000000000000e+00
0.000000000000000000e+00
0.000000000000000000e+00
0.000000000000000000e+00
0.000000000000000000e+00
0.000000000000000000e+00
0.000000000000000000e+00
