1.000000000000000000e+00
5.459107756614685059e-01
5.588222146034240723e-01
5.358031988143920898e-01
5.179212689399719238e-01
5.098406672477722168e-01
4.222076833248138428e-01
3.598980903625488281e-01
3.159744739532470703e-01
2.743581831455230713e-01
3.958003818988800049e-01
3.215762078762054443e-01
2.757771015167236328e-01
2.322706878185272217e-01
3.876894712448120117e-01
3.565333485603332520e-01
4.119912087917327881e-01
4.425439834594726562e-01
3.882738053798675537e-01
3.688547015190124512e-01
4.120537936687469482e-01
4.365441799163818359e-01
7.103908061981201172e-01
5.995062589645385742e-01
4.914484024047851562e-01
4.082615375518798828e-01
3.412323296070098877e-01
4.844955205917358398e-01
4.349566698074340820e-01
4.089632034301757812e-01
3.882030844688415527e-01
5.307301878929138184e-01
4.742781817913055420e-01
4.360483884811401367e-01
4.024365544319152832e-01
5.925608277320861816e-01
5.773723721504211426e-01
6.005239486694335938e-01
6.098166108131408691e-01
6.590183973312377930e-01
6.436196565628051758e-01
6.542686223983764648e-01
6.577095985412597656e-01
1.000000000000000000e+00
1.000000000000000000e+00
1.000000000000000000e+00
0.000000000000000000e+00
0.000000000000000000e+00
0.000000000000000000e+00
0.000000000000000000e+00
0.000000000000000000e+00
0.000000000000000000e+00
0.000000000000000000e+00
0.000000000000000000e+00
0.000000000000000000e+00
0.000000000000000000e+00
0.000000000000000000e+00
0.000000000000000000e+00
0.000000000000000000e+00
0.000000000000000000e+00
0.000000000000000000e+00
0.000000000000000000e+00
0.000000000000000000e+00
0.000000000000000000e+00
0.000000000000000000e+00
0.000000000000000000e+00
0.000000000000000000e+00
0.000000000000000000e+00
0.000000000000000000e+00
0.000000000000000000e+00
0.000000000000000000e+00
0.000000000000000000e+00
0.000000000000000000e+00
0.000000000000000000e+00
0.000000000000000000e+00
0.000000000000000000e+00
0.000000000000000000e+00
0.000000000000000000e+00
0.000000000000000000e+00
0.000000000000000000e+00
0.000000000000000000e+00
0.000000000000000000e+00
0.000000000000000000e+00
0.000000000000000000e+00
0.000000000000000000e+00
0.000000000000000000e+00
0.000000000000000000e+00
0.000000000000000000e+00
0.000000000000000000e+00
0.000000000000000000e+00
0.000000000000000000e+00
0.000000000000000000e+00
0.000000000000000000e+00
0.000000000000000000e+00
0.000000000000000000e+00
0.000000000000000000e+00
