-1.000000000000000000e+00
3.089012801647186279e-01
3.714435100555419922e-01
4.199908673763275146e-01
3.766102492809295654e-01
3.251263499259948730e-01
4.207988977432250977e-01
4.323615431785583496e-01
4.318010807037353516e-01
4.261692166328430176e-01
3.634190559387207031e-01
3.768124878406524658e-01
3.837619721889495850e-01
3.877452313899993896e-01
3.075416386127471924e-01
3.156200945377349854e-01
3.228059411048889160e-01
3.273337185382843018e-01
2.517839968204498291e-01
2.625074684619903564e-01
2.795259058475494385e-01
2.877917885780334473e-01
1.064065456390380859e+00
1.048801422119140625e+00
9.714526534080505371e-01
9.072943329811096191e-01
8.536721467971801758e-01
8.102978467941284180e-01
6.730681657791137695e-01
5.839039087295532227e-01
5.101045966148376465e-01
7.977747917175292969e-01
6.431221961975097656e-01
5.438853502273559570e-01
4.545613527297973633e-01
8.237251043319702148e-01
7.869095206260681152e-01
8.754433393478393555e-01
9.231091737747192383e-01
8.705997467041015625e-01
8.424739837646484375e-01
8.970444202423095703e-01
9.251548051834106445e-01
1.000000000000000000e+00
1.000000000000000000e+00
1.000000000000000000e+00
0.000000000000000000e+00
0.000000000000000000e+00
0.000000000000000000e+00
0.000000000000000000e+00
0.000000000000000000e+00
0.000000000000000000e+00
0.000000000000000000e+00
0.000000000000000000e+00
0.000000000000000000e+00
0.000000000000000000e+00
0.000000000000000000e+00
0.000000000000000000e+00
0.000000000000000000e+00
0.000000000000000000e+00
0.000000000000000000e+00
0.000000000000000000e+00
0.000000000000000000e+00
0.000000000000000000e+00
0.000000000000000000e+00
0.000000000000000000e+00
0.000000000000000000e+00
0.000000000000000000e+00
0.000000000000000000e+00
0.000000000000000000e+00
0.000000000000000000e+00
0.000000000000000000e+00
0.000000000000000000e+00
0.000000000000000000e+00
0.000000000000000000e+00
0.000000000000000000e+00
0.000000000000000000e+00
0.000000000000000000e+00
0.000000000000000000e+00
0.000000000000000000e+00
0.000000000000000000e+00
0.000000000000000000e+00
0.000000000000000000e+00
0.000000000000000000e+00
0.000000000000000000e+00
0.000000000000000000e+00
0.000000000000000000e+00
0.000000000000000000e+00
0.000000000000000000e+00
0.000000000000000000e+00
0.000000000000000000e+00
0.000000000000000000e+00
0.000000000000000000e+00
0.000000000000000000e+00
0.000000000000000000e+00
0.000000000000000000e+00
