-1.000000000000000000e+00
2.562393844127655029e-01
3.348014652729034424e-01
3.759959638118743896e-01
3.223087191581726074e-01
2.558438181877136230e-01
3.743818700313568115e-01
3.828550279140472412e-01
3.780510425567626953e-01
3.663601875305175781e-01
3.099865317344665527e-01
3.187845051288604736e-01
3.241158723831176758e-01
3.235391676425933838e-01
2.491247802972793579e-01
2.480922937393188477e-01
2.606847882270812988e-01
2.657259106636047363e-01
1.912215650081634521e-01
2.018785923719406128e-01
2.190640568733215332e-01
2.266263067722320557e-01
1.027790904045104980e+00
9.781908988952636719e-01
8.736901283264160156e-01
7.994254827499389648e-01
7.423421740531921387e-01
6.808462738990783691e-01
5.363728404045104980e-01
4.447430968284606934e-01
3.655087351799011230e-01
6.682759523391723633e-01
5.010371804237365723e-01
3.920037150382995605e-01
3.003900647163391113e-01
6.982741355895996094e-01
6.685686111450195312e-01
7.643936276435852051e-01
8.181524276733398438e-01
7.514703273773193359e-01
7.403136491775512695e-01
8.089628219604492188e-01
8.474739789962768555e-01
1.000000000000000000e+00
1.000000000000000000e+00
1.000000000000000000e+00
0.000000000000000000e+00
0.000000000000000000e+00
0.000000000000000000e+00
0.000000000000000000e+00
0.000000000000000000e+00
0.000000000000000000e+00
0.000000000000000000e+00
0.000000000000000000e+00
0.000000000000000000e+00
0.000000000000000000e+00
0.000000000000000000e+00
0.000000000000000000e+00
0.000000000000000000e+00
0.000000000000000000e+00
0.000000000000000000e+00
0.000000000000000000e+00
0.000000000000000000e+00
0.000000000000000000e+00
0.000000000000000000e+00
0.000000000000000000e+00
0.000000000000000000e+00
0.000000000000000000e+00
0.000000000000000000e+00
0.000000000000000000e+00
0.000000000000000000e+00
0.000000000000000000e+00
0.000000000000000000e+00
0.000000000000000000e+00
0.000000000000000000e+00
0.000000000000000000e+00
0.000000000000000000e+00
0.000000000000000000e+00
0.000000000000000000e+00
0.000000000000000000e+00
0.000000000000000000e+00
0.000000000000000000e+00
0.000000000000000000e+00
0.000000000000000000e+00
0.000000000000000000e+00
0.000000000000000000e+00
0.000000000000000000e+00
0.000000000000000000e+00
0.000000000000000000e+00
0.000000000000000000e+00
0.000000000000000000e+00
0.000000000000000000e+00
0.000000000000000000e+00
0.000000000000000000e+00
0.000000000000000000e+00
0.000000000000000000e+00
