-1.000000000000000000e+00
2.336968779563903809e-01
3.159580826759338379e-01
3.607074618339538574e-01
3.046174645423889160e-01
2.388854771852493286e-01
3.635795414447784424e-01
3.734079301357269287e-01
3.711639046669006348e-01
3.650223016738891602e-01
2.963250875473022461e-01
3.073983490467071533e-01
3.145511150360107422e-01
3.184076547622680664e-01
2.313921600580215454e-01
2.282148301601409912e-01
2.393965125083923340e-01
2.449357360601425171e-01
1.682818830013275146e-01
1.767867058515548706e-01
1.933456659317016602e-01
2.012030631303787231e-01
9.972625970840454102e-01
9.497016668319702148e-01
8.394629955291748047e-01
7.544631361961364746e-01
6.892726421356201172e-01
6.477384567260742188e-01
4.984470009803771973e-01
3.992495238780975342e-01
3.149488866329193115e-01
6.346032023429870605e-01
4.640842080116271973e-01
3.482425510883331299e-01
2.508589625358581543e-01
6.640086174011230469e-01
6.133946180343627930e-01
7.137812376022338867e-01
7.744515538215637207e-01
7.155339121818542480e-01
6.834614872932434082e-01
7.550674080848693848e-01
7.984042763710021973e-01
1.000000000000000000e+00
1.000000000000000000e+00
1.000000000000000000e+00
0.000000000000000000e+00
0.000000000000000000e+00
0.000000000000000000e+00
0.000000000000000000e+00
0.000000000000000000e+00
0.000000000000000000e+00
0.000000000000000000e+00
0.000000000000000000e+00
0.000000000000000000e+00
0.000000000000000000e+00
0.000000000000000000e+00
0.000000000000000000e+00
0.000000000000000000e+00
0.000000000000000000e+00
0.000000000000000000e+00
0.000000000000000000e+00
0.000000000000000000e+00
0.000000000000000000e+00
0.000000000000000000e+00
0.000000000000000000e+00
0.000000000000000000e+00
0.000000000000000000e+00
0.000000000000000000e+00
0.000000000000000000e+00
0.000000000000000000e+00
0.000000000000000000e+00
0.000000000000000000e+00
0.000000000000000000e+00
0.000000000000000000e+00
0.000000000000000000e+00
0.000000000000000000e+00
0.000000000000000000e+00
0.000000000000000000e+00
0.000000000000000000e+00
0.000000000000000000e+00
0.000000000000000000e+00
0.000000000000000000e+00
0.000000000000000000e+00
0.000000000000000000e+00
0.000000000000000000e+00
0.000000000000000000e+00
0.000000000000000000e+00
0.000000000000000000e+00
0.000000000000000000e+00
0.000000000000000000e+00
0.000000000000000000e+00
0.000000000000000000e+00
0.000000000000000000e+00
0.000000000000000000e+00
0.000000000000000000e+00
