-1.000000000000000000e+00
2.327039539813995361e-01
3.147104084491729736e-01
3.607945442199707031e-01
3.027678430080413818e-01
2.358224987983703613e-01
3.625881671905517578e-01
3.751024901866912842e-01
3.724659085273742676e-01
3.647618889808654785e-01
2.951874434947967529e-01
3.077195584774017334e-01
3.156642913818359375e-01
3.191890716552734375e-01
2.303342968225479126e-01
2.289575934410095215e-01
2.399882227182388306e-01
2.447119653224945068e-01
1.669141054153442383e-01
1.773610115051269531e-01
1.939617097377777100e-01
2.010586261749267578e-01
9.978399276733398438e-01
9.508918523788452148e-01
8.394554257392883301e-01
7.527996301651000977e-01
6.874231696128845215e-01
6.464465856552124023e-01
4.996338486671447754e-01
4.020201861858367920e-01
3.180265724658966064e-01
6.335341334342956543e-01
4.620260894298553467e-01
3.465363383293151855e-01
2.477715015411376953e-01
6.632583141326904297e-01
6.130833625793457031e-01
7.192313075065612793e-01
7.806628942489624023e-01
7.149801850318908691e-01
6.827825903892517090e-01
7.574460506439208984e-01
8.006497025489807129e-01
1.000000000000000000e+00
1.000000000000000000e+00
1.000000000000000000e+00
0.000000000000000000e+00
0.000000000000000000e+00
0.000000000000000000e+00
0.000000000000000000e+00
0.000000000000000000e+00
0.000000000000000000e+00
0.000000000000000000e+00
0.000000000000000000e+00
0.000000000000000000e+00
0.000000000000000000e+00
0.000000000000000000e+00
0.000000000000000000e+00
0.000000000000000000e+00
0.000000000000000000e+00
0.000000000000000000e+00
0.000000000000000000e+00
0.000000000000000000e+00
0.000000000000000000e+00
0.000000000000000000e+00
0.000000000000000000e+00
0.000000000000000000e+00
0.000000000000000000e+00
0.000000000000000000e+00
0.000000000000000000e+00
0.000000000000000000e+00
0.000000000000000000e+00
0.000000000000000000e+00
0.000000000000000000e+00
0.000000000000000000e+00
0.000000000000000000e+00
0.000000000000000000e+00
0.000000000000000000e+00
0.000000000000000000e+00
0.000000000000000000e+00
0.000000000000000000e+00
0.000000000000000000e+00
0.000000000000000000e+00
0.000000000000000000e+00
0.000000000000000000e+00
0.000000000000000000e+00
0.000000000000000000e+00
0.000000000000000000e+00
0.000000000000000000e+00
0.000000000000000000e+00
0.000000000000000000e+00
0.000000000000000000e+00
0.000000000000000000e+00
0.000000000000000000e+00
0.000000000000000000e+00
0.000000000000000000e+00
