-1.000000000000000000e+00
2.339701205492019653e-01
3.135121166706085205e-01
3.576365709304809570e-01
3.004817962646484375e-01
2.326709926128387451e-01
3.590608835220336914e-01
3.691429197788238525e-01
3.663698434829711914e-01
3.586216568946838379e-01
2.919680178165435791e-01
3.028745651245117188e-01
3.097442388534545898e-01
3.124847412109375000e-01
2.271391004323959351e-01
2.243641018867492676e-01
2.351908683776855469e-01
2.400723248720169067e-01
1.636679470539093018e-01
1.723628938198089600e-01
1.889465600252151489e-01
1.968263387680053711e-01
9.855229854583740234e-01
9.394843578338623047e-01
8.263055086135864258e-01
7.395216226577758789e-01
6.724177002906799316e-01
6.315306425094604492e-01
4.827725589275360107e-01
3.836178183555603027e-01
2.987500727176666260e-01
6.190484166145324707e-01
4.469050168991088867e-01
3.303371965885162354e-01
2.310762703418731689e-01
6.488662362098693848e-01
5.955312848091125488e-01
7.000945210456848145e-01
7.608477473258972168e-01
6.994650363922119141e-01
6.673833131790161133e-01
7.409900426864624023e-01
7.826940417289733887e-01
1.000000000000000000e+00
1.000000000000000000e+00
1.000000000000000000e+00
0.000000000000000000e+00
0.000000000000000000e+00
0.000000000000000000e+00
0.000000000000000000e+00
0.000000000000000000e+00
0.000000000000000000e+00
0.000000000000000000e+00
0.000000000000000000e+00
0.000000000000000000e+00
0.000000000000000000e+00
0.000000000000000000e+00
0.000000000000000000e+00
0.000000000000000000e+00
0.000000000000000000e+00
0.000000000000000000e+00
0.000000000000000000e+00
0.000000000000000000e+00
0.000000000000000000e+00
0.000000000000000000e+00
0.000000000000000000e+00
0.000000000000000000e+00
0.000000000000000000e+00
0.000000000000000000e+00
0.000000000000000000e+00
0.000000000000000000e+00
0.000000000000000000e+00
0.000000000000000000e+00
0.000000000000000000e+00
0.000000000000000000e+00
0.000000000000000000e+00
0.000000000000000000e+00
0.000000000000000000e+00
0.000000000000000000e+00
0.000000000000000000e+00
0.000000000000000000e+00
0.000000000000000000e+00
0.000000000000000000e+00
0.000000000000000000e+00
0.000000000000000000e+00
0.000000000000000000e+00
0.000000000000000000e+00
0.000000000000000000e+00
0.000000000000000000e+00
0.000000000000000000e+00
0.000000000000000000e+00
0.000000000000000000e+00
0.000000000000000000e+00
0.000000000000000000e+00
0.000000000000000000e+00
0.000000000000000000e+00
