-1.000000000000000000e+00
3.033795952796936035e-01
3.592218458652496338e-01
4.024372100830078125e-01
4.039319753646850586e-01
3.560944497585296631e-01
3.253116309642791748e-01
3.357224762439727783e-01
3.358113765716552734e-01
3.265057504177093506e-01
2.739697098731994629e-01
2.938206195831298828e-01
3.074620366096496582e-01
3.056597113609313965e-01
2.269273698329925537e-01
2.927263677120208740e-01
3.322651386260986328e-01
3.410090208053588867e-01
1.921038776636123657e-01
2.600416839122772217e-01
2.985540330410003662e-01
3.106292784214019775e-01
9.315626025199890137e-01
8.483635187149047852e-01
7.368434071540832520e-01
6.446879506111145020e-01
6.356992721557617188e-01
5.863118767738342285e-01
4.581156969070434570e-01
3.774188756942749023e-01
3.052264451980590820e-01
5.931475758552551270e-01
4.468124508857727051e-01
3.504788577556610107e-01
2.690328955650329590e-01
6.305453777313232422e-01
5.815196037292480469e-01
6.480157375335693359e-01
6.984179615974426270e-01
6.924065351486206055e-01
6.652628779411315918e-01
6.931319832801818848e-01
7.165034413337707520e-01
1.000000000000000000e+00
1.000000000000000000e+00
1.000000000000000000e+00
0.000000000000000000e+00
0.000000000000000000e+00
0.000000000000000000e+00
0.000000000000000000e+00
0.000000000000000000e+00
0.000000000000000000e+00
0.000000000000000000e+00
0.000000000000000000e+00
0.000000000000000000e+00
0.000000000000000000e+00
0.000000000000000000e+00
0.000000000000000000e+00
0.000000000000000000e+00
0.000000000000000000e+00
0.000000000000000000e+00
0.000000000000000000e+00
0.000000000000000000e+00
0.000000000000000000e+00
0.000000000000000000e+00
0.000000000000000000e+00
0.000000000000000000e+00
0.000000000000000000e+00
0.000000000000000000e+00
0.000000000000000000e+00
0.000000000000000000e+00
0.000000000000000000e+00
0.000000000000000000e+00
0.000000000000000000e+00
0.000000000000000000e+00
0.000000000000000000e+00
0.000000000000000000e+00
0.000000000000000000e+00
0.000000000000000000e+00
0.000000000000000000e+00
0.000000000000000000e+00
0.000000000000000000e+00
0.000000000000000000e+00
0.000000000000000000e+00
0.000000000000000000e+00
0.000000000000000000e+00
0.000000000000000000e+00
0.000000000000000000e+00
0.000000000000000000e+00
0.000000000000000000e+00
0.000000000000000000e+00
0.000000000000000000e+00
0.000000000000000000e+00
0.000000000000000000e+00
0.000000000000000000e+00
0.000000000000000000e+00
