1.000000000000000000e+00
2.657043635845184326e-01
2.418758720159530640e-01
2.446849346160888672e-01
2.795893847942352295e-01
3.148435056209564209e-01
1.993168294429779053e-01
2.376876920461654663e-01
2.558766901493072510e-01
2.649226188659667969e-01
2.242310792207717896e-01
2.644582092761993408e-01
2.860613465309143066e-01
2.958667278289794922e-01
2.603716254234313965e-01
3.479139804840087891e-01
3.629850745201110840e-01
3.464731574058532715e-01
3.057599663734436035e-01
3.763616681098937988e-01
3.811469376087188721e-01
3.596226572990417480e-01
9.172906875610351562e-01
8.039978742599487305e-01
6.885765194892883301e-01
6.168715357780456543e-01
5.829538106918334961e-01
6.202695965766906738e-01
4.761807322502136230e-01
3.879139423370361328e-01
3.142064511775970459e-01
6.456428766250610352e-01
4.762664437294006348e-01
3.728987574577331543e-01
2.840996980667114258e-01
6.854158639907836914e-01
5.643568634986877441e-01
6.121434569358825684e-01
6.564595103263854980e-01
7.312141060829162598e-01
6.344739794731140137e-01
6.671224236488342285e-01
7.038294672966003418e-01
0.000000000000000000e+00
1.000000000000000000e+00
1.000000000000000000e+00
0.000000000000000000e+00
0.000000000000000000e+00
0.000000000000000000e+00
0.000000000000000000e+00
0.000000000000000000e+00
0.000000000000000000e+00
0.000000000000000000e+00
0.000000000000000000e+00
0.000000000000000000e+00
0.000000000000000000e+00
0.000000000000000000e+00
0.000000000000000000e+00
0.000000000000000000e+00
0.000000000000000000e+00
0.000000000000000000e+00
0.000000000000000000e+00
0.000000000000000000e+00
0.000000000000000000e+00
0.000000000000000000e+00
0.000000000000000000e+00
0.000000000000000000e+00
0.000000000000000000e+00
0.000000000000000000e+00
0.000000000000000000e+00
0.000000000000000000e+00
0.000000000000000000e+00
0.000000000000000000e+00
0.000000000000000000e+00
0.000000000000000000e+00
0.000000000000000000e+00
0.000000000000000000e+00
0.000000000000000000e+00
0.000000000000000000e+00
0.000000000000000000e+00
0.000000000000000000e+00
0.000000000000000000e+00
0.000000000000000000e+00
0.000000000000000000e+00
0.000000000000000000e+00
0.000000000000000000e+00
0.000000000000000000e+00
0.000000000000000000e+00
0.000000000000000000e+00
0.000000000000000000e+00
0.000000000000000000e+00
0.000000000000000000e+00
0.000000000000000000e+00
0.000000000000000000e+00
0.000000000000000000e+00
0.000000000000000000e+00
