1.000000000000000000e+00
2.619822919368743896e-01
2.172248065471649170e-01
2.151651382446289062e-01
2.568794786930084229e-01
3.018019497394561768e-01
1.801252663135528564e-01
2.164841145277023315e-01
2.341990470886230469e-01
2.444214224815368652e-01
2.220265120267868042e-01
2.564124763011932373e-01
2.766116857528686523e-01
2.877863943576812744e-01
2.735065519809722900e-01
3.357502222061157227e-01
3.416822552680969238e-01
3.274835050106048584e-01
3.293834626674652100e-01
3.713201880455017090e-01
3.681536614894866943e-01
3.508977591991424561e-01
9.159938097000122070e-01
8.036491274833679199e-01
7.000719308853149414e-01
6.310865283012390137e-01
5.860166549682617188e-01
6.290026903152465820e-01
4.739938080310821533e-01
3.847931921482086182e-01
3.113602697849273682e-01
6.495752334594726562e-01
4.696521461009979248e-01
3.649687767028808594e-01
2.839037775993347168e-01
6.828534603118896484e-01
5.506333708763122559e-01
6.001448035240173340e-01
6.523179411888122559e-01
7.231572866439819336e-01
6.269350647926330566e-01
6.616659760475158691e-01
7.017853260040283203e-01
0.000000000000000000e+00
1.000000000000000000e+00
1.000000000000000000e+00
0.000000000000000000e+00
0.000000000000000000e+00
0.000000000000000000e+00
0.000000000000000000e+00
0.000000000000000000e+00
0.000000000000000000e+00
0.000000000000000000e+00
0.000000000000000000e+00
0.000000000000000000e+00
0.000000000000000000e+00
0.000000000000000000e+00
0.000000000000000000e+00
0.000000000000000000e+00
0.000000000000000000e+00
0.000000000000000000e+00
0.000000000000000000e+00
0.000000000000000000e+00
0.000000000000000000e+00
0.000000000000000000e+00
0.000000000000000000e+00
0.000000000000000000e+00
0.000000000000000000e+00
0.000000000000000000e+00
0.000000000000000000e+00
0.000000000000000000e+00
0.000000000000000000e+00
0.000000000000000000e+00
0.000000000000000000e+00
0.000000000000000000e+00
0.000000000000000000e+00
0.000000000000000000e+00
0.000000000000000000e+00
0.000000000000000000e+00
0.000000000000000000e+00
0.000000000000000000e+00
0.000000000000000000e+00
0.000000000000000000e+00
0.000000000000000000e+00
0.000000000000000000e+00
0.000000000000000000e+00
0.000000000000000000e+00
0.000000000000000000e+00
0.000000000000000000e+00
0.000000000000000000e+00
0.000000000000000000e+00
0.000000000000000000e+00
0.000000000000000000e+00
0.000000000000000000e+00
0.000000000000000000e+00
0.000000000000000000e+00
