1.000000000000000000e+00
2.634384632110595703e-01
2.163361161947250366e-01
2.105748355388641357e-01
2.450901567935943604e-01
2.826086282730102539e-01
1.792939901351928711e-01
2.133116722106933594e-01
2.312429398298263550e-01
2.418124973773956299e-01
2.217451184988021851e-01
2.543004453182220459e-01
2.733890414237976074e-01
2.841685414314270020e-01
2.735764682292938232e-01
3.328535258769989014e-01
3.367943465709686279e-01
3.224394917488098145e-01
3.293446600437164307e-01
3.689289093017578125e-01
3.658028542995452881e-01
3.500605821609497070e-01
9.218271970748901367e-01
8.157232999801635742e-01
7.056930065155029297e-01
6.250778436660766602e-01
5.690225362777709961e-01
6.391405463218688965e-01
4.791675508022308350e-01
3.890145421028137207e-01
3.155321776866912842e-01
6.570136547088623047e-01
4.718709290027618408e-01
3.664147257804870605e-01
2.833410799503326416e-01
6.853333711624145508e-01
5.536307692527770996e-01
6.060017347335815430e-01
6.597198843955993652e-01
7.224784493446350098e-01
6.226004362106323242e-01
6.601757407188415527e-01
7.027401924133300781e-01
0.000000000000000000e+00
1.000000000000000000e+00
1.000000000000000000e+00
0.000000000000000000e+00
0.000000000000000000e+00
0.000000000000000000e+00
0.000000000000000000e+00
0.000000000000000000e+00
0.000000000000000000e+00
0.000000000000000000e+00
0.000000000000000000e+00
0.000000000000000000e+00
0.000000000000000000e+00
0.000000000000000000e+00
0.000000000000000000e+00
0.000000000000000000e+00
0.000000000000000000e+00
0.000000000000000000e+00
0.000000000000000000e+00
0.000000000000000000e+00
0.000000000000000000e+00
0.000000000000000000e+00
0.000000000000000000e+00
0.000000000000000000e+00
0.000000000000000000e+00
0.000000000000000000e+00
0.000000000000000000e+00
0.000000000000000000e+00
0.000000000000000000e+00
0.000000000000000000e+00
0.000000000000000000e+00
0.000000000000000000e+00
0.000000000000000000e+00
0.000000000000000000e+00
0.000000000000000000e+00
0.000000000000000000e+00
0.000000000000000000e+00
0.000000000000000000e+00
0.000000000000000000e+00
0.000000000000000000e+00
0.000000000000000000e+00
0.000000000000000000e+00
0.000000000000000000e+00
0.000000000000000000e+00
0.000000000000000000e+00
0.000000000000000000e+00
0.000000000000000000e+00
0.000000000000000000e+00
0.000000000000000000e+00
0.000000000000000000e+00
0.000000000000000000e+00
0.000000000000000000e+00
0.000000000000000000e+00
