1.000000000000000000e+00
2.725927531719207764e-01
2.993966341018676758e-01
3.141285777091979980e-01
3.398826718330383301e-01
3.556740581989288330e-01
2.036478519439697266e-01
2.304920107126235962e-01
2.392977476119995117e-01
2.396666258573532104e-01
2.093396186828613281e-01
2.368813008069992065e-01
2.500530481338500977e-01
2.551420331001281738e-01
2.327836751937866211e-01
3.287107348442077637e-01
3.458448946475982666e-01
3.299115300178527832e-01
2.744354009628295898e-01
3.468103706836700439e-01
3.593370616436004639e-01
3.429879546165466309e-01
8.962048292160034180e-01
7.700009346008300781e-01
6.619517803192138672e-01
5.997159481048583984e-01
5.979113578796386719e-01
5.959838032722473145e-01
4.665757417678833008e-01
3.776234984397888184e-01
3.007477521896362305e-01
6.255617141723632812e-01
4.769493937492370605e-01
3.743328154087066650e-01
2.863398790359497070e-01
6.730509996414184570e-01
5.675286650657653809e-01
6.243860125541687012e-01
6.748577356338500977e-01
7.197821140289306641e-01
6.309469342231750488e-01
6.666024923324584961e-01
7.073828577995300293e-01
0.000000000000000000e+00
1.000000000000000000e+00
1.000000000000000000e+00
0.000000000000000000e+00
0.000000000000000000e+00
0.000000000000000000e+00
0.000000000000000000e+00
0.000000000000000000e+00
0.000000000000000000e+00
0.000000000000000000e+00
0.000000000000000000e+00
0.000000000000000000e+00
0.000000000000000000e+00
0.000000000000000000e+00
0.000000000000000000e+00
0.000000000000000000e+00
0.000000000000000000e+00
0.000000000000000000e+00
0.000000000000000000e+00
0.000000000000000000e+00
0.000000000000000000e+00
0.000000000000000000e+00
0.000000000000000000e+00
0.000000000000000000e+00
0.000000000000000000e+00
0.000000000000000000e+00
0.000000000000000000e+00
0.000000000000000000e+00
0.000000000000000000e+00
0.000000000000000000e+00
0.000000000000000000e+00
0.000000000000000000e+00
0.000000000000000000e+00
0.000000000000000000e+00
0.000000000000000000e+00
0.000000000000000000e+00
0.000000000000000000e+00
0.000000000000000000e+00
0.000000000000000000e+00
0.000000000000000000e+00
0.000000000000000000e+00
0.000000000000000000e+00
0.000000000000000000e+00
0.000000000000000000e+00
0.000000000000000000e+00
0.000000000000000000e+00
0.000000000000000000e+00
0.000000000000000000e+00
0.000000000000000000e+00
0.000000000000000000e+00
0.000000000000000000e+00
0.000000000000000000e+00
0.000000000000000000e+00
