-1.000000000000000000e+00
2.788518369197845459e-01
3.544008433818817139e-01
3.926666676998138428e-01
3.379715085029602051e-01
2.741897404193878174e-01
4.003961980342864990e-01
4.112232923507690430e-01
4.060886800289154053e-01
3.934839367866516113e-01
3.366638422012329102e-01
3.471212685108184814e-01
3.538327813148498535e-01
3.531289696693420410e-01
2.753353118896484375e-01
2.790927290916442871e-01
2.911638915538787842e-01
2.931293845176696777e-01
2.169758677482604980e-01
2.305180132389068604e-01
2.532881200313568115e-01
2.661818861961364746e-01
1.064072608947753906e+00
1.023629069328308105e+00
9.245522618293762207e-01
8.508043885231018066e-01
8.018629550933837891e-01
7.347387075424194336e-01
5.867230892181396484e-01
4.926324486732482910e-01
4.125487506389617920e-01
7.193642854690551758e-01
5.557745695114135742e-01
4.473105967044830322e-01
3.553814291954040527e-01
7.476876974105834961e-01
7.129079699516296387e-01
8.040776252746582031e-01
8.624531030654907227e-01
8.004856705665588379e-01
7.767713069915771484e-01
8.235456943511962891e-01
8.547441959381103516e-01
1.000000000000000000e+00
1.000000000000000000e+00
1.000000000000000000e+00
0.000000000000000000e+00
0.000000000000000000e+00
0.000000000000000000e+00
0.000000000000000000e+00
0.000000000000000000e+00
0.000000000000000000e+00
0.000000000000000000e+00
0.000000000000000000e+00
0.000000000000000000e+00
0.000000000000000000e+00
0.000000000000000000e+00
0.000000000000000000e+00
0.000000000000000000e+00
0.000000000000000000e+00
0.000000000000000000e+00
0.000000000000000000e+00
0.000000000000000000e+00
0.000000000000000000e+00
0.000000000000000000e+00
0.000000000000000000e+00
0.000000000000000000e+00
0.000000000000000000e+00
0.000000000000000000e+00
0.000000000000000000e+00
0.000000000000000000e+00
0.000000000000000000e+00
0.000000000000000000e+00
0.000000000000000000e+00
0.000000000000000000e+00
0.000000000000000000e+00
0.000000000000000000e+00
0.000000000000000000e+00
0.000000000000000000e+00
0.000000000000000000e+00
0.000000000000000000e+00
0.000000000000000000e+00
0.000000000000000000e+00
0.000000000000000000e+00
0.000000000000000000e+00
0.000000000000000000e+00
0.000000000000000000e+00
0.000000000000000000e+00
0.000000000000000000e+00
0.000000000000000000e+00
0.000000000000000000e+00
0.000000000000000000e+00
0.000000000000000000e+00
0.000000000000000000e+00
0.000000000000000000e+00
0.000000000000000000e+00
