-1.000000000000000000e+00
2.065338790416717529e-01
2.786925435066223145e-01
3.198610246181488037e-01
2.802782952785491943e-01
2.320841699838638306e-01
3.359996676445007324e-01
3.552749156951904297e-01
3.571929931640625000e-01
3.519828319549560547e-01
2.818782925605773926e-01
3.015576899051666260e-01
3.131610751152038574e-01
3.203055858612060547e-01
2.261129319667816162e-01
2.253428399562835693e-01
2.301745116710662842e-01
2.319055199623107910e-01
1.699046492576599121e-01
1.768826842308044434e-01
1.886782646179199219e-01
1.954826116561889648e-01
9.807314872741699219e-01
9.328824281692504883e-01
8.318468928337097168e-01
7.475821375846862793e-01
6.855669021606445312e-01
6.777111291885375977e-01
5.550130605697631836e-01
4.717141985893249512e-01
4.006358385086059570e-01
6.608015298843383789e-01
5.176554918289184570e-01
4.238790273666381836e-01
3.451341688632965088e-01
6.792818903923034668e-01
6.215012669563293457e-01
7.015594840049743652e-01
7.520293593406677246e-01
7.142028808593750000e-01
6.749074459075927734e-01
7.300969958305358887e-01
7.666828036308288574e-01
1.000000000000000000e+00
1.000000000000000000e+00
1.000000000000000000e+00
0.000000000000000000e+00
0.000000000000000000e+00
0.000000000000000000e+00
0.000000000000000000e+00
0.000000000000000000e+00
0.000000000000000000e+00
0.000000000000000000e+00
0.000000000000000000e+00
0.000000000000000000e+00
0.000000000000000000e+00
0.000000000000000000e+00
0.000000000000000000e+00
0.000000000000000000e+00
0.000000000000000000e+00
0.000000000000000000e+00
0.000000000000000000e+00
0.000000000000000000e+00
0.000000000000000000e+00
0.000000000000000000e+00
0.000000000000000000e+00
0.000000000000000000e+00
0.000000000000000000e+00
0.000000000000000000e+00
0.000000000000000000e+00
0.000000000000000000e+00
0.000000000000000000e+00
0.000000000000000000e+00
0.000000000000000000e+00
0.000000000000000000e+00
0.000000000000000000e+00
0.000000000000000000e+00
0.000000000000000000e+00
0.000000000000000000e+00
0.000000000000000000e+00
0.000000000000000000e+00
0.000000000000000000e+00
0.000000000000000000e+00
0.000000000000000000e+00
0.000000000000000000e+00
0.000000000000000000e+00
0.000000000000000000e+00
0.000000000000000000e+00
0.000000000000000000e+00
0.000000000000000000e+00
0.000000000000000000e+00
0.000000000000000000e+00
0.000000000000000000e+00
0.000000000000000000e+00
0.000000000000000000e+00
0.000000000000000000e+00
