-1.000000000000000000e+00
2.012542635202407837e-01
2.712459862232208252e-01
3.142054677009582520e-01
2.745174169540405273e-01
2.246879637241363525e-01
3.265424072742462158e-01
3.459997177124023438e-01
3.488399684429168701e-01
3.458223342895507812e-01
2.696224451065063477e-01
2.903818190097808838e-01
3.021973371505737305e-01
3.100483417510986328e-01
2.124324887990951538e-01
2.154732346534729004e-01
2.195271104574203491e-01
2.204367816448211670e-01
1.550000011920928955e-01
1.630242466926574707e-01
1.740754842758178711e-01
1.791103184223175049e-01
9.603347182273864746e-01
9.194460511207580566e-01
8.227843046188354492e-01
7.444135546684265137e-01
6.826874017715454102e-01
6.609610319137573242e-01
5.348157882690429688e-01
4.496710896492004395e-01
3.775926828384399414e-01
6.463305354118347168e-01
4.983655214309692383e-01
4.005145132541656494e-01
3.179700374603271484e-01
6.668514013290405273e-01
6.126733422279357910e-01
7.001191377639770508e-01
7.543882727622985840e-01
7.060497999191284180e-01
6.700354814529418945e-01
7.341195344924926758e-01
7.746964693069458008e-01
1.000000000000000000e+00
1.000000000000000000e+00
1.000000000000000000e+00
0.000000000000000000e+00
0.000000000000000000e+00
0.000000000000000000e+00
0.000000000000000000e+00
0.000000000000000000e+00
0.000000000000000000e+00
0.000000000000000000e+00
0.000000000000000000e+00
0.000000000000000000e+00
0.000000000000000000e+00
0.000000000000000000e+00
0.000000000000000000e+00
0.000000000000000000e+00
0.000000000000000000e+00
0.000000000000000000e+00
0.000000000000000000e+00
0.000000000000000000e+00
0.000000000000000000e+00
0.000000000000000000e+00
0.000000000000000000e+00
0.000000000000000000e+00
0.000000000000000000e+00
0.000000000000000000e+00
0.000000000000000000e+00
0.000000000000000000e+00
0.000000000000000000e+00
0.000000000000000000e+00
0.000000000000000000e+00
0.000000000000000000e+00
0.000000000000000000e+00
0.000000000000000000e+00
0.000000000000000000e+00
0.000000000000000000e+00
0.000000000000000000e+00
0.000000000000000000e+00
0.000000000000000000e+00
0.000000000000000000e+00
0.000000000000000000e+00
0.000000000000000000e+00
0.000000000000000000e+00
0.000000000000000000e+00
0.000000000000000000e+00
0.000000000000000000e+00
0.000000000000000000e+00
0.000000000000000000e+00
0.000000000000000000e+00
0.000000000000000000e+00
0.000000000000000000e+00
0.000000000000000000e+00
0.000000000000000000e+00
