-1.000000000000000000e+00
2.018858045339584351e-01
2.706169784069061279e-01
3.141833245754241943e-01
2.742281556129455566e-01
2.232463806867599487e-01
3.249856233596801758e-01
3.452685177326202393e-01
3.502913713455200195e-01
3.490328192710876465e-01
2.683821916580200195e-01
2.910052239894866943e-01
3.023409247398376465e-01
3.087752759456634521e-01
2.121303975582122803e-01
2.136719375848770142e-01
2.194422781467437744e-01
2.218424081802368164e-01
1.562570929527282715e-01
1.632471680641174316e-01
1.794890910387039185e-01
1.912610977888107300e-01
9.455462694168090820e-01
9.060390591621398926e-01
8.152095079421997070e-01
7.374326586723327637e-01
6.772909164428710938e-01
6.490994691848754883e-01
5.160464644432067871e-01
4.278707206249237061e-01
3.528115451335906982e-01
6.330435276031494141e-01
4.844335019588470459e-01
3.840592503547668457e-01
3.000476062297821045e-01
6.538835167884826660e-01
6.002148389816284180e-01
6.769432425498962402e-01
7.304932475090026855e-01
6.936436295509338379e-01
6.580223441123962402e-01
7.090876698493957520e-01
7.462513446807861328e-01
1.000000000000000000e+00
1.000000000000000000e+00
1.000000000000000000e+00
0.000000000000000000e+00
0.000000000000000000e+00
0.000000000000000000e+00
0.000000000000000000e+00
0.000000000000000000e+00
0.000000000000000000e+00
0.000000000000000000e+00
0.000000000000000000e+00
0.000000000000000000e+00
0.000000000000000000e+00
0.000000000000000000e+00
0.000000000000000000e+00
0.000000000000000000e+00
0.000000000000000000e+00
0.000000000000000000e+00
0.000000000000000000e+00
0.000000000000000000e+00
0.000000000000000000e+00
0.000000000000000000e+00
0.000000000000000000e+00
0.000000000000000000e+00
0.000000000000000000e+00
0.000000000000000000e+00
0.000000000000000000e+00
0.000000000000000000e+00
0.000000000000000000e+00
0.000000000000000000e+00
0.000000000000000000e+00
0.000000000000000000e+00
0.000000000000000000e+00
0.000000000000000000e+00
0.000000000000000000e+00
0.000000000000000000e+00
0.000000000000000000e+00
0.000000000000000000e+00
0.000000000000000000e+00
0.000000000000000000e+00
0.000000000000000000e+00
0.000000000000000000e+00
0.000000000000000000e+00
0.000000000000000000e+00
0.000000000000000000e+00
0.000000000000000000e+00
0.000000000000000000e+00
0.000000000000000000e+00
0.000000000000000000e+00
0.000000000000000000e+00
0.000000000000000000e+00
0.000000000000000000e+00
0.000000000000000000e+00
