-1.000000000000000000e+00
1.993846148252487183e-01
2.681165337562561035e-01
3.115486502647399902e-01
2.646943628787994385e-01
2.067950367927551270e-01
3.195151388645172119e-01
3.401940166950225830e-01
3.452928066253662109e-01
3.441946506500244141e-01
2.614198923110961914e-01
2.838046848773956299e-01
2.959370315074920654e-01
3.027569055557250977e-01
2.036845386028289795e-01
2.083794623613357544e-01
2.148904353380203247e-01
2.156178206205368042e-01
1.473649740219116211e-01
1.572215855121612549e-01
1.755082607269287109e-01
1.869383454322814941e-01
9.310709238052368164e-01
8.901271224021911621e-01
7.980819344520568848e-01
7.217698693275451660e-01
6.705974936485290527e-01
6.319537758827209473e-01
5.003640651702880859e-01
4.125223457813262939e-01
3.359759151935577393e-01
6.147952079772949219e-01
4.659906029701232910e-01
3.650190532207489014e-01
2.769590318202972412e-01
6.368865966796875000e-01
5.901002287864685059e-01
6.714305281639099121e-01
7.253904938697814941e-01
6.797119975090026855e-01
6.505070328712463379e-01
7.035641670227050781e-01
7.412765026092529297e-01
1.000000000000000000e+00
1.000000000000000000e+00
1.000000000000000000e+00
0.000000000000000000e+00
0.000000000000000000e+00
0.000000000000000000e+00
0.000000000000000000e+00
0.000000000000000000e+00
0.000000000000000000e+00
0.000000000000000000e+00
0.000000000000000000e+00
0.000000000000000000e+00
0.000000000000000000e+00
0.000000000000000000e+00
0.000000000000000000e+00
0.000000000000000000e+00
0.000000000000000000e+00
0.000000000000000000e+00
0.000000000000000000e+00
0.000000000000000000e+00
0.000000000000000000e+00
0.000000000000000000e+00
0.000000000000000000e+00
0.000000000000000000e+00
0.000000000000000000e+00
0.000000000000000000e+00
0.000000000000000000e+00
0.000000000000000000e+00
0.000000000000000000e+00
0.000000000000000000e+00
0.000000000000000000e+00
0.000000000000000000e+00
0.000000000000000000e+00
0.000000000000000000e+00
0.000000000000000000e+00
0.000000000000000000e+00
0.000000000000000000e+00
0.000000000000000000e+00
0.000000000000000000e+00
0.000000000000000000e+00
0.000000000000000000e+00
0.000000000000000000e+00
0.000000000000000000e+00
0.000000000000000000e+00
0.000000000000000000e+00
0.000000000000000000e+00
0.000000000000000000e+00
0.000000000000000000e+00
0.000000000000000000e+00
0.000000000000000000e+00
0.000000000000000000e+00
0.000000000000000000e+00
0.000000000000000000e+00
