-1.000000000000000000e+00
2.004189491271972656e-01
2.710860371589660645e-01
3.138072192668914795e-01
2.642083764076232910e-01
2.038495540618896484e-01
3.189715147018432617e-01
3.386840224266052246e-01
3.438830077648162842e-01
3.430854082107543945e-01
2.604804635047912598e-01
2.823624610900878906e-01
2.956621348857879639e-01
3.031086325645446777e-01
2.020743489265441895e-01
2.087842077016830444e-01
2.164797335863113403e-01
2.175759822130203247e-01
1.454308032989501953e-01
1.573186218738555908e-01
1.752329766750335693e-01
1.854802966117858887e-01
9.289594888687133789e-01
8.876400589942932129e-01
7.936635017395019531e-01
7.198016047477722168e-01
6.704981923103332520e-01
6.272591948509216309e-01
4.967011213302612305e-01
4.096189141273498535e-01
3.334272205829620361e-01
6.105237007141113281e-01
4.644370377063751221e-01
3.653360009193420410e-01
2.776384353637695312e-01
6.323190331459045410e-01
5.901213288307189941e-01
6.759003400802612305e-01
7.292501330375671387e-01
6.740685701370239258e-01
6.510281562805175781e-01
7.081007957458496094e-01
7.452928423881530762e-01
1.000000000000000000e+00
1.000000000000000000e+00
1.000000000000000000e+00
0.000000000000000000e+00
0.000000000000000000e+00
0.000000000000000000e+00
0.000000000000000000e+00
0.000000000000000000e+00
0.000000000000000000e+00
0.000000000000000000e+00
0.000000000000000000e+00
0.000000000000000000e+00
0.000000000000000000e+00
0.000000000000000000e+00
0.000000000000000000e+00
0.000000000000000000e+00
0.000000000000000000e+00
0.000000000000000000e+00
0.000000000000000000e+00
0.000000000000000000e+00
0.000000000000000000e+00
0.000000000000000000e+00
0.000000000000000000e+00
0.000000000000000000e+00
0.000000000000000000e+00
0.000000000000000000e+00
0.000000000000000000e+00
0.000000000000000000e+00
0.000000000000000000e+00
0.000000000000000000e+00
0.000000000000000000e+00
0.000000000000000000e+00
0.000000000000000000e+00
0.000000000000000000e+00
0.000000000000000000e+00
0.000000000000000000e+00
0.000000000000000000e+00
0.000000000000000000e+00
0.000000000000000000e+00
0.000000000000000000e+00
0.000000000000000000e+00
0.000000000000000000e+00
0.000000000000000000e+00
0.000000000000000000e+00
0.000000000000000000e+00
0.000000000000000000e+00
0.000000000000000000e+00
0.000000000000000000e+00
0.000000000000000000e+00
0.000000000000000000e+00
0.000000000000000000e+00
0.000000000000000000e+00
0.000000000000000000e+00
