-1.000000000000000000e+00
1.975506246089935303e-01
2.677833437919616699e-01
3.056812882423400879e-01
2.547653317451477051e-01
1.973156332969665527e-01
3.141686022281646729e-01
3.331314325332641602e-01
3.376071453094482422e-01
3.363841474056243896e-01
2.561451792716979980e-01
2.770569026470184326e-01
2.893435955047607422e-01
2.975312173366546631e-01
1.981334239244461060e-01
2.003352493047714233e-01
2.079065740108489990e-01
2.117157280445098877e-01
1.421073526144027710e-01
1.484505534172058105e-01
1.656583547592163086e-01
1.784556955099105835e-01
9.301973581314086914e-01
8.854475021362304688e-01
7.927270531654357910e-01
7.242313027381896973e-01
6.743909120559692383e-01
6.246470808982849121e-01
4.992326498031616211e-01
4.136781692504882812e-01
3.392748832702636719e-01
6.083514094352722168e-01
4.629682898521423340e-01
3.654116690158843994e-01
2.803184092044830322e-01
6.309638619422912598e-01
5.927124023437500000e-01
6.770420670509338379e-01
7.300290465354919434e-01
6.733531951904296875e-01
6.535883545875549316e-01
7.125111222267150879e-01
7.515565156936645508e-01
1.000000000000000000e+00
1.000000000000000000e+00
1.000000000000000000e+00
0.000000000000000000e+00
0.000000000000000000e+00
0.000000000000000000e+00
0.000000000000000000e+00
0.000000000000000000e+00
0.000000000000000000e+00
0.000000000000000000e+00
0.000000000000000000e+00
0.000000000000000000e+00
0.000000000000000000e+00
0.000000000000000000e+00
0.000000000000000000e+00
0.000000000000000000e+00
0.000000000000000000e+00
0.000000000000000000e+00
0.000000000000000000e+00
0.000000000000000000e+00
0.000000000000000000e+00
0.000000000000000000e+00
0.000000000000000000e+00
0.000000000000000000e+00
0.000000000000000000e+00
0.000000000000000000e+00
0.000000000000000000e+00
0.000000000000000000e+00
0.000000000000000000e+00
0.000000000000000000e+00
0.000000000000000000e+00
0.000000000000000000e+00
0.000000000000000000e+00
0.000000000000000000e+00
0.000000000000000000e+00
0.000000000000000000e+00
0.000000000000000000e+00
0.000000000000000000e+00
0.000000000000000000e+00
0.000000000000000000e+00
0.000000000000000000e+00
0.000000000000000000e+00
0.000000000000000000e+00
0.000000000000000000e+00
0.000000000000000000e+00
0.000000000000000000e+00
0.000000000000000000e+00
0.000000000000000000e+00
0.000000000000000000e+00
0.000000000000000000e+00
0.000000000000000000e+00
0.000000000000000000e+00
0.000000000000000000e+00
