-1.000000000000000000e+00
1.973263621330261230e-01
2.593768537044525146e-01
2.833008170127868652e-01
2.278810441493988037e-01
1.725473403930664062e-01
3.027571737766265869e-01
3.135461807250976562e-01
3.133267164230346680e-01
3.080143332481384277e-01
2.468434572219848633e-01
2.584342360496520996e-01
2.629500329494476318e-01
2.648447751998901367e-01
1.923541724681854248e-01
1.814131885766983032e-01
1.878766417503356934e-01
1.921516358852386475e-01
1.409551203250885010e-01
1.408441960811614990e-01
1.541301608085632324e-01
1.658845692873001099e-01
9.262119531631469727e-01
8.714491724967956543e-01
7.828879952430725098e-01
7.162144780158996582e-01
6.652873754501342773e-01
6.181033849716186523e-01
4.921826422214508057e-01
4.082637429237365723e-01
3.342866003513336182e-01
6.002954244613647461e-01
4.593076109886169434e-01
3.624999523162841797e-01
2.805757522583007812e-01
6.203998923301696777e-01
5.904559493064880371e-01
6.643931865692138672e-01
7.155650258064270020e-01
6.598958969116210938e-01
6.575736403465270996e-01
7.132192254066467285e-01
7.526074647903442383e-01
1.000000000000000000e+00
1.000000000000000000e+00
1.000000000000000000e+00
0.000000000000000000e+00
0.000000000000000000e+00
0.000000000000000000e+00
0.000000000000000000e+00
0.000000000000000000e+00
0.000000000000000000e+00
0.000000000000000000e+00
0.000000000000000000e+00
0.000000000000000000e+00
0.000000000000000000e+00
0.000000000000000000e+00
0.000000000000000000e+00
0.000000000000000000e+00
0.000000000000000000e+00
0.000000000000000000e+00
0.000000000000000000e+00
0.000000000000000000e+00
0.000000000000000000e+00
0.000000000000000000e+00
0.000000000000000000e+00
0.000000000000000000e+00
0.000000000000000000e+00
0.000000000000000000e+00
0.000000000000000000e+00
0.000000000000000000e+00
0.000000000000000000e+00
0.000000000000000000e+00
0.000000000000000000e+00
0.000000000000000000e+00
0.000000000000000000e+00
0.000000000000000000e+00
0.000000000000000000e+00
0.000000000000000000e+00
0.000000000000000000e+00
0.000000000000000000e+00
0.000000000000000000e+00
0.000000000000000000e+00
0.000000000000000000e+00
0.000000000000000000e+00
0.000000000000000000e+00
0.000000000000000000e+00
0.000000000000000000e+00
0.000000000000000000e+00
0.000000000000000000e+00
0.000000000000000000e+00
0.000000000000000000e+00
0.000000000000000000e+00
0.000000000000000000e+00
0.000000000000000000e+00
0.000000000000000000e+00
