-1.000000000000000000e+00
1.734766811132431030e-01
1.998152434825897217e-01
1.929737329483032227e-01
1.412822753190994263e-01
9.008358418941497803e-02
2.408761382102966309e-01
2.264041602611541748e-01
2.141770869493484497e-01
2.025444358587265015e-01
1.938554793596267700e-01
1.807340383529663086e-01
1.692662090063095093e-01
1.642735004425048828e-01
1.465867161750793457e-01
1.097300350666046143e-01
1.205606758594512939e-01
1.414800286293029785e-01
1.053692698478698730e-01
7.350193709135055542e-02
8.535998314619064331e-02
1.088654249906539917e-01
9.152851104736328125e-01
8.608059883117675781e-01
7.781854271888732910e-01
7.093257904052734375e-01
6.476168036460876465e-01
6.015302538871765137e-01
4.806357622146606445e-01
3.987071216106414795e-01
3.264664411544799805e-01
5.895634293556213379e-01
4.566268324851989746e-01
3.675811588764190674e-01
2.896700501441955566e-01
6.121212244033813477e-01
5.699243545532226562e-01
6.478978991508483887e-01
6.965698599815368652e-01
6.499164104461669922e-01
6.193069815635681152e-01
6.751873493194580078e-01
7.156385779380798340e-01
1.000000000000000000e+00
1.000000000000000000e+00
1.000000000000000000e+00
0.000000000000000000e+00
0.000000000000000000e+00
0.000000000000000000e+00
0.000000000000000000e+00
0.000000000000000000e+00
0.000000000000000000e+00
0.000000000000000000e+00
0.000000000000000000e+00
0.000000000000000000e+00
0.000000000000000000e+00
0.000000000000000000e+00
0.000000000000000000e+00
0.000000000000000000e+00
0.000000000000000000e+00
0.000000000000000000e+00
0.000000000000000000e+00
0.000000000000000000e+00
0.000000000000000000e+00
0.000000000000000000e+00
0.000000000000000000e+00
0.000000000000000000e+00
0.000000000000000000e+00
0.000000000000000000e+00
0.000000000000000000e+00
0.000000000000000000e+00
0.000000000000000000e+00
0.000000000000000000e+00
0.000000000000000000e+00
0.000000000000000000e+00
0.000000000000000000e+00
0.000000000000000000e+00
0.000000000000000000e+00
0.000000000000000000e+00
0.000000000000000000e+00
0.000000000000000000e+00
0.000000000000000000e+00
0.000000000000000000e+00
0.000000000000000000e+00
0.000000000000000000e+00
0.000000000000000000e+00
0.000000000000000000e+00
0.000000000000000000e+00
0.000000000000000000e+00
0.000000000000000000e+00
0.000000000000000000e+00
0.000000000000000000e+00
0.000000000000000000e+00
0.000000000000000000e+00
0.000000000000000000e+00
0.000000000000000000e+00
