-1.000000000000000000e+00
1.733458191156387329e-01
1.966572552919387817e-01
1.891132742166519165e-01
1.381614059209823608e-01
8.758269995450973511e-02
2.405409514904022217e-01
2.255827486515045166e-01
2.125271707773208618e-01
2.006603330373764038e-01
1.943308413028717041e-01
1.809416860342025757e-01
1.689230054616928101e-01
1.640183776617050171e-01
1.481949687004089355e-01
1.098704710602760315e-01
1.195660978555679321e-01
1.400898247957229614e-01
1.088414117693901062e-01
7.621488720178604126e-02
8.759826421737670898e-02
1.105616092681884766e-01
9.126312732696533203e-01
8.577356338500976562e-01
7.738875746726989746e-01
7.028381824493408203e-01
6.399298310279846191e-01
6.030576229095458984e-01
4.829460382461547852e-01
4.008936882019042969e-01
3.285330832004547119e-01
5.921387672424316406e-01
4.589783549308776855e-01
3.709282875061035156e-01
2.944955229759216309e-01
6.147892475128173828e-01
5.711733698844909668e-01
6.507304310798645020e-01
6.999211907386779785e-01
6.518186926841735840e-01
6.206143498420715332e-01
6.781178712844848633e-01
7.180155515670776367e-01
1.000000000000000000e+00
1.000000000000000000e+00
1.000000000000000000e+00
0.000000000000000000e+00
0.000000000000000000e+00
0.000000000000000000e+00
0.000000000000000000e+00
0.000000000000000000e+00
0.000000000000000000e+00
0.000000000000000000e+00
0.000000000000000000e+00
0.000000000000000000e+00
0.000000000000000000e+00
0.000000000000000000e+00
0.000000000000000000e+00
0.000000000000000000e+00
0.000000000000000000e+00
0.000000000000000000e+00
0.000000000000000000e+00
0.000000000000000000e+00
0.000000000000000000e+00
0.000000000000000000e+00
0.000000000000000000e+00
0.000000000000000000e+00
0.000000000000000000e+00
0.000000000000000000e+00
0.000000000000000000e+00
0.000000000000000000e+00
0.000000000000000000e+00
0.000000000000000000e+00
0.000000000000000000e+00
0.000000000000000000e+00
0.000000000000000000e+00
0.000000000000000000e+00
0.000000000000000000e+00
0.000000000000000000e+00
0.000000000000000000e+00
0.000000000000000000e+00
0.000000000000000000e+00
0.000000000000000000e+00
0.000000000000000000e+00
0.000000000000000000e+00
0.000000000000000000e+00
0.000000000000000000e+00
0.000000000000000000e+00
0.000000000000000000e+00
0.000000000000000000e+00
0.000000000000000000e+00
0.000000000000000000e+00
0.000000000000000000e+00
0.000000000000000000e+00
0.000000000000000000e+00
0.000000000000000000e+00
