-1.000000000000000000e+00
0.000000000000000000e+00
1.720679452164678713e-01
3.406984684501387362e-01
4.683917024571329635e-01
5.574774660571215623e-01
5.274401640969460514e-01
7.063855787014893250e-01
8.305735250427850325e-01
9.380660785904487708e-01
5.446745579720903008e-01
7.382451475831119936e-01
8.785886632897382809e-01
1.000000000000000000e+00
5.329885815089093759e-01
7.154454423808533914e-01
8.515081748449326859e-01
9.675067348008352663e-01
4.877988614129105671e-01
6.202690467235033589e-01
7.187408509549207958e-01
8.091557578753164615e-01
0.000000000000000000e+00
1.000000000000000000e+00
1.000000000000000000e+00
1.000000000000000000e+00
1.000000000000000000e+00
1.000000000000000000e+00
0.000000000000000000e+00
1.707114687044860024e-01
3.329184407551872282e-01
4.629103627371304319e-01
5.581966052819641311e-01
5.115855998939841109e-01
6.981511377247718864e-01
8.193225272232078638e-01
9.261613901648980685e-01
5.310789656018281013e-01
7.426697312888482783e-01
8.806673586411528643e-01
1.000000000000000000e+00
5.211354933608750573e-01
7.233999182999952815e-01
8.503578932718367511e-01
9.623314391958768255e-01
4.866869322173514867e-01
6.487274667538671657e-01
7.552785380949564864e-01
8.539149737704068155e-01
1.000000000000000000e+00
1.000000000000000000e+00
1.000000000000000000e+00
1.000000000000000000e+00
1.000000000000000000e+00
