-1.000000000000000000e+00
0.000000000000000000e+00
1.635731425841499831e-01
3.379682431102660201e-01
4.905861319211995419e-01
6.077096995840518545e-01
5.067822798874395129e-01
7.009246471630032893e-01
8.245029860723178672e-01
9.340726163559915918e-01
5.279947973409105932e-01
7.515136379545610534e-01
8.864530307807704235e-01
1.000000000000000000e+00
5.137288124863830241e-01
7.191504192028393971e-01
8.480723106373058151e-01
9.605307911035454449e-01
4.727672736895421335e-01
6.278011854452481000e-01
7.363968819141200051e-01
8.380181249063918258e-01
0.000000000000000000e+00
1.000000000000000000e+00
1.000000000000000000e+00
1.000000000000000000e+00
1.000000000000000000e+00
1.000000000000000000e+00
0.000000000000000000e+00
1.610472326476624361e-01
3.286063205970003454e-01
4.567666581088685174e-01
5.506763486487668002e-01
5.054967084487292928e-01
6.995752444127546488e-01
8.172864506274856167e-01
9.215725493493164278e-01
5.277028127151156545e-01
7.496528809424770623e-01
8.850610073963288693e-01
1.000000000000000000e+00
5.199749346503557135e-01
7.226625633542130833e-01
8.442319824854217503e-01
9.517147817158500001e-01
4.936745925089921494e-01
6.541546723688665965e-01
7.569442488553389525e-01
8.555874680102111274e-01
1.000000000000000000e+00
1.000000000000000000e+00
1.000000000000000000e+00
1.000000000000000000e+00
1.000000000000000000e+00
