-1.000000000000000000e+00
0.000000000000000000e+00
1.476290495912760126e-01
3.014129653377607965e-01
4.142706414660737302e-01
4.787620591486924093e-01
5.175593398649160903e-01
6.931032841405464495e-01
7.982348460995686290e-01
8.894695111861156134e-01
5.352835361634018518e-01
7.554623798059449946e-01
8.895136660185347655e-01
1.000000000000000000e+00
5.174457145510803491e-01
7.297995003411272830e-01
8.615172731120617211e-01
9.733047891404785767e-01
4.648637254938541852e-01
6.304242471264746017e-01
7.482209407025175452e-01
8.559821166595905639e-01
0.000000000000000000e+00
1.000000000000000000e+00
1.000000000000000000e+00
1.000000000000000000e+00
1.000000000000000000e+00
1.000000000000000000e+00
0.000000000000000000e+00
1.375914970477152000e-01
2.945259622126956134e-01
4.049310748514108327e-01
4.763587394843493139e-01
5.084166743476878914e-01
6.922496228392590600e-01
8.084979111067955859e-01
9.072124387732719564e-01
5.332264333445542182e-01
7.534806642089952877e-01
8.872678684915242808e-01
1.000000000000000000e+00
5.250231953910496907e-01
7.342041106888600455e-01
8.612534009355470310e-01
9.707300724036928008e-01
4.925965242329792271e-01
6.611094743114682704e-01
7.748661028569516773e-01
8.791996080081396769e-01
1.000000000000000000e+00
1.000000000000000000e+00
1.000000000000000000e+00
1.000000000000000000e+00
1.000000000000000000e+00
