1.000000000000000000e+00
0.000000000000000000e+00
1.190664100883464388e-01
2.429179893733581785e-01
3.334697903277455411e-01
3.889965287371246472e-01
4.700975927386149000e-01
6.797700936603654487e-01
8.045439298285650409e-01
8.939832858157846784e-01
4.915372323441660196e-01
7.412108584026390057e-01
8.908734430735600895e-01
1.000000000000000000e+00
4.852801273719023478e-01
7.293029715115176836e-01
8.695433258323050918e-01
9.707378142632865359e-01
4.558201237958309782e-01
6.194853017248544980e-01
7.265265131025315792e-01
8.117769711978584102e-01
1.000000000000000000e+00
1.000000000000000000e+00
1.000000000000000000e+00
1.000000000000000000e+00
1.000000000000000000e+00
1.000000000000000000e+00
0.000000000000000000e+00
1.521023479298311831e-01
2.837246505199752522e-01
3.798815057573893261e-01
4.524996223332000689e-01
4.864376750859464305e-01
6.876092597796877870e-01
8.030310072272873745e-01
8.995026345558514436e-01
4.997646808319431422e-01
7.432938011601805117e-01
8.857929260230712476e-01
1.000000000000000000e+00
4.824134110417924726e-01
7.205910100615591229e-01
8.569207939052451151e-01
9.663894430765689325e-01
4.433763727696364843e-01
6.024303915089400663e-01
7.092234782588839881e-01
8.042187171368461174e-01
1.000000000000000000e+00
1.000000000000000000e+00
1.000000000000000000e+00
1.000000000000000000e+00
1.000000000000000000e+00
