-1.000000000000000000e+00
0.000000000000000000e+00
1.586915289012837127e-01
3.207880614736564606e-01
4.555807588354251481e-01
5.522308741111212615e-01
5.099081040974474677e-01
7.072515740470132206e-01
8.293427396594936774e-01
9.370597883994387090e-01
5.309055550600239037e-01
7.521582622354199277e-01
8.883666946857144975e-01
1.000000000000000000e+00
5.176046523752798612e-01
7.228504555900379103e-01
8.517327781431658362e-01
9.601465356068731305e-01
4.761072963702023819e-01
6.298937655339545971e-01
7.340093834571417286e-01
8.290860090917900882e-01
0.000000000000000000e+00
1.000000000000000000e+00
1.000000000000000000e+00
1.000000000000000000e+00
1.000000000000000000e+00
1.000000000000000000e+00
0.000000000000000000e+00
1.617081836824682262e-01
3.272239752247557143e-01
4.567352611259854478e-01
5.575873955451451369e-01
5.042480575561754108e-01
7.007146271636427448e-01
8.220371893046303224e-01
9.269538173135649650e-01
5.285477841173074065e-01
7.489533676449027233e-01
8.835699063996045322e-01
1.000000000000000000e+00
5.221979205952537173e-01
7.277885890258943835e-01
8.567132285920572299e-01
9.698340593336004511e-01
4.923065677265739404e-01
6.501859403130477721e-01
7.574895601336395501e-01
8.573690154785891249e-01
1.000000000000000000e+00
1.000000000000000000e+00
1.000000000000000000e+00
1.000000000000000000e+00
1.000000000000000000e+00
