-1.000000000000000000e+00
0.000000000000000000e+00
1.730777321252349454e-01
3.507608666761930505e-01
4.978507969375564057e-01
6.038232462117578692e-01
5.346266331641393865e-01
7.369320301707389387e-01
8.631462673884778836e-01
9.747096924554000674e-01
5.373290271107192817e-01
7.546805246201412354e-01
8.891101187601688771e-01
1.000000000000000000e+00
5.071996070993831651e-01
7.097003687981008335e-01
8.354192880581720049e-01
9.419399345615163677e-01
4.503566141632202591e-01
5.950152924791490827e-01
6.941175648777027085e-01
7.852130254829238210e-01
0.000000000000000000e+00
1.000000000000000000e+00
1.000000000000000000e+00
1.000000000000000000e+00
1.000000000000000000e+00
1.000000000000000000e+00
0.000000000000000000e+00
1.690969508657099718e-01
3.380076604044144339e-01
4.703418298758280103e-01
5.692538701485929664e-01
5.155699368198248811e-01
7.164202124100796931e-01
8.378319648882442960e-01
9.410637856587501515e-01
5.306231338594905589e-01
7.520179739526186014e-01
8.859396567878365936e-01
1.000000000000000000e+00
5.132094340066739591e-01
7.249665131715349320e-01
8.490740917469958848e-01
9.562416440226562120e-01
4.709055944089493018e-01
6.290838697695729786e-01
7.335336706571574661e-01
8.299201757198231277e-01
1.000000000000000000e+00
1.000000000000000000e+00
1.000000000000000000e+00
1.000000000000000000e+00
1.000000000000000000e+00
