-1.000000000000000000e+00
0.000000000000000000e+00
1.777725444134160560e-01
3.590935071735805728e-01
5.103234382806458580e-01
6.196649283482643655e-01
5.431117721724312286e-01
7.467108748455218992e-01
8.724691986278352296e-01
9.830373006398247515e-01
5.416633445291799687e-01
7.549929589163780763e-01
8.886878455170960089e-01
1.000000000000000000e+00
5.074900886349695828e-01
7.079625265904768705e-01
8.328867938397699344e-01
9.401368436362315117e-01
4.454552832179431987e-01
5.905574770716442989e-01
6.892297809885395976e-01
7.815737566224406629e-01
0.000000000000000000e+00
1.000000000000000000e+00
1.000000000000000000e+00
1.000000000000000000e+00
1.000000000000000000e+00
1.000000000000000000e+00
0.000000000000000000e+00
1.705985865691170555e-01
3.396747879243406931e-01
4.726508459995834577e-01
5.745537977809261898e-01
5.159557386268334156e-01
7.147799737501379091e-01
8.365782959235807947e-01
9.423742429539007093e-01
5.284963850139838826e-01
7.466693460243191138e-01
8.821948459219340899e-01
1.000000000000000000e+00
5.090438254955531594e-01
7.141346842857241306e-01
8.365792041986515049e-01
9.461983987524009709e-01
4.668641271312200525e-01
6.203455097169909838e-01
7.239450568500513938e-01
8.250960287377429037e-01
1.000000000000000000e+00
1.000000000000000000e+00
1.000000000000000000e+00
1.000000000000000000e+00
1.000000000000000000e+00
