-1.000000000000000000e+00
0.000000000000000000e+00
1.666904840257813769e-01
3.483135881301955283e-01
4.935963372003390193e-01
6.055993442326734755e-01
5.195638441655932027e-01
7.181003023841411315e-01
8.488905676165168224e-01
9.612469995241614829e-01
5.217432699049519007e-01
7.426111135113796502e-01
8.824460540561229749e-01
1.000000000000000000e+00
4.907629683156312095e-01
7.017382287022261300e-01
8.334153150947251065e-01
9.480411941571408319e-01
4.348400212933320463e-01
5.937755000112120429e-01
6.986082542275687812e-01
7.988295116065912138e-01
0.000000000000000000e+00
1.000000000000000000e+00
1.000000000000000000e+00
1.000000000000000000e+00
1.000000000000000000e+00
1.000000000000000000e+00
0.000000000000000000e+00
1.680100191641652474e-01
3.337310486811954080e-01
4.700543668969111577e-01
5.787836718424547167e-01
4.979151060361423631e-01
7.088767606147966527e-01
8.349631453466492825e-01
9.411573773133822263e-01
5.101296952601100942e-01
7.419595346308797135e-01
8.815600399468932480e-01
1.000000000000000000e+00
4.916636431304876598e-01
7.093733385293644611e-01
8.396897715987579058e-01
9.551184839846461605e-01
4.533046407757741481e-01
6.256878358992815636e-01
7.358413978390773158e-01
8.370088467454152026e-01
1.000000000000000000e+00
1.000000000000000000e+00
1.000000000000000000e+00
1.000000000000000000e+00
1.000000000000000000e+00
