-1.000000000000000000e+00
0.000000000000000000e+00
1.627823537809243992e-01
3.365808218031594024e-01
4.839113360773090178e-01
6.020396665254375002e-01
5.240920660719965429e-01
7.265817919643644540e-01
8.585592041896500382e-01
9.690937971065207712e-01
5.319818937148383942e-01
7.519368362138054707e-01
8.876169139183183177e-01
1.000000000000000000e+00
5.045810753873175569e-01
7.177610471086487420e-01
8.476972702695206863e-01
9.590785909694183875e-01
4.510334897613971772e-01
6.091377701716432780e-01
7.160642003806877431e-01
8.184920487154530022e-01
0.000000000000000000e+00
1.000000000000000000e+00
1.000000000000000000e+00
1.000000000000000000e+00
1.000000000000000000e+00
1.000000000000000000e+00
0.000000000000000000e+00
1.661053973956176932e-01
3.297329314366426178e-01
4.621472726420326471e-01
5.700624607743159933e-01
5.025335205299459318e-01
7.055924176226934241e-01
8.279510467065911428e-01
9.312564825683585790e-01
5.150109870417961533e-01
7.444600121434450379e-01
8.849191176205313258e-01
1.000000000000000000e+00
4.986621159690025062e-01
7.152225701131110780e-01
8.433921158339773294e-01
9.545075162060616680e-01
4.639959104733885065e-01
6.431477104671425860e-01
7.566030918094234226e-01
8.601079834684811631e-01
1.000000000000000000e+00
1.000000000000000000e+00
1.000000000000000000e+00
1.000000000000000000e+00
1.000000000000000000e+00
