-1.000000000000000000e+00
0.000000000000000000e+00
1.654741320870507792e-01
3.400588288595517428e-01
4.822933214001323132e-01
5.929435288728881481e-01
5.197213799790769695e-01
7.196616468073649964e-01
8.468202810295158978e-01
9.607609127127330062e-01
5.285506176463677930e-01
7.519949679779428520e-01
8.868504682425694119e-01
1.000000000000000000e+00
5.030390093241032812e-01
7.098185492612959502e-01
8.407115073793367532e-01
9.542494849379252742e-01
4.510825456782872611e-01
6.091752185696301947e-01
7.143900415497455025e-01
8.135692814958143115e-01
0.000000000000000000e+00
1.000000000000000000e+00
1.000000000000000000e+00
1.000000000000000000e+00
1.000000000000000000e+00
1.000000000000000000e+00
0.000000000000000000e+00
1.678008041044844467e-01
3.311955872155481484e-01
4.609318457443544736e-01
5.653416943517629578e-01
5.062790377834931466e-01
7.063951436006262741e-01
8.255578103271737911e-01
9.283673083184210695e-01
5.256362932413609634e-01
7.507161303801286323e-01
8.861309402519456091e-01
1.000000000000000000e+00
5.154860070643352277e-01
7.280989770001787820e-01
8.534015668802136245e-01
9.639476544710184891e-01
4.857816840140749548e-01
6.546916511719751419e-01
7.646654723065124948e-01
8.690963097055585118e-01
1.000000000000000000e+00
1.000000000000000000e+00
1.000000000000000000e+00
1.000000000000000000e+00
1.000000000000000000e+00
