-1.000000000000000000e+00
0.000000000000000000e+00
1.651158291415310286e-01
3.450540936140992221e-01
4.885629963768876038e-01
5.962919180846608658e-01
5.226217680290020651e-01
7.169441470104093161e-01
8.386036704536988795e-01
9.484858314010908842e-01
5.307379317966970378e-01
7.511094924906499548e-01
8.860703683666606434e-01
1.000000000000000000e+00
5.035763332562491756e-01
7.077226498075471772e-01
8.369316553796283253e-01
9.465847676485259488e-01
4.511386242840706995e-01
6.045034501442774211e-01
7.100390332617494416e-01
8.082002946706835500e-01
0.000000000000000000e+00
1.000000000000000000e+00
1.000000000000000000e+00
1.000000000000000000e+00
1.000000000000000000e+00
1.000000000000000000e+00
0.000000000000000000e+00
1.687107479423857193e-01
3.431708401428938404e-01
4.802670285829513941e-01
5.890534534017534130e-01
5.127303401771619029e-01
7.120231564806391855e-01
8.320374968381728520e-01
9.372714847126311088e-01
5.295542324512333421e-01
7.511752535533027242e-01
8.857757395514165299e-01
1.000000000000000000e+00
5.168534281835184263e-01
7.286301389142540996e-01
8.533828956527115261e-01
9.630594615397762848e-01
4.821111760521936129e-01
6.473015044143898278e-01
7.586949977471035833e-01
8.652593804146357925e-01
1.000000000000000000e+00
1.000000000000000000e+00
1.000000000000000000e+00
1.000000000000000000e+00
1.000000000000000000e+00
