-1.000000000000000000e+00
0.000000000000000000e+00
1.671814812674393691e-01
3.498151876401517368e-01
4.968305219269916195e-01
6.034606928112922208e-01
5.242485400690951591e-01
7.236957324287934812e-01
8.476134781601561974e-01
9.533768908219486526e-01
5.325047743052266913e-01
7.531943494634989467e-01
8.891620542288534157e-01
1.000000000000000000e+00
5.070768464886287186e-01
7.142388218542078393e-01
8.461039662242204606e-01
9.554610144596447086e-01
4.556345115071860352e-01
6.027120024361418693e-01
7.041901703593411721e-01
7.980605939498152113e-01
0.000000000000000000e+00
1.000000000000000000e+00
1.000000000000000000e+00
1.000000000000000000e+00
1.000000000000000000e+00
1.000000000000000000e+00
0.000000000000000000e+00
1.752134242805591102e-01
3.527826223472754208e-01
4.815994002845911948e-01
5.826497857032439942e-01
5.195408298693219296e-01
7.151201020483409776e-01
8.315624687884957122e-01
9.300389825842506619e-01
5.354660585475484735e-01
7.621842566032575039e-01
8.927801755300905917e-01
1.000000000000000000e+00
5.238707459425838708e-01
7.367772528689670031e-01
8.563943736241313998e-01
9.560587143834274881e-01
4.921828253060253622e-01
6.620229898628982035e-01
7.687159132960222907e-01
8.640201778604079674e-01
1.000000000000000000e+00
1.000000000000000000e+00
1.000000000000000000e+00
1.000000000000000000e+00
1.000000000000000000e+00
