-1.000000000000000000e+00
3.798395991325378418e-01
4.674540162086486816e-01
5.469143986701965332e-01
6.043263077735900879e-01
5.987538099288940430e-01
5.194048881530761719e-01
5.418066382408142090e-01
5.188322067260742188e-01
5.060371160507202148e-01
4.711841046810150146e-01
4.896358251571655273e-01
4.696927964687347412e-01
4.700452387332916260e-01
4.241247773170471191e-01
4.391743838787078857e-01
4.307575821876525879e-01
4.266949892044067383e-01
3.785073757171630859e-01
3.757551610469818115e-01
3.745532929897308350e-01
3.773394227027893066e-01
7.274400591850280762e-01
7.097641229629516602e-01
6.583345532417297363e-01
5.953637957572937012e-01
5.346483588218688965e-01
5.382176041603088379e-01
4.883538484573364258e-01
5.586054921150207520e-01
5.686393976211547852e-01
5.125397443771362305e-01
4.699726402759552002e-01
5.612407326698303223e-01
5.548157691955566406e-01
4.971368312835693359e-01
4.521549344062805176e-01
5.439201593399047852e-01
5.704878568649291992e-01
4.819707870483398438e-01
3.876445889472961426e-01
3.361151218414306641e-01
2.710996270179748535e-01
1.000000000000000000e+00
0.000000000000000000e+00
0.000000000000000000e+00
0.000000000000000000e+00
1.000000000000000000e+00
0.000000000000000000e+00
0.000000000000000000e+00
0.000000000000000000e+00
0.000000000000000000e+00
0.000000000000000000e+00
0.000000000000000000e+00
0.000000000000000000e+00
0.000000000000000000e+00
0.000000000000000000e+00
0.000000000000000000e+00
0.000000000000000000e+00
0.000000000000000000e+00
0.000000000000000000e+00
0.000000000000000000e+00
0.000000000000000000e+00
0.000000000000000000e+00
0.000000000000000000e+00
0.000000000000000000e+00
0.000000000000000000e+00
0.000000000000000000e+00
0.000000000000000000e+00
0.000000000000000000e+00
0.000000000000000000e+00
0.000000000000000000e+00
0.000000000000000000e+00
0.000000000000000000e+00
0.000000000000000000e+00
0.000000000000000000e+00
0.000000000000000000e+00
0.000000000000000000e+00
0.000000000000000000e+00
0.000000000000000000e+00
0.000000000000000000e+00
0.000000000000000000e+00
0.000000000000000000e+00
0.000000000000000000e+00
0.000000000000000000e+00
0.000000000000000000e+00
0.000000000000000000e+00
0.000000000000000000e+00
0.000000000000000000e+00
0.000000000000000000e+00
0.000000000000000000e+00
0.000000000000000000e+00
0.000000000000000000e+00
0.000000000000000000e+00
0.000000000000000000e+00
0.000000000000000000e+00
