-1.000000000000000000e+00
3.809436559677124023e-01
4.684121906757354736e-01
5.448391437530517578e-01
5.993550419807434082e-01
5.916821956634521484e-01
5.183012485504150391e-01
5.412085652351379395e-01
5.187927484512329102e-01
5.062208771705627441e-01
4.706964492797851562e-01
4.879833459854125977e-01
4.691746532917022705e-01
4.707324206829071045e-01
4.235055446624755859e-01
4.381369352340698242e-01
4.309152662754058838e-01
4.272237122058868408e-01
3.777480721473693848e-01
3.734797537326812744e-01
3.712805211544036865e-01
3.725275099277496338e-01
7.246095538139343262e-01
7.077589631080627441e-01
6.534591913223266602e-01
5.885050892829895020e-01
5.277204513549804688e-01
5.375151038169860840e-01
4.847615063190460205e-01
5.566980242729187012e-01
5.672701597213745117e-01
5.122546553611755371e-01
4.687844514846801758e-01
5.606581568717956543e-01
5.534905195236206055e-01
4.980630576610565186e-01
4.519138038158416748e-01
5.439753532409667969e-01
5.710746645927429199e-01
4.839496016502380371e-01
3.898076117038726807e-01
3.381184637546539307e-01
2.737431824207305908e-01
1.000000000000000000e+00
0.000000000000000000e+00
0.000000000000000000e+00
0.000000000000000000e+00
1.000000000000000000e+00
0.000000000000000000e+00
0.000000000000000000e+00
0.000000000000000000e+00
0.000000000000000000e+00
0.000000000000000000e+00
0.000000000000000000e+00
0.000000000000000000e+00
0.000000000000000000e+00
0.000000000000000000e+00
0.000000000000000000e+00
0.000000000000000000e+00
0.000000000000000000e+00
0.000000000000000000e+00
0.000000000000000000e+00
0.000000000000000000e+00
0.000000000000000000e+00
0.000000000000000000e+00
0.000000000000000000e+00
0.000000000000000000e+00
0.000000000000000000e+00
0.000000000000000000e+00
0.000000000000000000e+00
0.000000000000000000e+00
0.000000000000000000e+00
0.000000000000000000e+00
0.000000000000000000e+00
0.000000000000000000e+00
0.000000000000000000e+00
0.000000000000000000e+00
0.000000000000000000e+00
0.000000000000000000e+00
0.000000000000000000e+00
0.000000000000000000e+00
0.000000000000000000e+00
0.000000000000000000e+00
0.000000000000000000e+00
0.000000000000000000e+00
0.000000000000000000e+00
0.000000000000000000e+00
0.000000000000000000e+00
0.000000000000000000e+00
0.000000000000000000e+00
0.000000000000000000e+00
0.000000000000000000e+00
0.000000000000000000e+00
0.000000000000000000e+00
0.000000000000000000e+00
0.000000000000000000e+00
