-1.000000000000000000e+00
3.550341427326202393e-01
4.290400445461273193e-01
4.864512085914611816e-01
5.072388648986816406e-01
4.752257764339447021e-01
4.275019466876983643e-01
4.216244518756866455e-01
4.274154901504516602e-01
4.277962446212768555e-01
3.763023614883422852e-01
3.687934577465057373e-01
3.826695084571838379e-01
3.880293667316436768e-01
3.280290067195892334e-01
3.175729215145111084e-01
3.391647636890411377e-01
3.483410179615020752e-01
2.802374958992004395e-01
2.447053790092468262e-01
2.205337435007095337e-01
1.967318058013916016e-01
7.259126305580139160e-01
6.731852889060974121e-01
5.772252678871154785e-01
4.837441146373748779e-01
4.424924254417419434e-01
4.784329831600189209e-01
4.190179109573364258e-01
4.979929924011230469e-01
5.214791893959045410e-01
4.792059063911437988e-01
4.323129057884216309e-01
5.273439884185791016e-01
5.292294621467590332e-01
4.927633106708526611e-01
4.491130709648132324e-01
5.340963006019592285e-01
5.625212788581848145e-01
5.067231655120849609e-01
4.242834150791168213e-01
3.782598674297332764e-01
3.204059898853302002e-01
1.000000000000000000e+00
0.000000000000000000e+00
0.000000000000000000e+00
0.000000000000000000e+00
1.000000000000000000e+00
0.000000000000000000e+00
0.000000000000000000e+00
0.000000000000000000e+00
0.000000000000000000e+00
0.000000000000000000e+00
0.000000000000000000e+00
0.000000000000000000e+00
0.000000000000000000e+00
0.000000000000000000e+00
0.000000000000000000e+00
0.000000000000000000e+00
0.000000000000000000e+00
0.000000000000000000e+00
0.000000000000000000e+00
0.000000000000000000e+00
0.000000000000000000e+00
0.000000000000000000e+00
0.000000000000000000e+00
0.000000000000000000e+00
0.000000000000000000e+00
0.000000000000000000e+00
0.000000000000000000e+00
0.000000000000000000e+00
0.000000000000000000e+00
0.000000000000000000e+00
0.000000000000000000e+00
0.000000000000000000e+00
0.000000000000000000e+00
0.000000000000000000e+00
0.000000000000000000e+00
0.000000000000000000e+00
0.000000000000000000e+00
0.000000000000000000e+00
0.000000000000000000e+00
0.000000000000000000e+00
0.000000000000000000e+00
0.000000000000000000e+00
0.000000000000000000e+00
0.000000000000000000e+00
0.000000000000000000e+00
0.000000000000000000e+00
0.000000000000000000e+00
0.000000000000000000e+00
0.000000000000000000e+00
0.000000000000000000e+00
0.000000000000000000e+00
0.000000000000000000e+00
0.000000000000000000e+00
