-1.000000000000000000e+00
3.544529378414154053e-01
4.304412603378295898e-01
4.890793859958648682e-01
5.104526281356811523e-01
4.790849983692169189e-01
4.329285621643066406e-01
4.263541102409362793e-01
4.331555962562561035e-01
4.348596632480621338e-01
3.820935785770416260e-01
3.737572431564331055e-01
3.875707089900970459e-01
3.938025534152984619e-01
3.331780433654785156e-01
3.229320049285888672e-01
3.429982960224151611e-01
3.516355454921722412e-01
2.843784391880035400e-01
2.490569651126861572e-01
2.254120856523513794e-01
2.027958631515502930e-01
7.266002297401428223e-01
6.745836138725280762e-01
5.808486342430114746e-01
4.890649020671844482e-01
4.455732405185699463e-01
4.819374978542327881e-01
4.201933741569519043e-01
4.995061755180358887e-01
5.226945877075195312e-01
4.813257455825805664e-01
4.331975579261779785e-01
5.292098522186279297e-01
5.288978815078735352e-01
4.933698177337646484e-01
4.486573040485382080e-01
5.334364771842956543e-01
5.618219375610351562e-01
5.057059526443481445e-01
4.215918779373168945e-01
3.744663298130035400e-01
3.161469697952270508e-01
1.000000000000000000e+00
0.000000000000000000e+00
0.000000000000000000e+00
0.000000000000000000e+00
1.000000000000000000e+00
0.000000000000000000e+00
0.000000000000000000e+00
0.000000000000000000e+00
0.000000000000000000e+00
0.000000000000000000e+00
0.000000000000000000e+00
0.000000000000000000e+00
0.000000000000000000e+00
0.000000000000000000e+00
0.000000000000000000e+00
0.000000000000000000e+00
0.000000000000000000e+00
0.000000000000000000e+00
0.000000000000000000e+00
0.000000000000000000e+00
0.000000000000000000e+00
0.000000000000000000e+00
0.000000000000000000e+00
0.000000000000000000e+00
0.000000000000000000e+00
0.000000000000000000e+00
0.000000000000000000e+00
0.000000000000000000e+00
0.000000000000000000e+00
0.000000000000000000e+00
0.000000000000000000e+00
0.000000000000000000e+00
0.000000000000000000e+00
0.000000000000000000e+00
0.000000000000000000e+00
0.000000000000000000e+00
0.000000000000000000e+00
0.000000000000000000e+00
0.000000000000000000e+00
0.000000000000000000e+00
0.000000000000000000e+00
0.000000000000000000e+00
0.000000000000000000e+00
0.000000000000000000e+00
0.000000000000000000e+00
0.000000000000000000e+00
0.000000000000000000e+00
0.000000000000000000e+00
0.000000000000000000e+00
0.000000000000000000e+00
0.000000000000000000e+00
0.000000000000000000e+00
0.000000000000000000e+00
