-1.000000000000000000e+00
3.916020393371582031e-01
4.757568538188934326e-01
5.449550747871398926e-01
5.902124047279357910e-01
5.830264091491699219e-01
5.111525058746337891e-01
5.309295654296875000e-01
5.154156684875488281e-01
5.043995976448059082e-01
4.658770859241485596e-01
4.828308820724487305e-01
4.698184728622436523e-01
4.650499820709228516e-01
4.200971722602844238e-01
4.374891221523284912e-01
4.328374564647674561e-01
4.253886640071868896e-01
3.737390637397766113e-01
3.631883263587951660e-01
3.585787713527679443e-01
3.559302389621734619e-01
7.370133399963378906e-01
7.093057036399841309e-01
6.493823528289794922e-01
5.840094089508056641e-01
5.296733975410461426e-01
5.401206612586975098e-01
4.852549731731414795e-01
5.569580793380737305e-01
5.808255672454833984e-01
5.198718309402465820e-01
4.714805483818054199e-01
5.572410225868225098e-01
5.661704540252685547e-01
5.111318826675415039e-01
4.625433087348937988e-01
5.475248694419860840e-01
5.804036259651184082e-01
5.044299364089965820e-01
4.105233252048492432e-01
3.570261299610137939e-01
2.953854799270629883e-01
1.000000000000000000e+00
0.000000000000000000e+00
0.000000000000000000e+00
0.000000000000000000e+00
1.000000000000000000e+00
0.000000000000000000e+00
0.000000000000000000e+00
0.000000000000000000e+00
0.000000000000000000e+00
0.000000000000000000e+00
0.000000000000000000e+00
0.000000000000000000e+00
0.000000000000000000e+00
0.000000000000000000e+00
0.000000000000000000e+00
0.000000000000000000e+00
0.000000000000000000e+00
0.000000000000000000e+00
0.000000000000000000e+00
0.000000000000000000e+00
0.000000000000000000e+00
0.000000000000000000e+00
0.000000000000000000e+00
0.000000000000000000e+00
0.000000000000000000e+00
0.000000000000000000e+00
0.000000000000000000e+00
0.000000000000000000e+00
0.000000000000000000e+00
0.000000000000000000e+00
0.000000000000000000e+00
0.000000000000000000e+00
0.000000000000000000e+00
0.000000000000000000e+00
0.000000000000000000e+00
0.000000000000000000e+00
0.000000000000000000e+00
0.000000000000000000e+00
0.000000000000000000e+00
0.000000000000000000e+00
0.000000000000000000e+00
0.000000000000000000e+00
0.000000000000000000e+00
0.000000000000000000e+00
0.000000000000000000e+00
0.000000000000000000e+00
0.000000000000000000e+00
0.000000000000000000e+00
0.000000000000000000e+00
0.000000000000000000e+00
0.000000000000000000e+00
0.000000000000000000e+00
0.000000000000000000e+00
