-1.000000000000000000e+00
4.332890510559082031e-01
4.008688926696777344e-01
3.944877386093139648e-01
4.114235043525695801e-01
4.364925026893615723e-01
5.130020380020141602e-01
5.541734099388122559e-01
5.730456709861755371e-01
5.817058086395263672e-01
5.571029186248779297e-01
6.151378750801086426e-01
6.372919082641601562e-01
6.452044248580932617e-01
5.837829113006591797e-01
6.383591890335083008e-01
6.518446803092956543e-01
6.501184701919555664e-01
5.967815518379211426e-01
6.450875401496887207e-01
6.479994654655456543e-01
6.366494297981262207e-01
6.711647510528564453e-01
5.682561993598937988e-01
4.631476700305938721e-01
4.050585329532623291e-01
4.163408875465393066e-01
4.252395331859588623e-01
3.516689538955688477e-01
3.167558014392852783e-01
2.924613058567047119e-01
4.735023677349090576e-01
4.169744849205017090e-01
3.956837952136993408e-01
3.865357935428619385e-01
5.316086411476135254e-01
4.834961593151092529e-01
4.680214226245880127e-01
4.599791765213012695e-01
5.972671508789062500e-01
5.781441926956176758e-01
5.702988505363464355e-01
5.659655332565307617e-01
0.000000000000000000e+00
1.000000000000000000e+00
1.000000000000000000e+00
1.000000000000000000e+00
1.000000000000000000e+00
0.000000000000000000e+00
0.000000000000000000e+00
0.000000000000000000e+00
0.000000000000000000e+00
0.000000000000000000e+00
0.000000000000000000e+00
0.000000000000000000e+00
0.000000000000000000e+00
0.000000000000000000e+00
0.000000000000000000e+00
0.000000000000000000e+00
0.000000000000000000e+00
0.000000000000000000e+00
0.000000000000000000e+00
0.000000000000000000e+00
0.000000000000000000e+00
0.000000000000000000e+00
0.000000000000000000e+00
0.000000000000000000e+00
0.000000000000000000e+00
0.000000000000000000e+00
0.000000000000000000e+00
0.000000000000000000e+00
0.000000000000000000e+00
0.000000000000000000e+00
0.000000000000000000e+00
0.000000000000000000e+00
0.000000000000000000e+00
0.000000000000000000e+00
0.000000000000000000e+00
0.000000000000000000e+00
0.000000000000000000e+00
0.000000000000000000e+00
0.000000000000000000e+00
0.000000000000000000e+00
0.000000000000000000e+00
0.000000000000000000e+00
0.000000000000000000e+00
0.000000000000000000e+00
0.000000000000000000e+00
0.000000000000000000e+00
0.000000000000000000e+00
0.000000000000000000e+00
0.000000000000000000e+00
0.000000000000000000e+00
0.000000000000000000e+00
0.000000000000000000e+00
0.000000000000000000e+00
