-1.000000000000000000e+00
4.539588689804077148e-01
4.276553690433502197e-01
4.352840781211853027e-01
4.527787566184997559e-01
4.665202498435974121e-01
5.471259355545043945e-01
5.879014134407043457e-01
6.117914915084838867e-01
6.266471743583679199e-01
5.888377428054809570e-01
6.468232870101928711e-01
6.729438304901123047e-01
6.868482232093811035e-01
6.114123463630676270e-01
6.611363291740417480e-01
6.856941580772399902e-01
7.016925215721130371e-01
6.186445951461791992e-01
6.612599492073059082e-01
6.867468953132629395e-01
7.057111263275146484e-01
7.144384980201721191e-01
6.115905046463012695e-01
5.177924036979675293e-01
4.712601006031036377e-01
4.477978944778442383e-01
4.749721586704254150e-01
4.147312939167022705e-01
3.858221173286437988e-01
3.641295433044433594e-01
5.238459110260009766e-01
4.809037148952484131e-01
4.586512744426727295e-01
4.434912800788879395e-01
5.824235081672668457e-01
5.503120422363281250e-01
5.330058336257934570e-01
5.202710032463073730e-01
6.472327709197998047e-01
6.434475183486938477e-01
6.418015360832214355e-01
6.399130225181579590e-01
0.000000000000000000e+00
1.000000000000000000e+00
1.000000000000000000e+00
1.000000000000000000e+00
1.000000000000000000e+00
0.000000000000000000e+00
0.000000000000000000e+00
0.000000000000000000e+00
0.000000000000000000e+00
0.000000000000000000e+00
0.000000000000000000e+00
0.000000000000000000e+00
0.000000000000000000e+00
0.000000000000000000e+00
0.000000000000000000e+00
0.000000000000000000e+00
0.000000000000000000e+00
0.000000000000000000e+00
0.000000000000000000e+00
0.000000000000000000e+00
0.000000000000000000e+00
0.000000000000000000e+00
0.000000000000000000e+00
0.000000000000000000e+00
0.000000000000000000e+00
0.000000000000000000e+00
0.000000000000000000e+00
0.000000000000000000e+00
0.000000000000000000e+00
0.000000000000000000e+00
0.000000000000000000e+00
0.000000000000000000e+00
0.000000000000000000e+00
0.000000000000000000e+00
0.000000000000000000e+00
0.000000000000000000e+00
0.000000000000000000e+00
0.000000000000000000e+00
0.000000000000000000e+00
0.000000000000000000e+00
0.000000000000000000e+00
0.000000000000000000e+00
0.000000000000000000e+00
0.000000000000000000e+00
0.000000000000000000e+00
0.000000000000000000e+00
0.000000000000000000e+00
0.000000000000000000e+00
0.000000000000000000e+00
0.000000000000000000e+00
0.000000000000000000e+00
0.000000000000000000e+00
0.000000000000000000e+00
