-1.000000000000000000e+00
4.868205487728118896e-01
4.932275414466857910e-01
5.224362015724182129e-01
5.613106489181518555e-01
5.928625464439392090e-01
6.205993890762329102e-01
6.941072344779968262e-01
7.191047668457031250e-01
7.135062813758850098e-01
6.532480716705322266e-01
7.542303800582885742e-01
7.785481214523315430e-01
7.699249982833862305e-01
6.690437793731689453e-01
7.535851597785949707e-01
7.730699777603149414e-01
7.665124535560607910e-01
6.674357652664184570e-01
7.287777662277221680e-01
7.494752407073974609e-01
7.519274950027465820e-01
7.672899365425109863e-01
6.480988264083862305e-01
5.457233190536499023e-01
4.926831424236297607e-01
5.184931159019470215e-01
5.658878684043884277e-01
4.927620887756347656e-01
4.751484692096710205e-01
4.852104783058166504e-01
6.329674124717712402e-01
5.941094160079956055e-01
5.798473954200744629e-01
5.786271095275878906e-01
7.017098069190979004e-01
6.757326722145080566e-01
6.610215306282043457e-01
6.538602113723754883e-01
7.687811851501464844e-01
7.657862901687622070e-01
7.572281360626220703e-01
7.531616687774658203e-01
0.000000000000000000e+00
1.000000000000000000e+00
1.000000000000000000e+00
1.000000000000000000e+00
1.000000000000000000e+00
0.000000000000000000e+00
0.000000000000000000e+00
0.000000000000000000e+00
0.000000000000000000e+00
0.000000000000000000e+00
0.000000000000000000e+00
0.000000000000000000e+00
0.000000000000000000e+00
0.000000000000000000e+00
0.000000000000000000e+00
0.000000000000000000e+00
0.000000000000000000e+00
0.000000000000000000e+00
0.000000000000000000e+00
0.000000000000000000e+00
0.000000000000000000e+00
0.000000000000000000e+00
0.000000000000000000e+00
0.000000000000000000e+00
0.000000000000000000e+00
0.000000000000000000e+00
0.000000000000000000e+00
0.000000000000000000e+00
0.000000000000000000e+00
0.000000000000000000e+00
0.000000000000000000e+00
0.000000000000000000e+00
0.000000000000000000e+00
0.000000000000000000e+00
0.000000000000000000e+00
0.000000000000000000e+00
0.000000000000000000e+00
0.000000000000000000e+00
0.000000000000000000e+00
0.000000000000000000e+00
0.000000000000000000e+00
0.000000000000000000e+00
0.000000000000000000e+00
0.000000000000000000e+00
0.000000000000000000e+00
0.000000000000000000e+00
0.000000000000000000e+00
0.000000000000000000e+00
0.000000000000000000e+00
0.000000000000000000e+00
0.000000000000000000e+00
0.000000000000000000e+00
0.000000000000000000e+00
