-1.000000000000000000e+00
4.840804934501647949e-01
4.672257900238037109e-01
4.863154888153076172e-01
5.128899216651916504e-01
5.378388166427612305e-01
6.017617583274841309e-01
6.648020744323730469e-01
6.889772415161132812e-01
6.949932575225830078e-01
6.390472650527954102e-01
7.325209379196166992e-01
7.496789693832397461e-01
7.403435111045837402e-01
6.596118807792663574e-01
7.411060333251953125e-01
7.488346099853515625e-01
7.366673350334167480e-01
6.622232794761657715e-01
7.224174737930297852e-01
7.267102599143981934e-01
7.146462798118591309e-01
7.873101830482482910e-01
6.698858141899108887e-01
5.562165975570678711e-01
4.892380237579345703e-01
4.992581009864807129e-01
5.775521397590637207e-01
5.168058872222900391e-01
4.860731661319732666e-01
4.724337160587310791e-01
6.416240334510803223e-01
5.990771055221557617e-01
5.727160573005676270e-01
5.655992031097412109e-01
7.052866220474243164e-01
6.685562133789062500e-01
6.463114619255065918e-01
6.418442130088806152e-01
7.650600671768188477e-01
7.464247345924377441e-01
7.285418510437011719e-01
7.237224578857421875e-01
0.000000000000000000e+00
1.000000000000000000e+00
1.000000000000000000e+00
1.000000000000000000e+00
1.000000000000000000e+00
0.000000000000000000e+00
0.000000000000000000e+00
0.000000000000000000e+00
0.000000000000000000e+00
0.000000000000000000e+00
0.000000000000000000e+00
0.000000000000000000e+00
0.000000000000000000e+00
0.000000000000000000e+00
0.000000000000000000e+00
0.000000000000000000e+00
0.000000000000000000e+00
0.000000000000000000e+00
0.000000000000000000e+00
0.000000000000000000e+00
0.000000000000000000e+00
0.000000000000000000e+00
0.000000000000000000e+00
0.000000000000000000e+00
0.000000000000000000e+00
0.000000000000000000e+00
0.000000000000000000e+00
0.000000000000000000e+00
0.000000000000000000e+00
0.000000000000000000e+00
0.000000000000000000e+00
0.000000000000000000e+00
0.000000000000000000e+00
0.000000000000000000e+00
0.000000000000000000e+00
0.000000000000000000e+00
0.000000000000000000e+00
0.000000000000000000e+00
0.000000000000000000e+00
0.000000000000000000e+00
0.000000000000000000e+00
0.000000000000000000e+00
0.000000000000000000e+00
0.000000000000000000e+00
0.000000000000000000e+00
0.000000000000000000e+00
0.000000000000000000e+00
0.000000000000000000e+00
0.000000000000000000e+00
0.000000000000000000e+00
0.000000000000000000e+00
0.000000000000000000e+00
0.000000000000000000e+00
