-1.000000000000000000e+00
4.906072020530700684e-01
4.598886072635650635e-01
4.633478522300720215e-01
4.833054542541503906e-01
5.045331120491027832e-01
5.950024724006652832e-01
6.334232091903686523e-01
6.430327296257019043e-01
6.379690766334533691e-01
6.365238428115844727e-01
7.003064751625061035e-01
6.994898915290832520e-01
6.810840964317321777e-01
6.574302911758422852e-01
7.131641507148742676e-01
7.047358155250549316e-01
6.845550537109375000e-01
6.614517569541931152e-01
7.022654414176940918e-01
6.960943937301635742e-01
6.781709194183349609e-01
8.357611298561096191e-01
7.293477058410644531e-01
6.377066969871520996e-01
5.851133465766906738e-01
5.951934456825256348e-01
6.318227052688598633e-01
5.749157667160034180e-01
5.629895925521850586e-01
5.688049197196960449e-01
6.856429576873779297e-01
6.512041687965393066e-01
6.464473009109497070e-01
6.573568582534790039e-01
7.468881011009216309e-01
7.217351198196411133e-01
7.153904438018798828e-01
7.177844643592834473e-01
8.077691197395324707e-01
8.081448674201965332e-01
8.051843643188476562e-01
8.069680929183959961e-01
0.000000000000000000e+00
1.000000000000000000e+00
0.000000000000000000e+00
1.000000000000000000e+00
1.000000000000000000e+00
0.000000000000000000e+00
0.000000000000000000e+00
0.000000000000000000e+00
0.000000000000000000e+00
0.000000000000000000e+00
0.000000000000000000e+00
0.000000000000000000e+00
0.000000000000000000e+00
0.000000000000000000e+00
0.000000000000000000e+00
0.000000000000000000e+00
0.000000000000000000e+00
0.000000000000000000e+00
0.000000000000000000e+00
0.000000000000000000e+00
0.000000000000000000e+00
0.000000000000000000e+00
0.000000000000000000e+00
0.000000000000000000e+00
0.000000000000000000e+00
0.000000000000000000e+00
0.000000000000000000e+00
0.000000000000000000e+00
0.000000000000000000e+00
0.000000000000000000e+00
0.000000000000000000e+00
0.000000000000000000e+00
0.000000000000000000e+00
0.000000000000000000e+00
0.000000000000000000e+00
0.000000000000000000e+00
0.000000000000000000e+00
0.000000000000000000e+00
0.000000000000000000e+00
0.000000000000000000e+00
0.000000000000000000e+00
0.000000000000000000e+00
0.000000000000000000e+00
0.000000000000000000e+00
0.000000000000000000e+00
0.000000000000000000e+00
0.000000000000000000e+00
0.000000000000000000e+00
0.000000000000000000e+00
0.000000000000000000e+00
0.000000000000000000e+00
0.000000000000000000e+00
0.000000000000000000e+00
