-1.000000000000000000e+00
4.142997264862060547e-01
3.946323394775390625e-01
4.009437263011932373e-01
4.130149185657501221e-01
4.413415193557739258e-01
5.218956470489501953e-01
5.843594074249267578e-01
5.904909372329711914e-01
5.753601193428039551e-01
5.615632534027099609e-01
6.486229300498962402e-01
6.342125535011291504e-01
6.035230755805969238e-01
5.816477537155151367e-01
6.580706834793090820e-01
6.383029222488403320e-01
6.119278073310852051e-01
5.821402072906494141e-01
6.441739797592163086e-01
6.371851563453674316e-01
6.171831488609313965e-01
9.916484951972961426e-01
8.837771415710449219e-01
7.851209640502929688e-01
7.141776680946350098e-01
6.991102695465087891e-01
8.021166324615478516e-01
7.273063063621520996e-01
6.866334676742553711e-01
6.842253208160400391e-01
8.585992455482482910e-01
7.783731818199157715e-01
7.424106001853942871e-01
7.475959658622741699e-01
9.135745167732238770e-01
8.500316143035888672e-01
8.212225437164306641e-01
8.239471316337585449e-01
9.662913680076599121e-01
9.375786781311035156e-01
9.078297615051269531e-01
9.013671278953552246e-01
0.000000000000000000e+00
1.000000000000000000e+00
1.000000000000000000e+00
1.000000000000000000e+00
1.000000000000000000e+00
0.000000000000000000e+00
0.000000000000000000e+00
0.000000000000000000e+00
0.000000000000000000e+00
0.000000000000000000e+00
0.000000000000000000e+00
0.000000000000000000e+00
0.000000000000000000e+00
0.000000000000000000e+00
0.000000000000000000e+00
0.000000000000000000e+00
0.000000000000000000e+00
0.000000000000000000e+00
0.000000000000000000e+00
0.000000000000000000e+00
0.000000000000000000e+00
0.000000000000000000e+00
0.000000000000000000e+00
0.000000000000000000e+00
0.000000000000000000e+00
0.000000000000000000e+00
0.000000000000000000e+00
0.000000000000000000e+00
0.000000000000000000e+00
0.000000000000000000e+00
0.000000000000000000e+00
0.000000000000000000e+00
0.000000000000000000e+00
0.000000000000000000e+00
0.000000000000000000e+00
0.000000000000000000e+00
0.000000000000000000e+00
0.000000000000000000e+00
0.000000000000000000e+00
0.000000000000000000e+00
0.000000000000000000e+00
0.000000000000000000e+00
0.000000000000000000e+00
0.000000000000000000e+00
0.000000000000000000e+00
0.000000000000000000e+00
0.000000000000000000e+00
0.000000000000000000e+00
0.000000000000000000e+00
0.000000000000000000e+00
0.000000000000000000e+00
0.000000000000000000e+00
0.000000000000000000e+00
