-1.000000000000000000e+00
3.605483770370483398e-01
3.638511896133422852e-01
3.918789029121398926e-01
4.332137107849121094e-01
4.654673039913177490e-01
4.874792397022247314e-01
5.572414398193359375e-01
5.548870563507080078e-01
5.353742837905883789e-01
5.203832387924194336e-01
6.096751689910888672e-01
5.895695090293884277e-01
5.551841259002685547e-01
5.345401167869567871e-01
6.110242605209350586e-01
5.898928046226501465e-01
5.587754249572753906e-01
5.314008593559265137e-01
5.967425107955932617e-01
5.821412801742553711e-01
5.530932545661926270e-01
8.475930690765380859e-01
7.409652471542358398e-01
6.618370413780212402e-01
6.419506072998046875e-01
6.661955714225769043e-01
6.455408334732055664e-01
5.882675647735595703e-01
6.104116439819335938e-01
6.394225955009460449e-01
7.044662237167358398e-01
6.631087064743041992e-01
6.833485364913940430e-01
7.031656503677368164e-01
7.684251666069030762e-01
7.380161285400390625e-01
7.502468824386596680e-01
7.630802392959594727e-01
8.324706554412841797e-01
8.238785266876220703e-01
8.247749209403991699e-01
8.268949985504150391e-01
0.000000000000000000e+00
0.000000000000000000e+00
0.000000000000000000e+00
0.000000000000000000e+00
0.000000000000000000e+00
0.000000000000000000e+00
0.000000000000000000e+00
0.000000000000000000e+00
0.000000000000000000e+00
0.000000000000000000e+00
0.000000000000000000e+00
0.000000000000000000e+00
0.000000000000000000e+00
0.000000000000000000e+00
0.000000000000000000e+00
0.000000000000000000e+00
0.000000000000000000e+00
0.000000000000000000e+00
0.000000000000000000e+00
0.000000000000000000e+00
0.000000000000000000e+00
0.000000000000000000e+00
0.000000000000000000e+00
0.000000000000000000e+00
0.000000000000000000e+00
0.000000000000000000e+00
0.000000000000000000e+00
0.000000000000000000e+00
0.000000000000000000e+00
0.000000000000000000e+00
0.000000000000000000e+00
0.000000000000000000e+00
0.000000000000000000e+00
0.000000000000000000e+00
0.000000000000000000e+00
0.000000000000000000e+00
0.000000000000000000e+00
0.000000000000000000e+00
0.000000000000000000e+00
0.000000000000000000e+00
0.000000000000000000e+00
0.000000000000000000e+00
0.000000000000000000e+00
0.000000000000000000e+00
0.000000000000000000e+00
0.000000000000000000e+00
0.000000000000000000e+00
0.000000000000000000e+00
0.000000000000000000e+00
0.000000000000000000e+00
0.000000000000000000e+00
0.000000000000000000e+00
0.000000000000000000e+00
