-1.000000000000000000e+00
4.696071147918701172e-01
4.718431532382965088e-01
5.020257234573364258e-01
5.366439223289489746e-01
5.605779886245727539e-01
6.136958003044128418e-01
6.769578456878662109e-01
6.870843172073364258e-01
6.798169612884521484e-01
6.456549167633056641e-01
7.422847747802734375e-01
7.328456044197082520e-01
7.045823335647583008e-01
6.570169329643249512e-01
7.385324835777282715e-01
7.148125767707824707e-01
6.840672492980957031e-01
6.511518955230712891e-01
7.166283726692199707e-01
6.965559124946594238e-01
6.665757894515991211e-01
5.007641315460205078e-01
3.895217478275299072e-01
2.988035082817077637e-01
2.848783731460571289e-01
3.218201994895935059e-01
3.029512465000152588e-01
2.468376457691192627e-01
2.383444905281066895e-01
2.412759214639663696e-01
3.662361502647399902e-01
3.300783038139343262e-01
3.343215584754943848e-01
3.471514582633972168e-01
4.365924596786499023e-01
4.120587110519409180e-01
4.159604907035827637e-01
4.253368377685546875e-01
5.096607804298400879e-01
5.037515163421630859e-01
5.010852813720703125e-01
5.050331354141235352e-01
0.000000000000000000e+00
1.000000000000000000e+00
0.000000000000000000e+00
0.000000000000000000e+00
0.000000000000000000e+00
0.000000000000000000e+00
0.000000000000000000e+00
0.000000000000000000e+00
0.000000000000000000e+00
0.000000000000000000e+00
0.000000000000000000e+00
0.000000000000000000e+00
0.000000000000000000e+00
0.000000000000000000e+00
0.000000000000000000e+00
0.000000000000000000e+00
0.000000000000000000e+00
0.000000000000000000e+00
0.000000000000000000e+00
0.000000000000000000e+00
0.000000000000000000e+00
0.000000000000000000e+00
0.000000000000000000e+00
0.000000000000000000e+00
0.000000000000000000e+00
0.000000000000000000e+00
0.000000000000000000e+00
0.000000000000000000e+00
0.000000000000000000e+00
0.000000000000000000e+00
0.000000000000000000e+00
0.000000000000000000e+00
0.000000000000000000e+00
0.000000000000000000e+00
0.000000000000000000e+00
0.000000000000000000e+00
0.000000000000000000e+00
0.000000000000000000e+00
0.000000000000000000e+00
0.000000000000000000e+00
0.000000000000000000e+00
0.000000000000000000e+00
0.000000000000000000e+00
0.000000000000000000e+00
0.000000000000000000e+00
0.000000000000000000e+00
0.000000000000000000e+00
0.000000000000000000e+00
0.000000000000000000e+00
0.000000000000000000e+00
0.000000000000000000e+00
0.000000000000000000e+00
0.000000000000000000e+00
