-1.000000000000000000e+00
4.713624119758605957e-01
4.768795967102050781e-01
5.111977458000183105e-01
5.457352995872497559e-01
5.640088915824890137e-01
6.288992166519165039e-01
6.938185095787048340e-01
7.037348151206970215e-01
6.921538710594177246e-01
6.595445275306701660e-01
7.425226569175720215e-01
7.467653155326843262e-01
7.277963757514953613e-01
6.654697060585021973e-01
7.435409426689147949e-01
7.410069704055786133e-01
7.188306450843811035e-01
6.499375700950622559e-01
6.994959115982055664e-01
7.036758661270141602e-01
6.933777332305908203e-01
5.358379483222961426e-01
4.142125248908996582e-01
3.248702883720397949e-01
3.033197224140167236e-01
3.322936892509460449e-01
3.426255583763122559e-01
2.735891342163085938e-01
2.609188258647918701e-01
2.643711566925048828e-01
4.109370708465576172e-01
3.761917352676391602e-01
3.613333702087402344e-01
3.564210832118988037e-01
4.805935919284820557e-01
4.581518769264221191e-01
4.347287416458129883e-01
4.195402264595031738e-01
5.481660962104797363e-01
5.602989792823791504e-01
5.492889285087585449e-01
5.397999286651611328e-01
0.000000000000000000e+00
1.000000000000000000e+00
1.000000000000000000e+00
1.000000000000000000e+00
1.000000000000000000e+00
0.000000000000000000e+00
0.000000000000000000e+00
0.000000000000000000e+00
0.000000000000000000e+00
0.000000000000000000e+00
0.000000000000000000e+00
0.000000000000000000e+00
0.000000000000000000e+00
0.000000000000000000e+00
0.000000000000000000e+00
0.000000000000000000e+00
0.000000000000000000e+00
0.000000000000000000e+00
0.000000000000000000e+00
0.000000000000000000e+00
0.000000000000000000e+00
0.000000000000000000e+00
0.000000000000000000e+00
0.000000000000000000e+00
0.000000000000000000e+00
0.000000000000000000e+00
0.000000000000000000e+00
0.000000000000000000e+00
0.000000000000000000e+00
0.000000000000000000e+00
0.000000000000000000e+00
0.000000000000000000e+00
0.000000000000000000e+00
0.000000000000000000e+00
0.000000000000000000e+00
0.000000000000000000e+00
0.000000000000000000e+00
0.000000000000000000e+00
0.000000000000000000e+00
0.000000000000000000e+00
0.000000000000000000e+00
0.000000000000000000e+00
0.000000000000000000e+00
0.000000000000000000e+00
0.000000000000000000e+00
0.000000000000000000e+00
0.000000000000000000e+00
0.000000000000000000e+00
0.000000000000000000e+00
0.000000000000000000e+00
0.000000000000000000e+00
0.000000000000000000e+00
0.000000000000000000e+00
