-1.000000000000000000e+00
4.649981856346130371e-01
4.712712168693542480e-01
4.995241761207580566e-01
5.371162891387939453e-01
5.611361861228942871e-01
6.223840117454528809e-01
6.965979337692260742e-01
6.801580190658569336e-01
6.487311720848083496e-01
6.489798426628112793e-01
7.434134483337402344e-01
7.148487567901611328e-01
6.782059073448181152e-01
6.563023924827575684e-01
7.369646430015563965e-01
7.102927565574645996e-01
6.792422533035278320e-01
6.433167457580566406e-01
7.115344405174255371e-01
6.982944607734680176e-01
6.704245209693908691e-01
7.751077413558959961e-01
6.572576165199279785e-01
5.579844117164611816e-01
5.137659311294555664e-01
5.431533455848693848e-01
5.931426286697387695e-01
5.278367400169372559e-01
5.159633159637451172e-01
5.345056653022766113e-01
6.630502939224243164e-01
6.192539334297180176e-01
6.035743951797485352e-01
6.121605038642883301e-01
7.296144962310791016e-01
6.969422101974487305e-01
6.810219287872314453e-01
6.867542266845703125e-01
7.909485697746276855e-01
7.831863760948181152e-01
7.598712444305419922e-01
7.576810121536254883e-01
0.000000000000000000e+00
0.000000000000000000e+00
1.000000000000000000e+00
1.000000000000000000e+00
1.000000000000000000e+00
0.000000000000000000e+00
0.000000000000000000e+00
0.000000000000000000e+00
0.000000000000000000e+00
0.000000000000000000e+00
0.000000000000000000e+00
0.000000000000000000e+00
0.000000000000000000e+00
0.000000000000000000e+00
0.000000000000000000e+00
0.000000000000000000e+00
0.000000000000000000e+00
0.000000000000000000e+00
0.000000000000000000e+00
0.000000000000000000e+00
0.000000000000000000e+00
0.000000000000000000e+00
0.000000000000000000e+00
0.000000000000000000e+00
0.000000000000000000e+00
0.000000000000000000e+00
0.000000000000000000e+00
0.000000000000000000e+00
0.000000000000000000e+00
0.000000000000000000e+00
0.000000000000000000e+00
0.000000000000000000e+00
0.000000000000000000e+00
0.000000000000000000e+00
0.000000000000000000e+00
0.000000000000000000e+00
0.000000000000000000e+00
0.000000000000000000e+00
0.000000000000000000e+00
0.000000000000000000e+00
0.000000000000000000e+00
0.000000000000000000e+00
0.000000000000000000e+00
0.000000000000000000e+00
0.000000000000000000e+00
0.000000000000000000e+00
0.000000000000000000e+00
0.000000000000000000e+00
0.000000000000000000e+00
0.000000000000000000e+00
0.000000000000000000e+00
0.000000000000000000e+00
0.000000000000000000e+00
