-1.000000000000000000e+00
4.494337737560272217e-01
4.546367526054382324e-01
4.786748290061950684e-01
5.044954419136047363e-01
5.386391282081604004e-01
5.984462499618530273e-01
6.829192638397216797e-01
6.974669098854064941e-01
6.827098131179809570e-01
6.295425295829772949e-01
7.368702888488769531e-01
7.350300550460815430e-01
7.045572400093078613e-01
6.405485272407531738e-01
7.323194742202758789e-01
7.258824110031127930e-01
6.995306611061096191e-01
6.309580802917480469e-01
7.018615007400512695e-01
7.044920325279235840e-01
6.862583160400390625e-01
7.838037014007568359e-01
6.619774103164672852e-01
5.607012510299682617e-01
4.866523742675781250e-01
4.770524799823760986e-01
6.356260180473327637e-01
5.687739849090576172e-01
5.211012363433837891e-01
5.074971318244934082e-01
7.064751386642456055e-01
6.512090563774108887e-01
5.975653529167175293e-01
5.777572989463806152e-01
7.642593979835510254e-01
7.162833213806152344e-01
6.675869226455688477e-01
6.462256312370300293e-01
8.086990118026733398e-01
7.958194017410278320e-01
7.555484771728515625e-01
7.323120832443237305e-01
0.000000000000000000e+00
1.000000000000000000e+00
1.000000000000000000e+00
1.000000000000000000e+00
1.000000000000000000e+00
0.000000000000000000e+00
0.000000000000000000e+00
0.000000000000000000e+00
0.000000000000000000e+00
0.000000000000000000e+00
0.000000000000000000e+00
0.000000000000000000e+00
0.000000000000000000e+00
0.000000000000000000e+00
0.000000000000000000e+00
0.000000000000000000e+00
0.000000000000000000e+00
0.000000000000000000e+00
0.000000000000000000e+00
0.000000000000000000e+00
0.000000000000000000e+00
0.000000000000000000e+00
0.000000000000000000e+00
0.000000000000000000e+00
0.000000000000000000e+00
0.000000000000000000e+00
0.000000000000000000e+00
0.000000000000000000e+00
0.000000000000000000e+00
0.000000000000000000e+00
0.000000000000000000e+00
0.000000000000000000e+00
0.000000000000000000e+00
0.000000000000000000e+00
0.000000000000000000e+00
0.000000000000000000e+00
0.000000000000000000e+00
0.000000000000000000e+00
0.000000000000000000e+00
0.000000000000000000e+00
0.000000000000000000e+00
0.000000000000000000e+00
0.000000000000000000e+00
0.000000000000000000e+00
0.000000000000000000e+00
0.000000000000000000e+00
0.000000000000000000e+00
0.000000000000000000e+00
0.000000000000000000e+00
0.000000000000000000e+00
0.000000000000000000e+00
0.000000000000000000e+00
0.000000000000000000e+00
