-1.000000000000000000e+00
4.222511947154998779e-01
4.418269991874694824e-01
4.754907190799713135e-01
5.032229423522949219e-01
5.404102802276611328e-01
5.758045911788940430e-01
6.716209650039672852e-01
6.937013864517211914e-01
6.793522238731384277e-01
6.012886166572570801e-01
7.177681922912597656e-01
7.301464676856994629e-01
7.045335769653320312e-01
6.098088622093200684e-01
7.054708600044250488e-01
7.104377150535583496e-01
6.878943443298339844e-01
6.011851429939270020e-01
6.743956804275512695e-01
6.821165084838867188e-01
6.649457216262817383e-01
7.961412668228149414e-01
6.831536889076232910e-01
5.867931842803955078e-01
5.072174668312072754e-01
4.949319362640380859e-01
6.811087131500244141e-01
6.275793910026550293e-01
5.791516900062561035e-01
5.560492277145385742e-01
7.513644099235534668e-01
7.131947875022888184e-01
6.582958698272705078e-01
6.275731325149536133e-01
8.067803978919982910e-01
7.749523520469665527e-01
7.207769751548767090e-01
6.882335543632507324e-01
8.448239564895629883e-01
8.400287628173828125e-01
7.966322898864746094e-01
7.653259038925170898e-01
0.000000000000000000e+00
1.000000000000000000e+00
1.000000000000000000e+00
1.000000000000000000e+00
1.000000000000000000e+00
0.000000000000000000e+00
0.000000000000000000e+00
0.000000000000000000e+00
0.000000000000000000e+00
0.000000000000000000e+00
0.000000000000000000e+00
0.000000000000000000e+00
0.000000000000000000e+00
0.000000000000000000e+00
0.000000000000000000e+00
0.000000000000000000e+00
0.000000000000000000e+00
0.000000000000000000e+00
0.000000000000000000e+00
0.000000000000000000e+00
0.000000000000000000e+00
0.000000000000000000e+00
0.000000000000000000e+00
0.000000000000000000e+00
0.000000000000000000e+00
0.000000000000000000e+00
0.000000000000000000e+00
0.000000000000000000e+00
0.000000000000000000e+00
0.000000000000000000e+00
0.000000000000000000e+00
0.000000000000000000e+00
0.000000000000000000e+00
0.000000000000000000e+00
0.000000000000000000e+00
0.000000000000000000e+00
0.000000000000000000e+00
0.000000000000000000e+00
0.000000000000000000e+00
0.000000000000000000e+00
0.000000000000000000e+00
0.000000000000000000e+00
0.000000000000000000e+00
0.000000000000000000e+00
0.000000000000000000e+00
0.000000000000000000e+00
0.000000000000000000e+00
0.000000000000000000e+00
0.000000000000000000e+00
0.000000000000000000e+00
0.000000000000000000e+00
0.000000000000000000e+00
0.000000000000000000e+00
