1.000000000000000000e+00
5.283013582229614258e-01
5.607445836067199707e-01
5.530011653900146484e-01
5.445020794868469238e-01
5.548715591430664062e-01
4.452357888221740723e-01
4.136896133422851562e-01
4.561758935451507568e-01
4.682394266128540039e-01
4.029309153556823730e-01
3.780911564826965332e-01
4.418187439441680908e-01
4.481414556503295898e-01
3.724957704544067383e-01
3.413514494895935059e-01
4.033688008785247803e-01
4.257804453372955322e-01
3.463894724845886230e-01
2.735109329223632812e-01
2.302306741476058960e-01
1.796346902847290039e-01
6.893170475959777832e-01
5.765599608421325684e-01
4.536434710025787354e-01
3.473804593086242676e-01
2.736746966838836670e-01
4.352776110172271729e-01
4.034589231014251709e-01
4.585725069046020508e-01
4.722873866558074951e-01
4.892411231994628906e-01
4.645417928695678711e-01
5.272426605224609375e-01
5.177584886550903320e-01
5.466006398200988770e-01
5.259668827056884766e-01
5.667800307273864746e-01
5.673071146011352539e-01
6.015949249267578125e-01
5.802065134048461914e-01
5.782448053359985352e-01
5.597749948501586914e-01
0.000000000000000000e+00
0.000000000000000000e+00
0.000000000000000000e+00
0.000000000000000000e+00
1.000000000000000000e+00
0.000000000000000000e+00
0.000000000000000000e+00
0.000000000000000000e+00
0.000000000000000000e+00
0.000000000000000000e+00
0.000000000000000000e+00
0.000000000000000000e+00
0.000000000000000000e+00
0.000000000000000000e+00
0.000000000000000000e+00
0.000000000000000000e+00
0.000000000000000000e+00
0.000000000000000000e+00
0.000000000000000000e+00
0.000000000000000000e+00
0.000000000000000000e+00
0.000000000000000000e+00
0.000000000000000000e+00
0.000000000000000000e+00
0.000000000000000000e+00
0.000000000000000000e+00
0.000000000000000000e+00
0.000000000000000000e+00
0.000000000000000000e+00
0.000000000000000000e+00
0.000000000000000000e+00
0.000000000000000000e+00
0.000000000000000000e+00
0.000000000000000000e+00
0.000000000000000000e+00
0.000000000000000000e+00
0.000000000000000000e+00
0.000000000000000000e+00
0.000000000000000000e+00
0.000000000000000000e+00
0.000000000000000000e+00
0.000000000000000000e+00
0.000000000000000000e+00
0.000000000000000000e+00
0.000000000000000000e+00
0.000000000000000000e+00
0.000000000000000000e+00
0.000000000000000000e+00
0.000000000000000000e+00
0.000000000000000000e+00
0.000000000000000000e+00
0.000000000000000000e+00
0.000000000000000000e+00
