1.000000000000000000e+00
5.030702352523803711e-01
5.297267436981201172e-01
5.166289806365966797e-01
5.064573884010314941e-01
5.157109498977661133e-01
4.212134182453155518e-01
3.883895874023437500e-01
4.271703958511352539e-01
4.411477148532867432e-01
3.810276389122009277e-01
3.574801087379455566e-01
4.163510799407958984e-01
4.238533675670623779e-01
3.514072000980377197e-01
3.202464282512664795e-01
3.772284090518951416e-01
3.989658355712890625e-01
3.260467052459716797e-01
2.544831037521362305e-01
2.111630886793136597e-01
1.638056933879852295e-01
6.998554468154907227e-01
5.866406559944152832e-01
4.684276282787322998e-01
3.655853569507598877e-01
2.954396605491638184e-01
4.556848108768463135e-01
4.273361563682556152e-01
4.751401543617248535e-01
4.875914752483367920e-01
5.087017416954040527e-01
4.885958731174468994e-01
5.451263189315795898e-01
5.318621993064880371e-01
5.650071501731872559e-01
5.457144975662231445e-01
5.808901786804199219e-01
5.770736932754516602e-01
6.206964254379272461e-01
6.004094481468200684e-01
5.983434319496154785e-01
5.800525546073913574e-01
0.000000000000000000e+00
0.000000000000000000e+00
0.000000000000000000e+00
0.000000000000000000e+00
1.000000000000000000e+00
0.000000000000000000e+00
0.000000000000000000e+00
0.000000000000000000e+00
0.000000000000000000e+00
0.000000000000000000e+00
0.000000000000000000e+00
0.000000000000000000e+00
0.000000000000000000e+00
0.000000000000000000e+00
0.000000000000000000e+00
0.000000000000000000e+00
0.000000000000000000e+00
0.000000000000000000e+00
0.000000000000000000e+00
0.000000000000000000e+00
0.000000000000000000e+00
0.000000000000000000e+00
0.000000000000000000e+00
0.000000000000000000e+00
0.000000000000000000e+00
0.000000000000000000e+00
0.000000000000000000e+00
0.000000000000000000e+00
0.000000000000000000e+00
0.000000000000000000e+00
0.000000000000000000e+00
0.000000000000000000e+00
0.000000000000000000e+00
0.000000000000000000e+00
0.000000000000000000e+00
0.000000000000000000e+00
0.000000000000000000e+00
0.000000000000000000e+00
0.000000000000000000e+00
0.000000000000000000e+00
0.000000000000000000e+00
0.000000000000000000e+00
0.000000000000000000e+00
0.000000000000000000e+00
0.000000000000000000e+00
0.000000000000000000e+00
0.000000000000000000e+00
0.000000000000000000e+00
0.000000000000000000e+00
0.000000000000000000e+00
0.000000000000000000e+00
0.000000000000000000e+00
0.000000000000000000e+00
