1.000000000000000000e+00
5.010583400726318359e-01
5.410233139991760254e-01
5.434098243713378906e-01
5.439544916152954102e-01
5.594981908798217773e-01
4.504744410514831543e-01
4.236767292022705078e-01
4.572583734989166260e-01
4.691848754882812500e-01
4.072958827018737793e-01
3.845231235027313232e-01
4.366210699081420898e-01
4.460271596908569336e-01
3.738400936126708984e-01
3.482255041599273682e-01
4.020633697509765625e-01
4.239762723445892334e-01
3.437095880508422852e-01
2.784425616264343262e-01
2.393726408481597900e-01
1.959319412708282471e-01
6.789884567260742188e-01
5.775169134140014648e-01
4.610820412635803223e-01
3.632456064224243164e-01
3.013023734092712402e-01
4.286531507968902588e-01
3.933176100254058838e-01
4.499231576919555664e-01
4.662941694259643555e-01
4.699884355068206787e-01
4.394658505916595459e-01
5.076718330383300781e-01
5.059272050857543945e-01
5.176910758018493652e-01
4.913381338119506836e-01
5.420613884925842285e-01
5.527225136756896973e-01
5.651730895042419434e-01
5.309827923774719238e-01
5.178010463714599609e-01
4.906129240989685059e-01
0.000000000000000000e+00
0.000000000000000000e+00
0.000000000000000000e+00
0.000000000000000000e+00
1.000000000000000000e+00
0.000000000000000000e+00
0.000000000000000000e+00
0.000000000000000000e+00
0.000000000000000000e+00
0.000000000000000000e+00
0.000000000000000000e+00
0.000000000000000000e+00
0.000000000000000000e+00
0.000000000000000000e+00
0.000000000000000000e+00
0.000000000000000000e+00
0.000000000000000000e+00
0.000000000000000000e+00
0.000000000000000000e+00
0.000000000000000000e+00
0.000000000000000000e+00
0.000000000000000000e+00
0.000000000000000000e+00
0.000000000000000000e+00
0.000000000000000000e+00
0.000000000000000000e+00
0.000000000000000000e+00
0.000000000000000000e+00
0.000000000000000000e+00
0.000000000000000000e+00
0.000000000000000000e+00
0.000000000000000000e+00
0.000000000000000000e+00
0.000000000000000000e+00
0.000000000000000000e+00
0.000000000000000000e+00
0.000000000000000000e+00
0.000000000000000000e+00
0.000000000000000000e+00
0.000000000000000000e+00
0.000000000000000000e+00
0.000000000000000000e+00
0.000000000000000000e+00
0.000000000000000000e+00
0.000000000000000000e+00
0.000000000000000000e+00
0.000000000000000000e+00
0.000000000000000000e+00
0.000000000000000000e+00
0.000000000000000000e+00
0.000000000000000000e+00
0.000000000000000000e+00
0.000000000000000000e+00
