1.000000000000000000e+00
4.920365512371063232e-01
5.293416976928710938e-01
5.285689830780029297e-01
5.270140171051025391e-01
5.414451956748962402e-01
4.272178411483764648e-01
4.004471004009246826e-01
4.386733770370483398e-01
4.526520967483520508e-01
3.893675804138183594e-01
3.684448301792144775e-01
4.196027815341949463e-01
4.289826452732086182e-01
3.594570159912109375e-01
3.306942582130432129e-01
3.832314610481262207e-01
4.062849879264831543e-01
3.321042656898498535e-01
2.668049335479736328e-01
2.284053564071655273e-01
1.863189041614532471e-01
6.817791461944580078e-01
5.757157802581787109e-01
4.606755673885345459e-01
3.686810731887817383e-01
3.101760149002075195e-01
4.410160779953002930e-01
4.105018973350524902e-01
4.677933752536773682e-01
4.830476343631744385e-01
4.843132197856903076e-01
4.623705446720123291e-01
5.244174003601074219e-01
5.174220204353332520e-01
5.333051681518554688e-01
5.138397216796875000e-01
5.584897994995117188e-01
5.644360780715942383e-01
5.828760266304016113e-01
5.568414330482482910e-01
5.466485023498535156e-01
5.241087079048156738e-01
0.000000000000000000e+00
0.000000000000000000e+00
0.000000000000000000e+00
0.000000000000000000e+00
1.000000000000000000e+00
0.000000000000000000e+00
0.000000000000000000e+00
0.000000000000000000e+00
0.000000000000000000e+00
0.000000000000000000e+00
0.000000000000000000e+00
0.000000000000000000e+00
0.000000000000000000e+00
0.000000000000000000e+00
0.000000000000000000e+00
0.000000000000000000e+00
0.000000000000000000e+00
0.000000000000000000e+00
0.000000000000000000e+00
0.000000000000000000e+00
0.000000000000000000e+00
0.000000000000000000e+00
0.000000000000000000e+00
0.000000000000000000e+00
0.000000000000000000e+00
0.000000000000000000e+00
0.000000000000000000e+00
0.000000000000000000e+00
0.000000000000000000e+00
0.000000000000000000e+00
0.000000000000000000e+00
0.000000000000000000e+00
0.000000000000000000e+00
0.000000000000000000e+00
0.000000000000000000e+00
0.000000000000000000e+00
0.000000000000000000e+00
0.000000000000000000e+00
0.000000000000000000e+00
0.000000000000000000e+00
0.000000000000000000e+00
0.000000000000000000e+00
0.000000000000000000e+00
0.000000000000000000e+00
0.000000000000000000e+00
0.000000000000000000e+00
0.000000000000000000e+00
0.000000000000000000e+00
0.000000000000000000e+00
0.000000000000000000e+00
0.000000000000000000e+00
0.000000000000000000e+00
0.000000000000000000e+00
