1.000000000000000000e+00
3.951762318611145020e-01
3.938192129135131836e-01
3.579375445842742920e-01
3.309557735919952393e-01
3.295846581459045410e-01
2.570762932300567627e-01
2.271561324596405029e-01
2.776772975921630859e-01
2.909043729305267334e-01
2.304396182298660278e-01
2.083439379930496216e-01
2.799210846424102783e-01
2.838115692138671875e-01
2.168957889080047607e-01
1.863912791013717651e-01
2.520977258682250977e-01
2.749422788619995117e-01
2.080136388540267944e-01
1.341754198074340820e-01
9.019802510738372803e-02
3.585715591907501221e-02
7.916203141212463379e-01
6.799190640449523926e-01
5.779567956924438477e-01
4.871395826339721680e-01
4.144408106803894043e-01
5.957025885581970215e-01
5.860302448272705078e-01
6.169698834419250488e-01
6.246809959411621094e-01
6.652138829231262207e-01
6.624336242675781250e-01
6.877988576889038086e-01
6.732027530670166016e-01
7.326966524124145508e-01
7.347623109817504883e-01
7.378929257392883301e-01
7.235401272773742676e-01
7.948170304298400879e-01
8.173686861991882324e-01
8.394378423690795898e-01
8.478398919105529785e-01
1.000000000000000000e+00
0.000000000000000000e+00
0.000000000000000000e+00
1.000000000000000000e+00
0.000000000000000000e+00
0.000000000000000000e+00
0.000000000000000000e+00
0.000000000000000000e+00
0.000000000000000000e+00
0.000000000000000000e+00
0.000000000000000000e+00
0.000000000000000000e+00
0.000000000000000000e+00
0.000000000000000000e+00
0.000000000000000000e+00
0.000000000000000000e+00
0.000000000000000000e+00
0.000000000000000000e+00
0.000000000000000000e+00
0.000000000000000000e+00
0.000000000000000000e+00
0.000000000000000000e+00
0.000000000000000000e+00
0.000000000000000000e+00
0.000000000000000000e+00
0.000000000000000000e+00
0.000000000000000000e+00
0.000000000000000000e+00
0.000000000000000000e+00
0.000000000000000000e+00
0.000000000000000000e+00
0.000000000000000000e+00
0.000000000000000000e+00
0.000000000000000000e+00
0.000000000000000000e+00
0.000000000000000000e+00
0.000000000000000000e+00
0.000000000000000000e+00
0.000000000000000000e+00
0.000000000000000000e+00
0.000000000000000000e+00
0.000000000000000000e+00
0.000000000000000000e+00
0.000000000000000000e+00
0.000000000000000000e+00
0.000000000000000000e+00
0.000000000000000000e+00
0.000000000000000000e+00
0.000000000000000000e+00
0.000000000000000000e+00
0.000000000000000000e+00
0.000000000000000000e+00
0.000000000000000000e+00
