1.000000000000000000e+00
3.776132464408874512e-01
3.737297952175140381e-01
3.398265242576599121e-01
3.099214434623718262e-01
3.079743981361389160e-01
2.391152828931808472e-01
1.990476548671722412e-01
2.532142400741577148e-01
2.752868831157684326e-01
2.126920819282531738e-01
1.844506114721298218e-01
2.583500146865844727e-01
2.679368555545806885e-01
1.992658525705337524e-01
1.608591377735137939e-01
2.262319624423980713e-01
2.524132132530212402e-01
1.919476538896560669e-01
1.176680922508239746e-01
7.421806454658508301e-02
2.368271350860595703e-02
7.957371473312377930e-01
6.834452748298645020e-01
5.828779935836791992e-01
4.913005828857421875e-01
4.213797152042388916e-01
6.036463975906372070e-01
5.898819565773010254e-01
6.177457571029663086e-01
6.268689632415771484e-01
6.693358421325683594e-01
6.685352325439453125e-01
6.909136772155761719e-01
6.741375923156738281e-01
7.358214259147644043e-01
7.392774224281311035e-01
7.448375225067138672e-01
7.328323125839233398e-01
7.997589111328125000e-01
8.194866180419921875e-01
8.385925292968750000e-01
8.465335369110107422e-01
1.000000000000000000e+00
0.000000000000000000e+00
0.000000000000000000e+00
1.000000000000000000e+00
0.000000000000000000e+00
0.000000000000000000e+00
0.000000000000000000e+00
0.000000000000000000e+00
0.000000000000000000e+00
0.000000000000000000e+00
0.000000000000000000e+00
0.000000000000000000e+00
0.000000000000000000e+00
0.000000000000000000e+00
0.000000000000000000e+00
0.000000000000000000e+00
0.000000000000000000e+00
0.000000000000000000e+00
0.000000000000000000e+00
0.000000000000000000e+00
0.000000000000000000e+00
0.000000000000000000e+00
0.000000000000000000e+00
0.000000000000000000e+00
0.000000000000000000e+00
0.000000000000000000e+00
0.000000000000000000e+00
0.000000000000000000e+00
0.000000000000000000e+00
0.000000000000000000e+00
0.000000000000000000e+00
0.000000000000000000e+00
0.000000000000000000e+00
0.000000000000000000e+00
0.000000000000000000e+00
0.000000000000000000e+00
0.000000000000000000e+00
0.000000000000000000e+00
0.000000000000000000e+00
0.000000000000000000e+00
0.000000000000000000e+00
0.000000000000000000e+00
0.000000000000000000e+00
0.000000000000000000e+00
0.000000000000000000e+00
0.000000000000000000e+00
0.000000000000000000e+00
0.000000000000000000e+00
0.000000000000000000e+00
0.000000000000000000e+00
0.000000000000000000e+00
0.000000000000000000e+00
0.000000000000000000e+00
