1.000000000000000000e+00
3.727391064167022705e-01
3.703491687774658203e-01
3.327263593673706055e-01
3.023342192173004150e-01
3.000347018241882324e-01
2.317318022251129150e-01
1.947201490402221680e-01
2.431095689535140991e-01
2.637817561626434326e-01
2.049989551305770874e-01
1.800519973039627075e-01
2.471814304590225220e-01
2.534374892711639404e-01
1.926484107971191406e-01
1.604639887809753418e-01
2.198353409767150879e-01
2.357288897037506104e-01
1.856203973293304443e-01
1.291512101888656616e-01
1.053776443004608154e-01
7.166078686714172363e-02
7.901879549026489258e-01
6.796466112136840820e-01
5.730515718460083008e-01
4.845812916755676270e-01
4.146647155284881592e-01
5.937957763671875000e-01
5.809165239334106445e-01
6.141793727874755859e-01
6.200408935546875000e-01
6.577490568161010742e-01
6.581065654754638672e-01
6.897957324981689453e-01
6.702704429626464844e-01
7.224401235580444336e-01
7.259150743484497070e-01
7.447322607040405273e-01
7.303560376167297363e-01
7.845594286918640137e-01
7.920413017272949219e-01
8.106295466423034668e-01
8.169298171997070312e-01
1.000000000000000000e+00
0.000000000000000000e+00
0.000000000000000000e+00
0.000000000000000000e+00
0.000000000000000000e+00
0.000000000000000000e+00
0.000000000000000000e+00
0.000000000000000000e+00
0.000000000000000000e+00
0.000000000000000000e+00
0.000000000000000000e+00
0.000000000000000000e+00
0.000000000000000000e+00
0.000000000000000000e+00
0.000000000000000000e+00
0.000000000000000000e+00
0.000000000000000000e+00
0.000000000000000000e+00
0.000000000000000000e+00
0.000000000000000000e+00
0.000000000000000000e+00
0.000000000000000000e+00
0.000000000000000000e+00
0.000000000000000000e+00
0.000000000000000000e+00
0.000000000000000000e+00
0.000000000000000000e+00
0.000000000000000000e+00
0.000000000000000000e+00
0.000000000000000000e+00
0.000000000000000000e+00
0.000000000000000000e+00
0.000000000000000000e+00
0.000000000000000000e+00
0.000000000000000000e+00
0.000000000000000000e+00
0.000000000000000000e+00
0.000000000000000000e+00
0.000000000000000000e+00
0.000000000000000000e+00
0.000000000000000000e+00
0.000000000000000000e+00
0.000000000000000000e+00
0.000000000000000000e+00
0.000000000000000000e+00
0.000000000000000000e+00
0.000000000000000000e+00
0.000000000000000000e+00
0.000000000000000000e+00
0.000000000000000000e+00
0.000000000000000000e+00
0.000000000000000000e+00
0.000000000000000000e+00
