-1.000000000000000000e+00
0.000000000000000000e+00
1.614519596415477098e-01
3.392683097274568627e-01
4.967402674901827964e-01
6.048263816298427020e-01
5.164104075937830940e-01
7.259546653095710900e-01
8.728185918152924216e-01
1.000000000000000000e+00
4.980548065173651118e-01
5.881032710955863552e-01
3.933842322313523265e-01
3.432938590173391091e-01
4.736141549600155765e-01
5.632712267601622802e-01
3.978388794218746249e-01
3.277627835683912250e-01
4.633305449407985055e-01
6.532930180717058111e-01
7.621392043837008634e-01
8.941605867481859926e-01
0.000000000000000000e+00
1.000000000000000000e+00
0.000000000000000000e+00
0.000000000000000000e+00
1.000000000000000000e+00
0.000000000000000000e+00
0.000000000000000000e+00
0.000000000000000000e+00
0.000000000000000000e+00
0.000000000000000000e+00
0.000000000000000000e+00
0.000000000000000000e+00
0.000000000000000000e+00
0.000000000000000000e+00
0.000000000000000000e+00
0.000000000000000000e+00
0.000000000000000000e+00
0.000000000000000000e+00
0.000000000000000000e+00
0.000000000000000000e+00
0.000000000000000000e+00
0.000000000000000000e+00
0.000000000000000000e+00
0.000000000000000000e+00
0.000000000000000000e+00
0.000000000000000000e+00
0.000000000000000000e+00
0.000000000000000000e+00
0.000000000000000000e+00
0.000000000000000000e+00
0.000000000000000000e+00
0.000000000000000000e+00
