-1.000000000000000000e+00
0.000000000000000000e+00
1.651802356727988252e-01
3.423175055881597650e-01
5.007178066394344373e-01
6.086175509309698084e-01
5.274874081321475616e-01
7.274979286197891248e-01
8.702140727824674293e-01
1.000000000000000000e+00
5.087245081471507557e-01
5.838277340383953851e-01
3.773725605797170757e-01
3.622235981990771236e-01
4.833684342808186041e-01
5.535487313911586771e-01
3.810758134996189428e-01
3.407589045670118000e-01
4.731659955334009959e-01
6.673204336304472406e-01
7.697999275682974041e-01
8.987501368853219041e-01
0.000000000000000000e+00
1.000000000000000000e+00
0.000000000000000000e+00
0.000000000000000000e+00
1.000000000000000000e+00
0.000000000000000000e+00
0.000000000000000000e+00
0.000000000000000000e+00
0.000000000000000000e+00
0.000000000000000000e+00
0.000000000000000000e+00
0.000000000000000000e+00
0.000000000000000000e+00
0.000000000000000000e+00
0.000000000000000000e+00
0.000000000000000000e+00
0.000000000000000000e+00
0.000000000000000000e+00
0.000000000000000000e+00
0.000000000000000000e+00
0.000000000000000000e+00
0.000000000000000000e+00
0.000000000000000000e+00
0.000000000000000000e+00
0.000000000000000000e+00
0.000000000000000000e+00
0.000000000000000000e+00
0.000000000000000000e+00
0.000000000000000000e+00
0.000000000000000000e+00
0.000000000000000000e+00
0.000000000000000000e+00
