1.000000000000000000e+00
0.000000000000000000e+00
1.754340376661767675e-01
3.516045398573882652e-01
4.904111444443629009e-01
5.709403932295826767e-01
5.039809447780936313e-01
7.361444552123714846e-01
8.814158809472810718e-01
1.000000000000000000e+00
5.196979560740948578e-01
5.667432120754036795e-01
4.744844033275260053e-01
4.086783276122736841e-01
4.907875201208755644e-01
5.419522969091837838e-01
4.573311413925936764e-01
3.981332016086109871e-01
4.615587297676637668e-01
6.634660456359866565e-01
7.698162962157586442e-01
8.600273942601516231e-01
1.000000000000000000e+00
1.000000000000000000e+00
0.000000000000000000e+00
0.000000000000000000e+00
1.000000000000000000e+00
0.000000000000000000e+00
0.000000000000000000e+00
0.000000000000000000e+00
0.000000000000000000e+00
0.000000000000000000e+00
0.000000000000000000e+00
0.000000000000000000e+00
0.000000000000000000e+00
0.000000000000000000e+00
0.000000000000000000e+00
0.000000000000000000e+00
0.000000000000000000e+00
0.000000000000000000e+00
0.000000000000000000e+00
0.000000000000000000e+00
0.000000000000000000e+00
0.000000000000000000e+00
0.000000000000000000e+00
0.000000000000000000e+00
0.000000000000000000e+00
0.000000000000000000e+00
0.000000000000000000e+00
0.000000000000000000e+00
0.000000000000000000e+00
0.000000000000000000e+00
0.000000000000000000e+00
0.000000000000000000e+00
