-1.000000000000000000e+00
0.000000000000000000e+00
1.744478891384828312e-01
3.486774170662342853e-01
5.034751574242264383e-01
6.039300535944264192e-01
5.209365753579032754e-01
7.289964662919596883e-01
8.739194752224004326e-01
1.000000000000000000e+00
5.007097666467200670e-01
5.749161499670266684e-01
3.692570257239258802e-01
3.347674655969345436e-01
4.765244287133379997e-01
5.380748290598834638e-01
3.612659754481377106e-01
3.115262679551560887e-01
4.714566501526299969e-01
6.752028551298095982e-01
7.751840010723259899e-01
9.060607946650479638e-01
0.000000000000000000e+00
1.000000000000000000e+00
0.000000000000000000e+00
0.000000000000000000e+00
1.000000000000000000e+00
0.000000000000000000e+00
0.000000000000000000e+00
0.000000000000000000e+00
0.000000000000000000e+00
0.000000000000000000e+00
0.000000000000000000e+00
0.000000000000000000e+00
0.000000000000000000e+00
0.000000000000000000e+00
0.000000000000000000e+00
0.000000000000000000e+00
0.000000000000000000e+00
0.000000000000000000e+00
0.000000000000000000e+00
0.000000000000000000e+00
0.000000000000000000e+00
0.000000000000000000e+00
0.000000000000000000e+00
0.000000000000000000e+00
0.000000000000000000e+00
0.000000000000000000e+00
0.000000000000000000e+00
0.000000000000000000e+00
0.000000000000000000e+00
0.000000000000000000e+00
0.000000000000000000e+00
0.000000000000000000e+00
