-1.000000000000000000e+00
0.000000000000000000e+00
1.686896543189992381e-01
3.489831940307816516e-01
5.090816275197995733e-01
6.188270344919480914e-01
5.329242796629407586e-01
7.330660340127052033e-01
8.717035481883326220e-01
1.000000000000000000e+00
5.064104161085621891e-01
5.834017726110691804e-01
3.708653876654398607e-01
3.670128614489097663e-01
4.795519620701132468e-01
5.398641054525233907e-01
3.620066495103593240e-01
3.355920154354459783e-01
4.632046605703178388e-01
6.550437636725545687e-01
7.510372927157336065e-01
8.713712822327647212e-01
0.000000000000000000e+00
1.000000000000000000e+00
0.000000000000000000e+00
0.000000000000000000e+00
1.000000000000000000e+00
0.000000000000000000e+00
0.000000000000000000e+00
0.000000000000000000e+00
0.000000000000000000e+00
0.000000000000000000e+00
0.000000000000000000e+00
0.000000000000000000e+00
0.000000000000000000e+00
0.000000000000000000e+00
0.000000000000000000e+00
0.000000000000000000e+00
0.000000000000000000e+00
0.000000000000000000e+00
0.000000000000000000e+00
0.000000000000000000e+00
0.000000000000000000e+00
0.000000000000000000e+00
0.000000000000000000e+00
0.000000000000000000e+00
0.000000000000000000e+00
0.000000000000000000e+00
0.000000000000000000e+00
0.000000000000000000e+00
0.000000000000000000e+00
0.000000000000000000e+00
0.000000000000000000e+00
0.000000000000000000e+00
