-1.000000000000000000e+00
0.000000000000000000e+00
1.770959011133783345e-01
3.676697617581766719e-01
5.283195899733672540e-01
6.406927946010567698e-01
5.526110602478477851e-01
7.458633323848401497e-01
8.826494098731355598e-01
1.000000000000000000e+00
5.236873331821640942e-01
6.075241200945843412e-01
4.067437672463353748e-01
3.840254477982850134e-01
4.895434036406137168e-01
5.695338262575199151e-01
3.966374794288883843e-01
3.474178188176121895e-01
4.672979311353709364e-01
6.590411495116663687e-01
7.552826501053166997e-01
8.778984955412225677e-01
0.000000000000000000e+00
1.000000000000000000e+00
0.000000000000000000e+00
0.000000000000000000e+00
1.000000000000000000e+00
0.000000000000000000e+00
0.000000000000000000e+00
0.000000000000000000e+00
0.000000000000000000e+00
0.000000000000000000e+00
0.000000000000000000e+00
0.000000000000000000e+00
0.000000000000000000e+00
0.000000000000000000e+00
0.000000000000000000e+00
0.000000000000000000e+00
0.000000000000000000e+00
0.000000000000000000e+00
0.000000000000000000e+00
0.000000000000000000e+00
0.000000000000000000e+00
0.000000000000000000e+00
0.000000000000000000e+00
0.000000000000000000e+00
0.000000000000000000e+00
0.000000000000000000e+00
0.000000000000000000e+00
0.000000000000000000e+00
0.000000000000000000e+00
0.000000000000000000e+00
0.000000000000000000e+00
0.000000000000000000e+00
