-1.000000000000000000e+00
0.000000000000000000e+00
1.693874846964708580e-01
3.567759933247461324e-01
5.163404908095361456e-01
6.140105215305070585e-01
5.224911701696692834e-01
7.368856243463686173e-01
8.795663598818653783e-01
1.000000000000000000e+00
5.058081608414958241e-01
5.806365696724813397e-01
4.042882307624852123e-01
3.445060604273485483e-01
4.826055091195247670e-01
5.534091541503308731e-01
4.031315312830829889e-01
3.400675819789682475e-01
4.725609215243339878e-01
6.729530619594014107e-01
7.845949113889784110e-01
9.098619054279947216e-01
0.000000000000000000e+00
1.000000000000000000e+00
0.000000000000000000e+00
0.000000000000000000e+00
1.000000000000000000e+00
0.000000000000000000e+00
0.000000000000000000e+00
0.000000000000000000e+00
0.000000000000000000e+00
0.000000000000000000e+00
0.000000000000000000e+00
0.000000000000000000e+00
0.000000000000000000e+00
0.000000000000000000e+00
0.000000000000000000e+00
0.000000000000000000e+00
0.000000000000000000e+00
0.000000000000000000e+00
0.000000000000000000e+00
0.000000000000000000e+00
0.000000000000000000e+00
0.000000000000000000e+00
0.000000000000000000e+00
0.000000000000000000e+00
0.000000000000000000e+00
0.000000000000000000e+00
0.000000000000000000e+00
0.000000000000000000e+00
0.000000000000000000e+00
0.000000000000000000e+00
0.000000000000000000e+00
0.000000000000000000e+00
