-1.000000000000000000e+00
0.000000000000000000e+00
1.610053163783221331e-01
3.346509129045796560e-01
4.744174520219909263e-01
5.276346392795843165e-01
5.239133124871635516e-01
7.053070762062469967e-01
8.162591929841942484e-01
9.199773528668793166e-01
5.299634851977992334e-01
7.383767441053844527e-01
8.766174003314929353e-01
1.000000000000000000e+00
5.105204012063995211e-01
7.082260996949277798e-01
8.366453025255531362e-01
9.462923117198936973e-01
4.686851677491168933e-01
6.219256683029523725e-01
7.205225663955092674e-01
8.077540384134795914e-01
1.000000000000000000e+00
1.000000000000000000e+00
1.000000000000000000e+00
1.000000000000000000e+00
1.000000000000000000e+00
1.000000000000000000e+00
0.000000000000000000e+00
1.575145977786944484e-01
3.245611029872448872e-01
4.667724489890828776e-01
5.993849251927977351e-01
5.097767725533043359e-01
7.066799046317506772e-01
8.255481433769420452e-01
9.364715565763044314e-01
5.177813939321961323e-01
7.396579904633477920e-01
8.769759305143716155e-01
1.000000000000000000e+00
4.944928969101125005e-01
7.077672173834376190e-01
8.382374502077153400e-01
9.580533940903576129e-01
4.456867621080924380e-01
6.095115521385032764e-01
7.146012923803368722e-01
8.108096868184268002e-01
1.000000000000000000e+00
1.000000000000000000e+00
1.000000000000000000e+00
1.000000000000000000e+00
1.000000000000000000e+00
