-1.000000000000000000e+00
0.000000000000000000e+00
1.645344145032076599e-01
3.201857386047533560e-01
4.567464872564390710e-01
5.704784414817214433e-01
5.066411100011198876e-01
6.955498724336233174e-01
8.089440221741555082e-01
9.186840279817164445e-01
5.131712120864162507e-01
7.325549264321318255e-01
8.732263134665108062e-01
1.000000000000000000e+00
4.914918565067250000e-01
6.952717756376792790e-01
8.296482795184634274e-01
9.458243970156825497e-01
4.534754739418719316e-01
6.107314164909413146e-01
7.178704228300024637e-01
8.167135714726249107e-01
0.000000000000000000e+00
1.000000000000000000e+00
1.000000000000000000e+00
1.000000000000000000e+00
1.000000000000000000e+00
1.000000000000000000e+00
0.000000000000000000e+00
1.535541142236723222e-01
3.132056792404606105e-01
4.584912041291826501e-01
5.968173934969633887e-01
5.130643878144145464e-01
7.044626046680179110e-01
8.216437404647853882e-01
9.331369661915973612e-01
5.226030637280878466e-01
7.419681959698805063e-01
8.720008840496602520e-01
1.000000000000000000e+00
5.010209505689727782e-01
7.020696429373373126e-01
8.274995571567139718e-01
9.457293607947282466e-01
4.593655815791145014e-01
6.150693614885116567e-01
7.185945061059763050e-01
8.187412099829324275e-01
1.000000000000000000e+00
1.000000000000000000e+00
1.000000000000000000e+00
1.000000000000000000e+00
1.000000000000000000e+00
