-1.000000000000000000e+00
0.000000000000000000e+00
1.644914042076966454e-01
3.409574067307280520e-01
4.789861820886683885e-01
5.330053640681479132e-01
5.191040594500030414e-01
7.037117871114818568e-01
8.181668301252235098e-01
9.266472968864452042e-01
5.232029638481571210e-01
7.362870315326746073e-01
8.760608107388929700e-01
1.000000000000000000e+00
4.975797430461993964e-01
6.962453620207392779e-01
8.258570481857236967e-01
9.393712945969453498e-01
4.541312165755969077e-01
6.099311135066171063e-01
7.150594139633349444e-01
8.146654423307914117e-01
1.000000000000000000e+00
1.000000000000000000e+00
1.000000000000000000e+00
1.000000000000000000e+00
1.000000000000000000e+00
1.000000000000000000e+00
0.000000000000000000e+00
1.565915580363587412e-01
3.164739188939618142e-01
4.621612287807287389e-01
6.036434179063158156e-01
5.098052891580253654e-01
7.004177593873823771e-01
8.158306454831284471e-01
9.261466407909956233e-01
5.184927046231212477e-01
7.368620256706599481e-01
8.706090007800914021e-01
1.000000000000000000e+00
4.967108970301783999e-01
6.984610169871233731e-01
8.253768933166961697e-01
9.454270829009080446e-01
4.540858829378618400e-01
6.108971280178768781e-01
7.135369150786897707e-01
8.138288658265945275e-01
1.000000000000000000e+00
1.000000000000000000e+00
1.000000000000000000e+00
1.000000000000000000e+00
1.000000000000000000e+00
