-1.000000000000000000e+00
0.000000000000000000e+00
1.527012973894002756e-01
2.991711762360431126e-01
4.187195523010147080e-01
5.251719765005324891e-01
4.956593002815583016e-01
6.843396022849267402e-01
8.028436931285105604e-01
9.163299369999378108e-01
5.017575530162559083e-01
7.213760904991665113e-01
8.676109710156054700e-01
1.000000000000000000e+00
4.833218045694077092e-01
6.885214949169449206e-01
8.293502058649900865e-01
9.529996944591289099e-01
4.507676459044987483e-01
6.121132480880207005e-01
7.222875271046531598e-01
8.236249636021685250e-01
0.000000000000000000e+00
1.000000000000000000e+00
1.000000000000000000e+00
1.000000000000000000e+00
1.000000000000000000e+00
1.000000000000000000e+00
0.000000000000000000e+00
1.473258646992522958e-01
2.984849686422715309e-01
4.332040573144935736e-01
5.710257874518261945e-01
4.961233853904718494e-01
6.994060260306177446e-01
8.218127148683549432e-01
9.333667628837526431e-01
5.057352597210679201e-01
7.350997678171583560e-01
8.734796247009577463e-01
1.000000000000000000e+00
4.877469436853349993e-01
6.993615257604828273e-01
8.301655937918142047e-01
9.507984625954502000e-01
4.532643588373918564e-01
6.113386865058859643e-01
7.150749208604070262e-01
8.125152348851688577e-01
1.000000000000000000e+00
1.000000000000000000e+00
1.000000000000000000e+00
1.000000000000000000e+00
1.000000000000000000e+00
