1.000000000000000000e+00
0.000000000000000000e+00
1.928524160457266157e-01
3.707254289280570436e-01
5.044464726491622031e-01
6.060841838907365942e-01
4.763861441312510214e-01
6.801630781368198653e-01
8.138306727008937091e-01
9.243567748203999068e-01
4.741837478144933504e-01
7.214967170333711488e-01
8.751970990432317299e-01
1.000000000000000000e+00
4.493220290863532140e-01
6.973898057686450658e-01
8.424418446671815275e-01
9.604611911372926691e-01
4.124632619825497892e-01
5.810862907613684181e-01
6.894489620261531337e-01
7.842248395664699334e-01
0.000000000000000000e+00
1.000000000000000000e+00
1.000000000000000000e+00
1.000000000000000000e+00
1.000000000000000000e+00
1.000000000000000000e+00
0.000000000000000000e+00
2.069561876712847637e-01
3.813545162845722869e-01
5.149546657575665431e-01
6.142746228966223798e-01
4.724909986537123574e-01
6.804125737162151077e-01
8.122164931355632111e-01
9.235795027519508871e-01
4.665052245894292793e-01
7.193198960551168142e-01
8.723560844920122959e-01
1.000000000000000000e+00
4.314334497735460849e-01
6.933628583770450327e-01
8.435583732792868439e-01
9.609509392422508345e-01
3.858934684910451107e-01
5.588325705085659401e-01
6.762774631569149486e-01
7.786025586935486631e-01
1.000000000000000000e+00
1.000000000000000000e+00
1.000000000000000000e+00
1.000000000000000000e+00
1.000000000000000000e+00
