1.000000000000000000e+00
0.000000000000000000e+00
1.274448658610884688e-01
2.738774556634241963e-01
3.774205785817152936e-01
4.530334296261179228e-01
4.707128618303454415e-01
6.852071549700170516e-01
8.155627918149663813e-01
9.105928116044216258e-01
4.813989829944543830e-01
7.313479915113073604e-01
8.843584135364976895e-01
1.000000000000000000e+00
4.694296907788628181e-01
7.078240544073109985e-01
8.502642454777757930e-01
9.588161046759543504e-01
4.398796120540103827e-01
6.081573275972910197e-01
7.133077992070742113e-01
8.022856135363513053e-01
1.000000000000000000e+00
1.000000000000000000e+00
1.000000000000000000e+00
1.000000000000000000e+00
1.000000000000000000e+00
1.000000000000000000e+00
0.000000000000000000e+00
1.497353986727672781e-01
2.792298972376576205e-01
3.728097056635430451e-01
4.383610334653332830e-01
4.531798684283017686e-01
6.804433656875101821e-01
8.117986812627140392e-01
9.164338968335111746e-01
4.599624084451489625e-01
7.225172615525197184e-01
8.764493064588831928e-01
1.000000000000000000e+00
4.416034001053446012e-01
6.868715400966953766e-01
8.339261494139278419e-01
9.506230465127758489e-01
4.144733072553050124e-01
5.932189155440793504e-01
7.004047134653194062e-01
7.949525650613997740e-01
1.000000000000000000e+00
1.000000000000000000e+00
1.000000000000000000e+00
1.000000000000000000e+00
1.000000000000000000e+00
