1.000000000000000000e+00
0.000000000000000000e+00
1.734976423039582549e-01
3.402342692542042468e-01
4.755311891756185405e-01
5.727898137981418669e-01
4.927558681989280265e-01
7.145950830223984918e-01
8.450124200448386746e-01
9.443213149350235813e-01
4.863082920869127856e-01
7.377065623674826655e-01
8.888565678157063221e-01
1.000000000000000000e+00
4.537117834814699546e-01
6.795325156091911456e-01
8.155063386579056717e-01
9.199500773033245649e-01
4.092611582806292003e-01
5.674311043070913163e-01
6.666677920848528283e-01
7.541313938100221437e-01
1.000000000000000000e+00
1.000000000000000000e+00
1.000000000000000000e+00
1.000000000000000000e+00
1.000000000000000000e+00
-1.000000000000000000e+00
0.000000000000000000e+00
1.805412535155883069e-01
3.367798012840013122e-01
4.760293211035788730e-01
5.884083273476591325e-01
5.112324274631832033e-01
7.272051356146786993e-01
8.611150716229429847e-01
9.741754109693208097e-01
5.050652142036201608e-01
7.359989546830266738e-01
8.832631867340469123e-01
1.000000000000000000e+00
4.697566636800640794e-01
6.795488209802313939e-01
8.136095433392773746e-01
9.254580671366976485e-01
4.210441894628202952e-01
5.665270295622023555e-01
6.659707380211041805e-01
7.540719075827061468e-01
0.000000000000000000e+00
1.000000000000000000e+00
1.000000000000000000e+00
1.000000000000000000e+00
1.000000000000000000e+00
