-1.000000000000000000e+00
0.000000000000000000e+00
1.688832310773932810e-01
3.509517719936398050e-01
4.972078434858690499e-01
6.032131246422057780e-01
5.223992149048121147e-01
7.230644135003666539e-01
8.465954482261057734e-01
9.540690711272185043e-01
5.298759846810666696e-01
7.511914126360988986e-01
8.885067149130827513e-01
1.000000000000000000e+00
5.048548476299290488e-01
7.134761146144044108e-01
8.441764816306611685e-01
9.513014796526244599e-01
4.540456274846755291e-01
6.049562794159943913e-01
7.093832298533998548e-01
8.029856221265712080e-01
0.000000000000000000e+00
1.000000000000000000e+00
1.000000000000000000e+00
1.000000000000000000e+00
1.000000000000000000e+00
1.000000000000000000e+00
0.000000000000000000e+00
1.716261943212153973e-01
3.417610800261323134e-01
4.754486526199080965e-01
5.810481338269583018e-01
5.079032464159565219e-01
7.095478488444738607e-01
8.300699799346609176e-01
9.326837675384583859e-01
5.263656167326329349e-01
7.521904647309947123e-01
8.869443816385076396e-01
1.000000000000000000e+00
5.159123300815866564e-01
7.260877461302283065e-01
8.554969664750569081e-01
9.661622954893777093e-01
4.849346862694769444e-01
6.511894243422585715e-01
7.626111504138879393e-01
8.649987613280909482e-01
1.000000000000000000e+00
1.000000000000000000e+00
1.000000000000000000e+00
1.000000000000000000e+00
1.000000000000000000e+00
