-1.000000000000000000e+00
0.000000000000000000e+00
1.675841699423284703e-01
3.460414188441112704e-01
4.923556560841695351e-01
6.000437872126632710e-01
5.177841154592676132e-01
7.164654734063797825e-01
8.418156496884834361e-01
9.541121082425970679e-01
5.259068488995309876e-01
7.483625519480922028e-01
8.860501661918835925e-01
1.000000000000000000e+00
4.997757587033297977e-01
7.012301009144934483e-01
8.348668354868601371e-01
9.482074427809418227e-01
4.480328151972018946e-01
6.014581197433216397e-01
7.066073887006074639e-01
8.040028969593375763e-01
0.000000000000000000e+00
1.000000000000000000e+00
1.000000000000000000e+00
1.000000000000000000e+00
1.000000000000000000e+00
1.000000000000000000e+00
0.000000000000000000e+00
1.670270660897808512e-01
3.430839826904562573e-01
4.809522244261596469e-01
5.873849378601062599e-01
5.070664960821662515e-01
7.080709968303666724e-01
8.300473485548760522e-01
9.351324153638891357e-01
5.263355557825026843e-01
7.497653326621520620e-01
8.854625000629761100e-01
1.000000000000000000e+00
5.156704488229465477e-01
7.288512602795069739e-01
8.520726821879827106e-01
9.591137923581206648e-01
4.828394256018295749e-01
6.462821196268910828e-01
7.550594120504343643e-01
8.579422801398031151e-01
1.000000000000000000e+00
1.000000000000000000e+00
1.000000000000000000e+00
1.000000000000000000e+00
1.000000000000000000e+00
