-1.000000000000000000e+00
0.000000000000000000e+00
1.483231537745534068e-01
3.000774846299021359e-01
4.353788722775195352e-01
5.480849855245769620e-01
4.558714472366725556e-01
6.697978441389327298e-01
8.056132053630443712e-01
9.163175508309876482e-01
4.699782518842346435e-01
7.162666307103046082e-01
8.770458769342801553e-01
1.000000000000000000e+00
4.485828661529101535e-01
6.867256949126893106e-01
8.368384001895255997e-01
9.441832484995934527e-01
4.035930896994079364e-01
5.784150693480483163e-01
6.964928459350435697e-01
7.903086740231427543e-01
0.000000000000000000e+00
1.000000000000000000e+00
1.000000000000000000e+00
1.000000000000000000e+00
1.000000000000000000e+00
1.000000000000000000e+00
0.000000000000000000e+00
1.626318448235014591e-01
3.319858253697789419e-01
4.642126923193283239e-01
5.658548425706425578e-01
4.907376385987505807e-01
6.931091521261040223e-01
8.185578822193323445e-01
9.231038837538336761e-01
5.103815013332935191e-01
7.458806063058537328e-01
8.873564661971538037e-01
1.000000000000000000e+00
4.973488626750656172e-01
7.220419467574458183e-01
8.536224321342090748e-01
9.619952851858054599e-01
4.651348223275352800e-01
6.355474714231352795e-01
7.475232112878917867e-01
8.474428326832759151e-01
1.000000000000000000e+00
1.000000000000000000e+00
1.000000000000000000e+00
1.000000000000000000e+00
1.000000000000000000e+00
