-1.000000000000000000e+00
0.000000000000000000e+00
1.724133932972256866e-01
3.511366271920065563e-01
4.986537527949006510e-01
6.060528524386596949e-01
5.199579180230771147e-01
7.233049281559482679e-01
8.471595599172818680e-01
9.557365258180959833e-01
5.278298343804725956e-01
7.483517577260484499e-01
8.872465331506613762e-01
1.000000000000000000e+00
5.017392864611582848e-01
7.078486537117703037e-01
8.385547221359410663e-01
9.475842184947893543e-01
4.475581502758791963e-01
5.974252080426472045e-01
7.007122406883312671e-01
7.938763149768297556e-01
0.000000000000000000e+00
1.000000000000000000e+00
1.000000000000000000e+00
1.000000000000000000e+00
1.000000000000000000e+00
1.000000000000000000e+00
0.000000000000000000e+00
1.601005886555144642e-01
3.314014393163927652e-01
4.651906301325416937e-01
5.669045946192753371e-01
5.120820815693459815e-01
7.066200903729584759e-01
8.224090214248246378e-01
9.205498510969378767e-01
5.331137013706412908e-01
7.559406525069201077e-01
8.877937907389400474e-01
1.000000000000000000e+00
5.240465398134233066e-01
7.367478624875392068e-01
8.595313186445474596e-01
9.650865596810732638e-01
4.906128997857829299e-01
6.525388597496412091e-01
7.604091058971488293e-01
8.597208214163857276e-01
1.000000000000000000e+00
1.000000000000000000e+00
1.000000000000000000e+00
1.000000000000000000e+00
1.000000000000000000e+00
