-1.000000000000000000e+00
0.000000000000000000e+00
1.693481447172710541e-01
3.528568552064701991e-01
4.993657272366511246e-01
6.027345441209821519e-01
5.245968269055881761e-01
7.276944044095631225e-01
8.512815182188930851e-01
9.575917413589892790e-01
5.331337762743133535e-01
7.546346888771553463e-01
8.901993115317513583e-01
1.000000000000000000e+00
5.092421949181628049e-01
7.146605729554827979e-01
8.406043770264136628e-01
9.451951698630487453e-01
4.571729134371093628e-01
6.063672699784227182e-01
7.050846940901019932e-01
7.938485665562812210e-01
0.000000000000000000e+00
1.000000000000000000e+00
1.000000000000000000e+00
1.000000000000000000e+00
1.000000000000000000e+00
1.000000000000000000e+00
0.000000000000000000e+00
1.633675934664911844e-01
3.368404090695289455e-01
4.681201928152418645e-01
5.679965891096941943e-01
5.077860227468891097e-01
7.005577078404156000e-01
8.194225758528179693e-01
9.207226289160022059e-01
5.318519215849106807e-01
7.553997774132047427e-01
8.874730485645001554e-01
1.000000000000000000e+00
5.261612751037173519e-01
7.406582752852935991e-01
8.670614588923277744e-01
9.737484449952371612e-01
4.962140557287938458e-01
6.638901051553802724e-01
7.728319867889573702e-01
8.693595535445067801e-01
1.000000000000000000e+00
1.000000000000000000e+00
1.000000000000000000e+00
1.000000000000000000e+00
1.000000000000000000e+00
