-1.000000000000000000e+00
0.000000000000000000e+00
1.907663396150664492e-01
3.906504240091606128e-01
5.750116406075302944e-01
6.943490855450624721e-01
5.099388936719990717e-01
6.283344416187222059e-01
4.743479292434425454e-01
4.340026080216834448e-01
5.102441786155406112e-01
6.100491196675558170e-01
4.004094703554572643e-01
4.131369291444947356e-01
5.129194366748753842e-01
6.225856320427067825e-01
4.185961768789080439e-01
3.503436471610614222e-01
5.359477478625533919e-01
7.424464702794552062e-01
8.585678198966425478e-01
1.000000000000000000e+00
0.000000000000000000e+00
0.000000000000000000e+00
0.000000000000000000e+00
0.000000000000000000e+00
1.000000000000000000e+00
0.000000000000000000e+00
0.000000000000000000e+00
0.000000000000000000e+00
0.000000000000000000e+00
0.000000000000000000e+00
0.000000000000000000e+00
0.000000000000000000e+00
0.000000000000000000e+00
0.000000000000000000e+00
0.000000000000000000e+00
0.000000000000000000e+00
0.000000000000000000e+00
0.000000000000000000e+00
0.000000000000000000e+00
0.000000000000000000e+00
0.000000000000000000e+00
0.000000000000000000e+00
0.000000000000000000e+00
0.000000000000000000e+00
0.000000000000000000e+00
0.000000000000000000e+00
0.000000000000000000e+00
0.000000000000000000e+00
0.000000000000000000e+00
0.000000000000000000e+00
0.000000000000000000e+00
0.000000000000000000e+00
