-1.000000000000000000e+00
0.000000000000000000e+00
1.934533426708542891e-01
3.971783361532374990e-01
5.715410829427671757e-01
6.357097390948742710e-01
5.097300807043908533e-01
6.286229587768298321e-01
4.767478856938779930e-01
4.369629552616876023e-01
5.083047265260726144e-01
6.064101179614999060e-01
4.103080602847309355e-01
4.150823465652152544e-01
5.120974786900810427e-01
6.147857967462190265e-01
4.157227919366833224e-01
3.501961071149842231e-01
5.367930025961176188e-01
7.410161472103651281e-01
8.575707351162176195e-01
1.000000000000000000e+00
1.000000000000000000e+00
0.000000000000000000e+00
0.000000000000000000e+00
0.000000000000000000e+00
1.000000000000000000e+00
0.000000000000000000e+00
0.000000000000000000e+00
0.000000000000000000e+00
0.000000000000000000e+00
0.000000000000000000e+00
0.000000000000000000e+00
0.000000000000000000e+00
0.000000000000000000e+00
0.000000000000000000e+00
0.000000000000000000e+00
0.000000000000000000e+00
0.000000000000000000e+00
0.000000000000000000e+00
0.000000000000000000e+00
0.000000000000000000e+00
0.000000000000000000e+00
0.000000000000000000e+00
0.000000000000000000e+00
0.000000000000000000e+00
0.000000000000000000e+00
0.000000000000000000e+00
0.000000000000000000e+00
0.000000000000000000e+00
0.000000000000000000e+00
0.000000000000000000e+00
0.000000000000000000e+00
0.000000000000000000e+00
