-1.000000000000000000e+00
0.000000000000000000e+00
1.924649299166462657e-01
4.002560357000201074e-01
5.747366225017026542e-01
6.233951982144145809e-01
5.222825675313367277e-01
6.394852994443500638e-01
4.799758402639672239e-01
4.483631627408508069e-01
5.173690837134303777e-01
6.156226361564464122e-01
4.134403071648429795e-01
4.305522991171760738e-01
5.150113069063250171e-01
6.201804915949917785e-01
4.155674163612621541e-01
3.538510142582509399e-01
5.357998545231922316e-01
7.420358547128544924e-01
8.567297672560322264e-01
1.000000000000000000e+00
1.000000000000000000e+00
0.000000000000000000e+00
0.000000000000000000e+00
0.000000000000000000e+00
1.000000000000000000e+00
0.000000000000000000e+00
0.000000000000000000e+00
0.000000000000000000e+00
0.000000000000000000e+00
0.000000000000000000e+00
0.000000000000000000e+00
0.000000000000000000e+00
0.000000000000000000e+00
0.000000000000000000e+00
0.000000000000000000e+00
0.000000000000000000e+00
0.000000000000000000e+00
0.000000000000000000e+00
0.000000000000000000e+00
0.000000000000000000e+00
0.000000000000000000e+00
0.000000000000000000e+00
0.000000000000000000e+00
0.000000000000000000e+00
0.000000000000000000e+00
0.000000000000000000e+00
0.000000000000000000e+00
0.000000000000000000e+00
0.000000000000000000e+00
0.000000000000000000e+00
0.000000000000000000e+00
0.000000000000000000e+00
