-1.000000000000000000e+00
0.000000000000000000e+00
1.922359239528215469e-01
3.955491896524520046e-01
5.641908258858551184e-01
6.104333299287116876e-01
5.278983149363049021e-01
6.502626048531019443e-01
4.899681115894399808e-01
4.365295971815366660e-01
5.261850876427103252e-01
6.289638914802687664e-01
4.353001781994493280e-01
4.158471131662146436e-01
5.182335491661786975e-01
6.132720709911467782e-01
4.237677201619888256e-01
3.581386017965179080e-01
5.285787044424834491e-01
7.390290003582031808e-01
8.576031397819936508e-01
1.000000000000000000e+00
1.000000000000000000e+00
0.000000000000000000e+00
0.000000000000000000e+00
0.000000000000000000e+00
1.000000000000000000e+00
0.000000000000000000e+00
0.000000000000000000e+00
0.000000000000000000e+00
0.000000000000000000e+00
0.000000000000000000e+00
0.000000000000000000e+00
0.000000000000000000e+00
0.000000000000000000e+00
0.000000000000000000e+00
0.000000000000000000e+00
0.000000000000000000e+00
0.000000000000000000e+00
0.000000000000000000e+00
0.000000000000000000e+00
0.000000000000000000e+00
0.000000000000000000e+00
0.000000000000000000e+00
0.000000000000000000e+00
0.000000000000000000e+00
0.000000000000000000e+00
0.000000000000000000e+00
0.000000000000000000e+00
0.000000000000000000e+00
0.000000000000000000e+00
0.000000000000000000e+00
0.000000000000000000e+00
0.000000000000000000e+00
