1.000000000000000000e+00
0.000000000000000000e+00
1.952417902253467674e-01
3.843252203566058234e-01
5.391237179827111925e-01
6.452900111346746570e-01
6.071526103727857837e-01
7.243435459477929328e-01
6.310265948134179403e-01
5.444009446221284021e-01
5.725794270242441364e-01
6.920049800657157579e-01
5.691698225085792817e-01
4.680704335950593986e-01
5.166578440545788187e-01
6.525344812209569190e-01
5.035488243675079190e-01
3.838820579925817933e-01
4.370214719468095699e-01
6.791964356049695617e-01
8.401151995885270951e-01
1.000000000000000000e+00
0.000000000000000000e+00
0.000000000000000000e+00
0.000000000000000000e+00
0.000000000000000000e+00
1.000000000000000000e+00
0.000000000000000000e+00
0.000000000000000000e+00
0.000000000000000000e+00
0.000000000000000000e+00
0.000000000000000000e+00
0.000000000000000000e+00
0.000000000000000000e+00
0.000000000000000000e+00
0.000000000000000000e+00
0.000000000000000000e+00
0.000000000000000000e+00
0.000000000000000000e+00
0.000000000000000000e+00
0.000000000000000000e+00
0.000000000000000000e+00
0.000000000000000000e+00
0.000000000000000000e+00
0.000000000000000000e+00
0.000000000000000000e+00
0.000000000000000000e+00
0.000000000000000000e+00
0.000000000000000000e+00
0.000000000000000000e+00
0.000000000000000000e+00
0.000000000000000000e+00
0.000000000000000000e+00
0.000000000000000000e+00
