1.000000000000000000e+00
0.000000000000000000e+00
1.976191631574857055e-01
4.184110240566198957e-01
6.042197912971012386e-01
6.999700918298827901e-01
5.406130718782292677e-01
7.057663980754463884e-01
6.152026532207224285e-01
5.317410085485571036e-01
5.083483391282894726e-01
6.820279826393856881e-01
5.861385340257716514e-01
5.122140864927999804e-01
4.723264006363295242e-01
6.561696516559161196e-01
5.728799770258533597e-01
4.841031048490724853e-01
4.542875759720317874e-01
7.073636138124747008e-01
8.649358640479504201e-01
1.000000000000000000e+00
0.000000000000000000e+00
0.000000000000000000e+00
0.000000000000000000e+00
0.000000000000000000e+00
1.000000000000000000e+00
0.000000000000000000e+00
0.000000000000000000e+00
0.000000000000000000e+00
0.000000000000000000e+00
0.000000000000000000e+00
0.000000000000000000e+00
0.000000000000000000e+00
0.000000000000000000e+00
0.000000000000000000e+00
0.000000000000000000e+00
0.000000000000000000e+00
0.000000000000000000e+00
0.000000000000000000e+00
0.000000000000000000e+00
0.000000000000000000e+00
0.000000000000000000e+00
0.000000000000000000e+00
0.000000000000000000e+00
0.000000000000000000e+00
0.000000000000000000e+00
0.000000000000000000e+00
0.000000000000000000e+00
0.000000000000000000e+00
0.000000000000000000e+00
0.000000000000000000e+00
0.000000000000000000e+00
0.000000000000000000e+00
