-1.000000000000000000e+00
0.000000000000000000e+00
9.253144007765791434e-02
1.556160430762874858e-01
1.670274229172615810e-01
2.401720096387803816e-01
4.313132121778314176e-01
6.145813525493839524e-01
7.376252931676960944e-01
8.500156898831946473e-01
4.547848003029254516e-01
7.057297833981817092e-01
8.673794883831739133e-01
1.000000000000000000e+00
4.197759534447071950e-01
6.362051267535482335e-01
7.760149132427763830e-01
8.910935785754896532e-01
3.460510116930454738e-01
3.823142912732678256e-01
3.020709774796475622e-01
2.159823911202096158e-01
1.000000000000000000e+00
1.000000000000000000e+00
1.000000000000000000e+00
1.000000000000000000e+00
0.000000000000000000e+00
0.000000000000000000e+00
0.000000000000000000e+00
0.000000000000000000e+00
0.000000000000000000e+00
0.000000000000000000e+00
0.000000000000000000e+00
0.000000000000000000e+00
0.000000000000000000e+00
0.000000000000000000e+00
0.000000000000000000e+00
0.000000000000000000e+00
0.000000000000000000e+00
0.000000000000000000e+00
0.000000000000000000e+00
0.000000000000000000e+00
0.000000000000000000e+00
0.000000000000000000e+00
0.000000000000000000e+00
0.000000000000000000e+00
0.000000000000000000e+00
0.000000000000000000e+00
0.000000000000000000e+00
0.000000000000000000e+00
0.000000000000000000e+00
0.000000000000000000e+00
0.000000000000000000e+00
0.000000000000000000e+00
