-1.000000000000000000e+00
0.000000000000000000e+00
8.373449525290224682e-02
1.533315011838166098e-01
1.785359425797224953e-01
2.707591079994130512e-01
4.505646771026001751e-01
6.545300308728377869e-01
7.856262355648891971e-01
9.015047906688693491e-01
4.726044829888658705e-01
7.115365521226705292e-01
8.683345706154742549e-01
1.000000000000000000e+00
4.407859126693353113e-01
6.444147976026383118e-01
8.021576181941590944e-01
9.388881119054588442e-01
3.650107573891402946e-01
3.670450588998732111e-01
2.682813366511254682e-01
1.768822361919240027e-01
1.000000000000000000e+00
1.000000000000000000e+00
1.000000000000000000e+00
1.000000000000000000e+00
0.000000000000000000e+00
0.000000000000000000e+00
0.000000000000000000e+00
0.000000000000000000e+00
0.000000000000000000e+00
0.000000000000000000e+00
0.000000000000000000e+00
0.000000000000000000e+00
0.000000000000000000e+00
0.000000000000000000e+00
0.000000000000000000e+00
0.000000000000000000e+00
0.000000000000000000e+00
0.000000000000000000e+00
0.000000000000000000e+00
0.000000000000000000e+00
0.000000000000000000e+00
0.000000000000000000e+00
0.000000000000000000e+00
0.000000000000000000e+00
0.000000000000000000e+00
0.000000000000000000e+00
0.000000000000000000e+00
0.000000000000000000e+00
0.000000000000000000e+00
0.000000000000000000e+00
0.000000000000000000e+00
0.000000000000000000e+00
