1.000000000000000000e+00
0.000000000000000000e+00
1.831402412305092875e-01
3.429355105020709393e-01
4.398164927136075097e-01
4.948619181738482253e-01
4.759073722761349989e-01
7.298028433136106718e-01
8.792837069217522838e-01
1.000000000000000000e+00
4.434521310786100345e-01
6.727393455925549937e-01
7.973986827304258007e-01
9.024494051518172633e-01
3.773180505183983957e-01
5.198076217307909808e-01
5.048350900899956084e-01
4.890679579629980123e-01
3.071657730147113186e-01
4.014049319918013281e-01
4.261886720153778563e-01
4.413401146679307163e-01
0.000000000000000000e+00
1.000000000000000000e+00
1.000000000000000000e+00
0.000000000000000000e+00
1.000000000000000000e+00
0.000000000000000000e+00
0.000000000000000000e+00
0.000000000000000000e+00
0.000000000000000000e+00
0.000000000000000000e+00
0.000000000000000000e+00
0.000000000000000000e+00
0.000000000000000000e+00
0.000000000000000000e+00
0.000000000000000000e+00
0.000000000000000000e+00
0.000000000000000000e+00
0.000000000000000000e+00
0.000000000000000000e+00
0.000000000000000000e+00
0.000000000000000000e+00
0.000000000000000000e+00
0.000000000000000000e+00
0.000000000000000000e+00
0.000000000000000000e+00
0.000000000000000000e+00
0.000000000000000000e+00
0.000000000000000000e+00
0.000000000000000000e+00
0.000000000000000000e+00
0.000000000000000000e+00
0.000000000000000000e+00
