-1.000000000000000000e+00
0.000000000000000000e+00
1.302130567712626863e-01
2.898007237186974727e-01
4.051942530197928383e-01
4.064160792818778956e-01
4.977654997494592171e-01
6.821121934910189255e-01
8.017868112363059074e-01
9.027800107720604927e-01
4.955290332652235175e-01
7.302001951439568428e-01
8.746906902746717227e-01
1.000000000000000000e+00
4.490966349665397317e-01
6.105476403776834982e-01
7.424792198880726390e-01
8.602676716510589960e-01
3.662943003250949681e-01
4.072570920477871503e-01
3.782595391879651214e-01
3.491912251174963400e-01
1.000000000000000000e+00
1.000000000000000000e+00
1.000000000000000000e+00
1.000000000000000000e+00
0.000000000000000000e+00
0.000000000000000000e+00
0.000000000000000000e+00
0.000000000000000000e+00
0.000000000000000000e+00
0.000000000000000000e+00
0.000000000000000000e+00
0.000000000000000000e+00
0.000000000000000000e+00
0.000000000000000000e+00
0.000000000000000000e+00
0.000000000000000000e+00
0.000000000000000000e+00
0.000000000000000000e+00
0.000000000000000000e+00
0.000000000000000000e+00
0.000000000000000000e+00
0.000000000000000000e+00
0.000000000000000000e+00
0.000000000000000000e+00
0.000000000000000000e+00
0.000000000000000000e+00
0.000000000000000000e+00
0.000000000000000000e+00
0.000000000000000000e+00
0.000000000000000000e+00
0.000000000000000000e+00
0.000000000000000000e+00
