-1.000000000000000000e+00
0.000000000000000000e+00
1.029945939320296017e-01
2.023461716330868243e-01
2.540377618884551714e-01
3.555176501351742790e-01
4.848390260326748136e-01
6.777187981382515325e-01
8.018777890427023491e-01
9.168424133303779699e-01
5.032406392866611844e-01
7.326259310858065366e-01
8.764515872804106156e-01
1.000000000000000000e+00
4.722410010239794231e-01
6.789303410174964970e-01
8.244293097274845161e-01
9.507107837633025360e-01
3.953929535540546825e-01
4.354316032274062609e-01
3.339971698737155825e-01
2.370682730197930799e-01
1.000000000000000000e+00
1.000000000000000000e+00
1.000000000000000000e+00
1.000000000000000000e+00
0.000000000000000000e+00
0.000000000000000000e+00
0.000000000000000000e+00
0.000000000000000000e+00
0.000000000000000000e+00
0.000000000000000000e+00
0.000000000000000000e+00
0.000000000000000000e+00
0.000000000000000000e+00
0.000000000000000000e+00
0.000000000000000000e+00
0.000000000000000000e+00
0.000000000000000000e+00
0.000000000000000000e+00
0.000000000000000000e+00
0.000000000000000000e+00
0.000000000000000000e+00
0.000000000000000000e+00
0.000000000000000000e+00
0.000000000000000000e+00
0.000000000000000000e+00
0.000000000000000000e+00
0.000000000000000000e+00
0.000000000000000000e+00
0.000000000000000000e+00
0.000000000000000000e+00
0.000000000000000000e+00
0.000000000000000000e+00
