-1.000000000000000000e+00
0.000000000000000000e+00
7.732522364327634734e-02
1.544535153095545899e-01
2.128999289376300730e-01
3.203041527095759622e-01
4.614310957746742270e-01
6.604658856801803868e-01
7.883245378309082785e-01
9.086241373196832782e-01
4.835874189827265579e-01
7.218547807020889717e-01
8.704450577706237535e-01
1.000000000000000000e+00
4.493768907621311648e-01
6.501413801858649810e-01
7.919858870102339798e-01
9.181547638618844376e-01
3.729836049575045998e-01
4.074227605683390374e-01
3.239152287023688292e-01
2.398608599799062768e-01
1.000000000000000000e+00
1.000000000000000000e+00
1.000000000000000000e+00
1.000000000000000000e+00
0.000000000000000000e+00
0.000000000000000000e+00
0.000000000000000000e+00
0.000000000000000000e+00
0.000000000000000000e+00
0.000000000000000000e+00
0.000000000000000000e+00
0.000000000000000000e+00
0.000000000000000000e+00
0.000000000000000000e+00
0.000000000000000000e+00
0.000000000000000000e+00
0.000000000000000000e+00
0.000000000000000000e+00
0.000000000000000000e+00
0.000000000000000000e+00
0.000000000000000000e+00
0.000000000000000000e+00
0.000000000000000000e+00
0.000000000000000000e+00
0.000000000000000000e+00
0.000000000000000000e+00
0.000000000000000000e+00
0.000000000000000000e+00
0.000000000000000000e+00
0.000000000000000000e+00
0.000000000000000000e+00
0.000000000000000000e+00
