-1.000000000000000000e+00
0.000000000000000000e+00
1.207587396790274076e-01
2.632022866339789879e-01
3.403967222906923995e-01
4.276955817192313880e-01
5.178521440484142868e-01
7.064959550542114775e-01
8.312353805530766637e-01
9.420525664228771578e-01
5.223931670232916380e-01
7.501348852409840395e-01
8.862017991611674805e-01
1.000000000000000000e+00
4.785102685444720949e-01
6.553312660130659051e-01
8.028761066821558101e-01
9.364265640801014978e-01
4.029958155971629097e-01
4.226944843152066200e-01
3.592119241669026186e-01
3.114343128954101814e-01
1.000000000000000000e+00
1.000000000000000000e+00
1.000000000000000000e+00
1.000000000000000000e+00
0.000000000000000000e+00
0.000000000000000000e+00
0.000000000000000000e+00
0.000000000000000000e+00
0.000000000000000000e+00
0.000000000000000000e+00
0.000000000000000000e+00
0.000000000000000000e+00
0.000000000000000000e+00
0.000000000000000000e+00
0.000000000000000000e+00
0.000000000000000000e+00
0.000000000000000000e+00
0.000000000000000000e+00
0.000000000000000000e+00
0.000000000000000000e+00
0.000000000000000000e+00
0.000000000000000000e+00
0.000000000000000000e+00
0.000000000000000000e+00
0.000000000000000000e+00
0.000000000000000000e+00
0.000000000000000000e+00
0.000000000000000000e+00
0.000000000000000000e+00
0.000000000000000000e+00
0.000000000000000000e+00
0.000000000000000000e+00
