-1.000000000000000000e+00
2.666370868682861328e-01
3.473080992698669434e-01
4.153254032135009766e-01
3.998589217662811279e-01
3.462105095386505127e-01
4.244921505451202393e-01
4.954227507114410400e-01
5.332913994789123535e-01
5.625415444374084473e-01
3.761087954044342041e-01
4.263239800930023193e-01
4.536176621913909912e-01
4.711498022079467773e-01
3.218326568603515625e-01
3.386881649494171143e-01
3.502656817436218262e-01
3.580845892429351807e-01
2.619424760341644287e-01
2.285889685153961182e-01
2.030322700738906860e-01
1.811289787292480469e-01
8.847244381904602051e-01
8.557931780815124512e-01
7.810997962951660156e-01
6.908007860183715820e-01
6.574022173881530762e-01
6.292353868484497070e-01
5.349011421203613281e-01
4.708869457244873047e-01
4.122973084449768066e-01
5.846338272094726562e-01
4.635312557220458984e-01
3.762644231319427490e-01
3.003586232662200928e-01
5.794282555580139160e-01
4.568386673927307129e-01
3.698849678039550781e-01
2.949357926845550537e-01
6.044238209724426270e-01
5.121322274208068848e-01
4.521123170852661133e-01
3.942821025848388672e-01
1.000000000000000000e+00
1.000000000000000000e+00
1.000000000000000000e+00
1.000000000000000000e+00
1.000000000000000000e+00
0.000000000000000000e+00
0.000000000000000000e+00
0.000000000000000000e+00
0.000000000000000000e+00
0.000000000000000000e+00
0.000000000000000000e+00
0.000000000000000000e+00
0.000000000000000000e+00
0.000000000000000000e+00
0.000000000000000000e+00
0.000000000000000000e+00
0.000000000000000000e+00
0.000000000000000000e+00
0.000000000000000000e+00
0.000000000000000000e+00
0.000000000000000000e+00
0.000000000000000000e+00
0.000000000000000000e+00
0.000000000000000000e+00
0.000000000000000000e+00
0.000000000000000000e+00
0.000000000000000000e+00
0.000000000000000000e+00
0.000000000000000000e+00
0.000000000000000000e+00
0.000000000000000000e+00
0.000000000000000000e+00
0.000000000000000000e+00
0.000000000000000000e+00
0.000000000000000000e+00
0.000000000000000000e+00
0.000000000000000000e+00
0.000000000000000000e+00
0.000000000000000000e+00
0.000000000000000000e+00
0.000000000000000000e+00
0.000000000000000000e+00
0.000000000000000000e+00
0.000000000000000000e+00
0.000000000000000000e+00
0.000000000000000000e+00
0.000000000000000000e+00
0.000000000000000000e+00
0.000000000000000000e+00
0.000000000000000000e+00
0.000000000000000000e+00
0.000000000000000000e+00
0.000000000000000000e+00
