-1.000000000000000000e+00
2.153124213218688965e-01
2.887389063835144043e-01
3.367294669151306152e-01
3.025177717208862305e-01
2.405512183904647827e-01
3.033933937549591064e-01
3.425308763980865479e-01
3.604621887207031250e-01
3.698416352272033691e-01
2.395308911800384521e-01
2.537828087806701660e-01
2.563987672328948975e-01
2.515657246112823486e-01
1.819117218255996704e-01
1.592283844947814941e-01
1.428700387477874756e-01
1.288625597953796387e-01
1.275355219841003418e-01
6.475459039211273193e-02
1.917967200279235840e-02
-2.008412778377532959e-02
9.189838171005249023e-01
8.521200418472290039e-01
7.488150596618652344e-01
6.674847006797790527e-01
6.640139818191528320e-01
5.961593985557556152e-01
4.631390869617462158e-01
3.810402154922485352e-01
3.103552460670471191e-01
5.736471414566040039e-01
4.206896424293518066e-01
3.199896216392517090e-01
2.433907091617584229e-01
5.969542860984802246e-01
4.559035003185272217e-01
3.599727153778076172e-01
2.850486934185028076e-01
6.560933589935302734e-01
5.730216503143310547e-01
5.222758054733276367e-01
4.796323776245117188e-01
1.000000000000000000e+00
1.000000000000000000e+00
1.000000000000000000e+00
1.000000000000000000e+00
1.000000000000000000e+00
0.000000000000000000e+00
0.000000000000000000e+00
0.000000000000000000e+00
0.000000000000000000e+00
0.000000000000000000e+00
0.000000000000000000e+00
0.000000000000000000e+00
0.000000000000000000e+00
0.000000000000000000e+00
0.000000000000000000e+00
0.000000000000000000e+00
0.000000000000000000e+00
0.000000000000000000e+00
0.000000000000000000e+00
0.000000000000000000e+00
0.000000000000000000e+00
0.000000000000000000e+00
0.000000000000000000e+00
0.000000000000000000e+00
0.000000000000000000e+00
0.000000000000000000e+00
0.000000000000000000e+00
0.000000000000000000e+00
0.000000000000000000e+00
0.000000000000000000e+00
0.000000000000000000e+00
0.000000000000000000e+00
0.000000000000000000e+00
0.000000000000000000e+00
0.000000000000000000e+00
0.000000000000000000e+00
0.000000000000000000e+00
0.000000000000000000e+00
0.000000000000000000e+00
0.000000000000000000e+00
0.000000000000000000e+00
0.000000000000000000e+00
0.000000000000000000e+00
0.000000000000000000e+00
0.000000000000000000e+00
0.000000000000000000e+00
0.000000000000000000e+00
0.000000000000000000e+00
0.000000000000000000e+00
0.000000000000000000e+00
0.000000000000000000e+00
0.000000000000000000e+00
0.000000000000000000e+00
