-1.000000000000000000e+00
1.697767972946166992e-01
2.588132321834564209e-01
3.300334215164184570e-01
2.962549924850463867e-01
2.295499444007873535e-01
2.991423606872558594e-01
3.335032165050506592e-01
3.501526117324829102e-01
3.627566695213317871e-01
2.322172224521636963e-01
2.493424415588378906e-01
2.540140748023986816e-01
2.563834190368652344e-01
1.672372668981552124e-01
1.697380840778350830e-01
1.715801656246185303e-01
1.738024353981018066e-01
9.781549125909805298e-02
6.647367775440216064e-02
4.552266001701354980e-02
2.931602299213409424e-02
9.175158739089965820e-01
8.577726483345031738e-01
7.422535419464111328e-01
6.394379734992980957e-01
6.126098632812500000e-01
5.469335317611694336e-01
4.080904126167297363e-01
3.169121444225311279e-01
2.323076426982879639e-01
5.215936303138732910e-01
3.628181517124176025e-01
2.519446909427642822e-01
1.532840132713317871e-01
5.394709110260009766e-01
3.851856589317321777e-01
2.743034660816192627e-01
1.758266389369964600e-01
5.885884761810302734e-01
4.697645604610443115e-01
3.859181404113769531e-01
3.028332889080047607e-01
1.000000000000000000e+00
1.000000000000000000e+00
1.000000000000000000e+00
1.000000000000000000e+00
1.000000000000000000e+00
0.000000000000000000e+00
0.000000000000000000e+00
0.000000000000000000e+00
0.000000000000000000e+00
0.000000000000000000e+00
0.000000000000000000e+00
0.000000000000000000e+00
0.000000000000000000e+00
0.000000000000000000e+00
0.000000000000000000e+00
0.000000000000000000e+00
0.000000000000000000e+00
0.000000000000000000e+00
0.000000000000000000e+00
0.000000000000000000e+00
0.000000000000000000e+00
0.000000000000000000e+00
0.000000000000000000e+00
0.000000000000000000e+00
0.000000000000000000e+00
0.000000000000000000e+00
0.000000000000000000e+00
0.000000000000000000e+00
0.000000000000000000e+00
0.000000000000000000e+00
0.000000000000000000e+00
0.000000000000000000e+00
0.000000000000000000e+00
0.000000000000000000e+00
0.000000000000000000e+00
0.000000000000000000e+00
0.000000000000000000e+00
0.000000000000000000e+00
0.000000000000000000e+00
0.000000000000000000e+00
0.000000000000000000e+00
0.000000000000000000e+00
0.000000000000000000e+00
0.000000000000000000e+00
0.000000000000000000e+00
0.000000000000000000e+00
0.000000000000000000e+00
0.000000000000000000e+00
0.000000000000000000e+00
0.000000000000000000e+00
0.000000000000000000e+00
0.000000000000000000e+00
0.000000000000000000e+00
