-1.000000000000000000e+00
1.513311713933944702e-01
2.346583008766174316e-01
3.070653378963470459e-01
2.810755372047424316e-01
2.180623561143875122e-01
2.830120027065277100e-01
3.250513672828674316e-01
3.427692055702209473e-01
3.553401529788970947e-01
2.196412533521652222e-01
2.424084991216659546e-01
2.499867081642150879e-01
2.521069645881652832e-01
1.596075445413589478e-01
1.625577062368392944e-01
1.640971451997756958e-01
1.658524721860885620e-01
9.623729437589645386e-02
6.255155801773071289e-02
4.049609601497650146e-02
2.339744567871093750e-02
9.342663288116455078e-01
8.776690959930419922e-01
7.786207795143127441e-01
6.804851293563842773e-01
6.540001630783081055e-01
5.958707332611083984e-01
4.599888920783996582e-01
3.765340447425842285e-01
3.014965653419494629e-01
5.669910907745361328e-01
4.093461632728576660e-01
3.089519739151000977e-01
2.261259257793426514e-01
5.785657763481140137e-01
4.284777045249938965e-01
3.307949900627136230e-01
2.506300210952758789e-01
6.209547519683837891e-01
5.086436271667480469e-01
4.334130883216857910e-01
3.650098741054534912e-01
1.000000000000000000e+00
1.000000000000000000e+00
1.000000000000000000e+00
1.000000000000000000e+00
1.000000000000000000e+00
0.000000000000000000e+00
0.000000000000000000e+00
0.000000000000000000e+00
0.000000000000000000e+00
0.000000000000000000e+00
0.000000000000000000e+00
0.000000000000000000e+00
0.000000000000000000e+00
0.000000000000000000e+00
0.000000000000000000e+00
0.000000000000000000e+00
0.000000000000000000e+00
0.000000000000000000e+00
0.000000000000000000e+00
0.000000000000000000e+00
0.000000000000000000e+00
0.000000000000000000e+00
0.000000000000000000e+00
0.000000000000000000e+00
0.000000000000000000e+00
0.000000000000000000e+00
0.000000000000000000e+00
0.000000000000000000e+00
0.000000000000000000e+00
0.000000000000000000e+00
0.000000000000000000e+00
0.000000000000000000e+00
0.000000000000000000e+00
0.000000000000000000e+00
0.000000000000000000e+00
0.000000000000000000e+00
0.000000000000000000e+00
0.000000000000000000e+00
0.000000000000000000e+00
0.000000000000000000e+00
0.000000000000000000e+00
0.000000000000000000e+00
0.000000000000000000e+00
0.000000000000000000e+00
0.000000000000000000e+00
0.000000000000000000e+00
0.000000000000000000e+00
0.000000000000000000e+00
0.000000000000000000e+00
0.000000000000000000e+00
0.000000000000000000e+00
0.000000000000000000e+00
0.000000000000000000e+00
