-1.000000000000000000e+00
1.552617102861404419e-01
2.408819049596786499e-01
3.110066056251525879e-01
2.789252996444702148e-01
2.161650508642196655e-01
2.848624587059020996e-01
3.239591717720031738e-01
3.419734835624694824e-01
3.551967740058898926e-01
2.202179878950119019e-01
2.404427677392959595e-01
2.471296042203903198e-01
2.500219047069549561e-01
1.585840880870819092e-01
1.619195640087127686e-01
1.649469733238220215e-01
1.681053638458251953e-01
9.370590001344680786e-02
6.274895370006561279e-02
4.291898012161254883e-02
2.722415328025817871e-02
9.286850094795227051e-01
8.717016577720642090e-01
7.724728584289550781e-01
6.781376600265502930e-01
6.520408391952514648e-01
5.922980308532714844e-01
4.606753885746002197e-01
3.749322593212127686e-01
2.979708015918731689e-01
5.648158192634582520e-01
4.106831848621368408e-01
3.072481453418731689e-01
2.202320396900177002e-01
5.764224529266357422e-01
4.299169778823852539e-01
3.323619067668914795e-01
2.516159415245056152e-01
6.187967061996459961e-01
5.075507164001464844e-01
4.319202303886413574e-01
3.621771335601806641e-01
1.000000000000000000e+00
1.000000000000000000e+00
1.000000000000000000e+00
1.000000000000000000e+00
1.000000000000000000e+00
0.000000000000000000e+00
0.000000000000000000e+00
0.000000000000000000e+00
0.000000000000000000e+00
0.000000000000000000e+00
0.000000000000000000e+00
0.000000000000000000e+00
0.000000000000000000e+00
0.000000000000000000e+00
0.000000000000000000e+00
0.000000000000000000e+00
0.000000000000000000e+00
0.000000000000000000e+00
0.000000000000000000e+00
0.000000000000000000e+00
0.000000000000000000e+00
0.000000000000000000e+00
0.000000000000000000e+00
0.000000000000000000e+00
0.000000000000000000e+00
0.000000000000000000e+00
0.000000000000000000e+00
0.000000000000000000e+00
0.000000000000000000e+00
0.000000000000000000e+00
0.000000000000000000e+00
0.000000000000000000e+00
0.000000000000000000e+00
0.000000000000000000e+00
0.000000000000000000e+00
0.000000000000000000e+00
0.000000000000000000e+00
0.000000000000000000e+00
0.000000000000000000e+00
0.000000000000000000e+00
0.000000000000000000e+00
0.000000000000000000e+00
0.000000000000000000e+00
0.000000000000000000e+00
0.000000000000000000e+00
0.000000000000000000e+00
0.000000000000000000e+00
0.000000000000000000e+00
0.000000000000000000e+00
0.000000000000000000e+00
0.000000000000000000e+00
0.000000000000000000e+00
0.000000000000000000e+00
