1.000000000000000000e+00
0.000000000000000000e+00
2.282688726339513752e-01
4.598127002729921475e-01
6.611642883250763436e-01
8.256086929257201446e-01
5.499999470283397640e-01
7.344079832635809213e-01
8.441873678839535433e-01
9.449863281803617676e-01
4.994620279897398762e-01
7.251934568509932344e-01
8.673043144205891952e-01
1.000000000000000000e+00
4.234131731668347443e-01
5.050965479445583828e-01
3.788292668319073742e-01
3.084631230207821040e-01
3.599209439268130084e-01
4.210754139562211673e-01
3.231608564087330437e-01
2.644698937196147681e-01
1.000000000000000000e+00
1.000000000000000000e+00
1.000000000000000000e+00
0.000000000000000000e+00
1.000000000000000000e+00
0.000000000000000000e+00
0.000000000000000000e+00
0.000000000000000000e+00
0.000000000000000000e+00
0.000000000000000000e+00
0.000000000000000000e+00
0.000000000000000000e+00
0.000000000000000000e+00
0.000000000000000000e+00
0.000000000000000000e+00
0.000000000000000000e+00
0.000000000000000000e+00
0.000000000000000000e+00
0.000000000000000000e+00
0.000000000000000000e+00
0.000000000000000000e+00
0.000000000000000000e+00
0.000000000000000000e+00
0.000000000000000000e+00
0.000000000000000000e+00
0.000000000000000000e+00
0.000000000000000000e+00
0.000000000000000000e+00
0.000000000000000000e+00
0.000000000000000000e+00
0.000000000000000000e+00
0.000000000000000000e+00
