1.000000000000000000e+00
0.000000000000000000e+00
2.345830985006397973e-01
4.698236807475580368e-01
6.747272756557237683e-01
8.420414771072166626e-01
5.602322457933011091e-01
7.457190105345271602e-01
8.580935049918176905e-01
9.599825185923075432e-01
5.065590978279488343e-01
7.227588516805217855e-01
8.668297966416382838e-01
1.000000000000000000e+00
4.257707418404424460e-01
5.099513021151935721e-01
3.779172383800454282e-01
3.079357707880402972e-01
3.602718485355686506e-01
4.236723576497950505e-01
3.216748269261033855e-01
2.617101044042687841e-01
1.000000000000000000e+00
1.000000000000000000e+00
1.000000000000000000e+00
0.000000000000000000e+00
1.000000000000000000e+00
0.000000000000000000e+00
0.000000000000000000e+00
0.000000000000000000e+00
0.000000000000000000e+00
0.000000000000000000e+00
0.000000000000000000e+00
0.000000000000000000e+00
0.000000000000000000e+00
0.000000000000000000e+00
0.000000000000000000e+00
0.000000000000000000e+00
0.000000000000000000e+00
0.000000000000000000e+00
0.000000000000000000e+00
0.000000000000000000e+00
0.000000000000000000e+00
0.000000000000000000e+00
0.000000000000000000e+00
0.000000000000000000e+00
0.000000000000000000e+00
0.000000000000000000e+00
0.000000000000000000e+00
0.000000000000000000e+00
0.000000000000000000e+00
0.000000000000000000e+00
0.000000000000000000e+00
0.000000000000000000e+00
