1.000000000000000000e+00
0.000000000000000000e+00
2.476572332237038099e-01
4.871234690805621992e-01
6.919706299275619754e-01
8.596594781060058477e-01
5.783599682273020681e-01
7.505360385572158455e-01
8.561482041508140517e-01
9.527226311218357502e-01
5.262511154366691368e-01
7.304946290482237092e-01
8.693864776509570014e-01
1.000000000000000000e+00
4.446063806683758224e-01
5.136883085951912120e-01
3.903326568988827461e-01
3.266564911742187993e-01
3.747788103088629530e-01
4.252699384616216993e-01
3.357883872702774886e-01
2.852325709919934504e-01
1.000000000000000000e+00
1.000000000000000000e+00
1.000000000000000000e+00
0.000000000000000000e+00
1.000000000000000000e+00
0.000000000000000000e+00
0.000000000000000000e+00
0.000000000000000000e+00
0.000000000000000000e+00
0.000000000000000000e+00
0.000000000000000000e+00
0.000000000000000000e+00
0.000000000000000000e+00
0.000000000000000000e+00
0.000000000000000000e+00
0.000000000000000000e+00
0.000000000000000000e+00
0.000000000000000000e+00
0.000000000000000000e+00
0.000000000000000000e+00
0.000000000000000000e+00
0.000000000000000000e+00
0.000000000000000000e+00
0.000000000000000000e+00
0.000000000000000000e+00
0.000000000000000000e+00
0.000000000000000000e+00
0.000000000000000000e+00
0.000000000000000000e+00
0.000000000000000000e+00
0.000000000000000000e+00
0.000000000000000000e+00
