1.000000000000000000e+00
0.000000000000000000e+00
2.495229885567647188e-01
4.979309584413411649e-01
7.024409339852579759e-01
8.639455833124781714e-01
5.891239599716349140e-01
7.637169543626251000e-01
8.683163246654130862e-01
9.602034441352734762e-01
5.291757483394611272e-01
7.390248399294437887e-01
8.764753331965488004e-01
1.000000000000000000e+00
4.406748768413096817e-01
5.095586085710434032e-01
4.001169522245933141e-01
3.344898047895868420e-01
3.632460642701135223e-01
4.141161514606631622e-01
3.316544915388557890e-01
2.782251586161074708e-01
1.000000000000000000e+00
1.000000000000000000e+00
1.000000000000000000e+00
0.000000000000000000e+00
0.000000000000000000e+00
0.000000000000000000e+00
0.000000000000000000e+00
0.000000000000000000e+00
0.000000000000000000e+00
0.000000000000000000e+00
0.000000000000000000e+00
0.000000000000000000e+00
0.000000000000000000e+00
0.000000000000000000e+00
0.000000000000000000e+00
0.000000000000000000e+00
0.000000000000000000e+00
0.000000000000000000e+00
0.000000000000000000e+00
0.000000000000000000e+00
0.000000000000000000e+00
0.000000000000000000e+00
0.000000000000000000e+00
0.000000000000000000e+00
0.000000000000000000e+00
0.000000000000000000e+00
0.000000000000000000e+00
0.000000000000000000e+00
0.000000000000000000e+00
0.000000000000000000e+00
0.000000000000000000e+00
0.000000000000000000e+00
