1.000000000000000000e+00
0.000000000000000000e+00
2.878736723343557347e-01
5.499422681701024995e-01
7.669340774414354911e-01
9.393728346590254352e-01
5.950171546246126875e-01
7.598264226062549920e-01
8.595545322578956871e-01
9.531413696395475421e-01
5.393125428340225236e-01
7.448669589465145568e-01
8.804966859921415923e-01
1.000000000000000000e+00
4.679251555735350343e-01
5.750112441084175297e-01
4.225030637948714030e-01
3.270053944995649498e-01
4.170978944484463047e-01
4.885370210512245959e-01
3.707255705129569590e-01
2.916482821897568578e-01
1.000000000000000000e+00
0.000000000000000000e+00
1.000000000000000000e+00
1.000000000000000000e+00
1.000000000000000000e+00
0.000000000000000000e+00
0.000000000000000000e+00
0.000000000000000000e+00
0.000000000000000000e+00
0.000000000000000000e+00
0.000000000000000000e+00
0.000000000000000000e+00
0.000000000000000000e+00
0.000000000000000000e+00
0.000000000000000000e+00
0.000000000000000000e+00
0.000000000000000000e+00
0.000000000000000000e+00
0.000000000000000000e+00
0.000000000000000000e+00
0.000000000000000000e+00
0.000000000000000000e+00
0.000000000000000000e+00
0.000000000000000000e+00
0.000000000000000000e+00
0.000000000000000000e+00
0.000000000000000000e+00
0.000000000000000000e+00
0.000000000000000000e+00
0.000000000000000000e+00
0.000000000000000000e+00
0.000000000000000000e+00
