1.000000000000000000e+00
0.000000000000000000e+00
2.828833509971703242e-01
5.421946818259678613e-01
7.548417862090275321e-01
9.279449880825946240e-01
5.849659449075236273e-01
7.474853624257721263e-01
8.470902313339732093e-01
9.430588543505871169e-01
5.305656456840476265e-01
7.385371878713572480e-01
8.754357863961221842e-01
1.000000000000000000e+00
4.600564036162393955e-01
5.686059246324749461e-01
4.100894569972473036e-01
3.143449129864750446e-01
4.109482348632364501e-01
4.849762410433270388e-01
3.609530526877897105e-01
2.806873427513680297e-01
1.000000000000000000e+00
0.000000000000000000e+00
1.000000000000000000e+00
1.000000000000000000e+00
1.000000000000000000e+00
0.000000000000000000e+00
0.000000000000000000e+00
0.000000000000000000e+00
0.000000000000000000e+00
0.000000000000000000e+00
0.000000000000000000e+00
0.000000000000000000e+00
0.000000000000000000e+00
0.000000000000000000e+00
0.000000000000000000e+00
0.000000000000000000e+00
0.000000000000000000e+00
0.000000000000000000e+00
0.000000000000000000e+00
0.000000000000000000e+00
0.000000000000000000e+00
0.000000000000000000e+00
0.000000000000000000e+00
0.000000000000000000e+00
0.000000000000000000e+00
0.000000000000000000e+00
0.000000000000000000e+00
0.000000000000000000e+00
0.000000000000000000e+00
0.000000000000000000e+00
0.000000000000000000e+00
0.000000000000000000e+00
