1.000000000000000000e+00
0.000000000000000000e+00
2.501570675509938169e-01
4.927135391394130148e-01
7.063143178537439892e-01
8.767900891742443914e-01
5.793549675997732296e-01
7.521558148945792777e-01
8.574835723919753683e-01
9.540714759284792956e-01
5.274536330419412611e-01
7.367627009106575420e-01
8.739846904820343099e-01
1.000000000000000000e+00
4.498070460431099482e-01
5.256829255554025249e-01
4.007766872517163903e-01
3.340384116914164037e-01
3.866253155745738579e-01
4.487108392980159177e-01
3.599033391545419236e-01
3.069282388658748362e-01
1.000000000000000000e+00
1.000000000000000000e+00
1.000000000000000000e+00
0.000000000000000000e+00
1.000000000000000000e+00
0.000000000000000000e+00
0.000000000000000000e+00
0.000000000000000000e+00
0.000000000000000000e+00
0.000000000000000000e+00
0.000000000000000000e+00
0.000000000000000000e+00
0.000000000000000000e+00
0.000000000000000000e+00
0.000000000000000000e+00
0.000000000000000000e+00
0.000000000000000000e+00
0.000000000000000000e+00
0.000000000000000000e+00
0.000000000000000000e+00
0.000000000000000000e+00
0.000000000000000000e+00
0.000000000000000000e+00
0.000000000000000000e+00
0.000000000000000000e+00
0.000000000000000000e+00
0.000000000000000000e+00
0.000000000000000000e+00
0.000000000000000000e+00
0.000000000000000000e+00
0.000000000000000000e+00
0.000000000000000000e+00
