1.000000000000000000e+00
0.000000000000000000e+00
2.532645697465111811e-01
5.021176412123445898e-01
7.136759674900612360e-01
8.778058154472122565e-01
5.816087464175410116e-01
7.561970068398111700e-01
8.606752169518330220e-01
9.561013551362447238e-01
5.298339786670918095e-01
7.363973810331911896e-01
8.743137987291238478e-01
1.000000000000000000e+00
4.516776522275759986e-01
5.353656579657424253e-01
4.129076398960218053e-01
3.414544116427277731e-01
3.860493202064158580e-01
4.530149413318191320e-01
3.628871375753865425e-01
3.034935217984411904e-01
1.000000000000000000e+00
1.000000000000000000e+00
1.000000000000000000e+00
0.000000000000000000e+00
1.000000000000000000e+00
0.000000000000000000e+00
0.000000000000000000e+00
0.000000000000000000e+00
0.000000000000000000e+00
0.000000000000000000e+00
0.000000000000000000e+00
0.000000000000000000e+00
0.000000000000000000e+00
0.000000000000000000e+00
0.000000000000000000e+00
0.000000000000000000e+00
0.000000000000000000e+00
0.000000000000000000e+00
0.000000000000000000e+00
0.000000000000000000e+00
0.000000000000000000e+00
0.000000000000000000e+00
0.000000000000000000e+00
0.000000000000000000e+00
0.000000000000000000e+00
0.000000000000000000e+00
0.000000000000000000e+00
0.000000000000000000e+00
0.000000000000000000e+00
0.000000000000000000e+00
0.000000000000000000e+00
0.000000000000000000e+00
