-1.000000000000000000e+00
0.000000000000000000e+00
1.006354620710906977e-01
2.009700155820169087e-01
2.438601327085259396e-01
3.275416529419427070e-01
4.823735680337074561e-01
6.822282904034542295e-01
8.132940454416419662e-01
9.222539332850919758e-01
4.847261518968785654e-01
7.145975611999266786e-01
8.648535336702750653e-01
1.000000000000000000e+00
4.347548463783665884e-01
4.734516307711428285e-01
3.342148331688628016e-01
2.517447879051705750e-01
3.634461971001851643e-01
3.519720018759369684e-01
2.523618770003360767e-01
1.931820059259870825e-01
1.000000000000000000e+00
1.000000000000000000e+00
1.000000000000000000e+00
0.000000000000000000e+00
0.000000000000000000e+00
1.000000000000000000e+00
0.000000000000000000e+00
1.526909131549844534e-01
3.078377948916140583e-01
4.365513207469088330e-01
5.409566058705672642e-01
4.967009097827715935e-01
6.946889641836699880e-01
8.166758809214669235e-01
9.242854606984282073e-01
5.161862694111343242e-01
7.374793588115238219e-01
8.788678989477340942e-01
1.000000000000000000e+00
5.023483167215516687e-01
7.042751675115692667e-01
8.303213293357449842e-01
9.425921303313200550e-01
4.669243366240684590e-01
6.219224232220709192e-01
7.238562302526043712e-01
8.215115616130144183e-01
1.000000000000000000e+00
1.000000000000000000e+00
1.000000000000000000e+00
1.000000000000000000e+00
1.000000000000000000e+00
