-1.000000000000000000e+00
0.000000000000000000e+00
1.010975210983472150e-01
2.070076182824482358e-01
2.579366229287293200e-01
3.369617227291282213e-01
4.783787842638608234e-01
6.858132473859310796e-01
8.141765010397838953e-01
9.233277815787833687e-01
4.807560676291194324e-01
7.137723401107965993e-01
8.647796662845526061e-01
1.000000000000000000e+00
4.332846915681340949e-01
4.883492696639534225e-01
3.724860157578645525e-01
2.972655314740738630e-01
3.642735234354107510e-01
3.565368789333608901e-01
2.668302306449276684e-01
2.102073302501893948e-01
1.000000000000000000e+00
1.000000000000000000e+00
1.000000000000000000e+00
0.000000000000000000e+00
0.000000000000000000e+00
1.000000000000000000e+00
0.000000000000000000e+00
1.548656491340745789e-01
3.155477902407708979e-01
4.488261125266986840e-01
5.503896981980086478e-01
4.972497337120514449e-01
7.008489343727805077e-01
8.256392524317206494e-01
9.324122043575528984e-01
5.155064397425822564e-01
7.459589744957918489e-01
8.849435520638834207e-01
1.000000000000000000e+00
4.983843094320311029e-01
7.141109196983452811e-01
8.420275866263899900e-01
9.509232747866425139e-01
4.549035916510049127e-01
6.240998445026401109e-01
7.306920301727106715e-01
8.243159769699888173e-01
1.000000000000000000e+00
1.000000000000000000e+00
1.000000000000000000e+00
1.000000000000000000e+00
1.000000000000000000e+00
