-1.000000000000000000e+00
0.000000000000000000e+00
1.114102625502585847e-01
2.380501967734381386e-01
3.035385480199300212e-01
3.715582557991642942e-01
5.007665883907100879e-01
6.939447659699861104e-01
8.186123387980136501e-01
9.252259756365817100e-01
5.039042002565760070e-01
7.339733270955323130e-01
8.755572215730245134e-01
1.000000000000000000e+00
4.551759847590792218e-01
5.045141130829419174e-01
3.789578714972530737e-01
3.004020116347140834e-01
3.874776505649363822e-01
3.880806930556030543e-01
2.936234404579302626e-01
2.354625490747900562e-01
1.000000000000000000e+00
1.000000000000000000e+00
1.000000000000000000e+00
0.000000000000000000e+00
0.000000000000000000e+00
1.000000000000000000e+00
0.000000000000000000e+00
1.668844469511872874e-01
3.087009668214607538e-01
4.364992859970943662e-01
5.434412034682234438e-01
4.786028722420246351e-01
6.742899080371430598e-01
8.087501041130469304e-01
9.209660782891782027e-01
4.956690723990537784e-01
7.257159825157777355e-01
8.759515619832158873e-01
1.000000000000000000e+00
4.837911100874423553e-01
6.918409166519524645e-01
8.264502884577271669e-01
9.438332675918388315e-01
4.545490243470829972e-01
5.834991590021839647e-01
6.562659552464653601e-01
7.289197362894499488e-01
1.000000000000000000e+00
1.000000000000000000e+00
1.000000000000000000e+00
1.000000000000000000e+00
1.000000000000000000e+00
