-1.000000000000000000e+00
0.000000000000000000e+00
1.172688713274235434e-01
2.439973998190779758e-01
2.915288558670817709e-01
3.513714655083045035e-01
4.865964167845006627e-01
6.938751294540714820e-01
8.272329756451651805e-01
9.361521488538288027e-01
4.748623655763328233e-01
7.072513109477126525e-01
8.653264238257490915e-01
1.000000000000000000e+00
4.149202263738140939e-01
4.714309764888873211e-01
3.350203618121440630e-01
2.517419637507086749e-01
3.363256518866468148e-01
3.718165051654291897e-01
2.763076504905482289e-01
2.147639693908390546e-01
1.000000000000000000e+00
1.000000000000000000e+00
1.000000000000000000e+00
0.000000000000000000e+00
0.000000000000000000e+00
1.000000000000000000e+00
0.000000000000000000e+00
1.514098313507779570e-01
3.102736145287405822e-01
4.347563716100499853e-01
5.324315545153603946e-01
4.963597698868980612e-01
6.885753865783541539e-01
8.101061015176898028e-01
9.158855835609853724e-01
5.126965415134829840e-01
7.372991183590748010e-01
8.791042804414528344e-01
1.000000000000000000e+00
4.946229783912781675e-01
7.084687304059711366e-01
8.374885832714290546e-01
9.503551572242812107e-01
4.520187229214779334e-01
6.101866801565515308e-01
7.100861625127810051e-01
7.989513491354562902e-01
1.000000000000000000e+00
1.000000000000000000e+00
1.000000000000000000e+00
1.000000000000000000e+00
1.000000000000000000e+00
