-1.000000000000000000e+00
0.000000000000000000e+00
1.153804552826157570e-01
2.345813344244467302e-01
2.938405281050853746e-01
3.639069564855537675e-01
5.025762872915474633e-01
7.068130057431177837e-01
8.302689910515319571e-01
9.319872826716469882e-01
4.993404177876975547e-01
7.316152119841653478e-01
8.781643298861386837e-01
1.000000000000000000e+00
4.484099591724830525e-01
5.000024248702582552e-01
3.930351423596056271e-01
3.191645265672342635e-01
3.769002292642407714e-01
3.719132490636630206e-01
2.882989593338289303e-01
2.307213093160942197e-01
1.000000000000000000e+00
1.000000000000000000e+00
1.000000000000000000e+00
0.000000000000000000e+00
0.000000000000000000e+00
1.000000000000000000e+00
0.000000000000000000e+00
1.573122182633877875e-01
3.008089695187585733e-01
4.310857327836467578e-01
5.478013504657940347e-01
4.750668107868195045e-01
6.811362506989883103e-01
8.102893344713483215e-01
9.251663964674965435e-01
5.009436293512765648e-01
7.261508913781008490e-01
8.730771682346690765e-01
1.000000000000000000e+00
4.934501568796865190e-01
7.070523612069216091e-01
8.453696796940015634e-01
9.653225530017326417e-01
4.685622474206395105e-01
6.244625713650534538e-01
7.196939711614812607e-01
8.087016327604769073e-01
1.000000000000000000e+00
1.000000000000000000e+00
1.000000000000000000e+00
1.000000000000000000e+00
1.000000000000000000e+00
