-1.000000000000000000e+00
0.000000000000000000e+00
1.116171609937896270e-01
2.352341087121183338e-01
2.853295738345891230e-01
3.459222909262746337e-01
5.057521218678370234e-01
7.009060656502384967e-01
8.255196884477226105e-01
9.292178720169701478e-01
5.055312983156009521e-01
7.317778739023005352e-01
8.745485278334262924e-01
1.000000000000000000e+00
4.531988983265669013e-01
5.108696627900072285e-01
3.844716157613868313e-01
3.004938961847048451e-01
3.759646561924160912e-01
3.787991758111822760e-01
2.890151956485395024e-01
2.287810484153095791e-01
1.000000000000000000e+00
1.000000000000000000e+00
1.000000000000000000e+00
0.000000000000000000e+00
0.000000000000000000e+00
1.000000000000000000e+00
0.000000000000000000e+00
1.694838649411084808e-01
3.459375008722358480e-01
4.795484447910473569e-01
5.787822025359040667e-01
5.047100602964741389e-01
7.008564717146480438e-01
8.270896584141929075e-01
9.346613877323037833e-01
5.148413110940263104e-01
7.497143170342980278e-01
8.892257708478056299e-01
1.000000000000000000e+00
4.942477341093708398e-01
7.118823249357715266e-01
8.487321673535969113e-01
9.639122470823697775e-01
4.502440537629677775e-01
6.057980970840780577e-01
7.062644920673464277e-01
7.957854559515178394e-01
1.000000000000000000e+00
1.000000000000000000e+00
1.000000000000000000e+00
1.000000000000000000e+00
1.000000000000000000e+00
