-1.000000000000000000e+00
0.000000000000000000e+00
1.186965384467935231e-01
2.527273145636607099e-01
3.132182171966937934e-01
3.802774140668077063e-01
5.212801056303087988e-01
7.175181014089279108e-01
8.427641869640191130e-01
9.451121416236549777e-01
5.204262439666896833e-01
7.494608117337643316e-01
8.868511255282577332e-01
1.000000000000000000e+00
4.719116957061200157e-01
5.128802830916574518e-01
3.831419470568978580e-01
3.042190181705063945e-01
4.022095990208066074e-01
3.937661416654948954e-01
2.961275267364547048e-01
2.359439585323638011e-01
1.000000000000000000e+00
1.000000000000000000e+00
1.000000000000000000e+00
0.000000000000000000e+00
0.000000000000000000e+00
1.000000000000000000e+00
0.000000000000000000e+00
1.653380128224382073e-01
3.285773355675228879e-01
4.652765497290811125e-01
5.669852363679425133e-01
4.935659276672117457e-01
6.888717151269276862e-01
8.149768397109268259e-01
9.258031445146677196e-01
5.169731603379515983e-01
7.431335850908955543e-01
8.812069408018539107e-01
1.000000000000000000e+00
5.079722610626403734e-01
7.216983083969160662e-01
8.541716886092723948e-01
9.674089284425614332e-01
4.755411356767333952e-01
6.412427340601173364e-01
7.540193165141405585e-01
8.581291832637819583e-01
1.000000000000000000e+00
1.000000000000000000e+00
1.000000000000000000e+00
1.000000000000000000e+00
1.000000000000000000e+00
