-1.000000000000000000e+00
0.000000000000000000e+00
1.062065768069534316e-01
2.041513758519138688e-01
2.436864699092985975e-01
3.168807551592244254e-01
4.756668618477565280e-01
6.849105727850058889e-01
8.170553229213967095e-01
9.257167570199623663e-01
4.731015414274511999e-01
7.104332830454723746e-01
8.630561260218905240e-01
1.000000000000000000e+00
4.173805393384660278e-01
4.617182312492923990e-01
3.370177295200991185e-01
2.595187415879779969e-01
3.388826368565985292e-01
3.430320981001095948e-01
2.608654185263170056e-01
2.089775491531358498e-01
1.000000000000000000e+00
1.000000000000000000e+00
1.000000000000000000e+00
0.000000000000000000e+00
0.000000000000000000e+00
1.000000000000000000e+00
0.000000000000000000e+00
1.532224924231206376e-01
3.061305415329387825e-01
4.351406533469866500e-01
5.386546310283885086e-01
4.951082081557480197e-01
6.940453894594785789e-01
8.186167910809646342e-01
9.271772695087830973e-01
5.135881416008351019e-01
7.387126427496609749e-01
8.811658636147664536e-01
1.000000000000000000e+00
4.967637286651502837e-01
7.012525559296479694e-01
8.267127938887814942e-01
9.350929974440275183e-01
4.562971529565432172e-01
6.103534638644125820e-01
7.106998309652303725e-01
8.034594106759387344e-01
1.000000000000000000e+00
1.000000000000000000e+00
1.000000000000000000e+00
1.000000000000000000e+00
1.000000000000000000e+00
