-1.000000000000000000e+00
0.000000000000000000e+00
1.677697269244237954e-01
3.386238991215062000e-01
4.470617587896965617e-01
4.297942571029756409e-01
5.346899453304277960e-01
7.371709735961358145e-01
8.580636848825476948e-01
9.572524908499500107e-01
5.169840378383429025e-01
7.439613760715906299e-01
8.912162326303494364e-01
1.000000000000000000e+00
4.635310759066177955e-01
5.244595716686512032e-01
4.478380748349496954e-01
3.857365360205263216e-01
3.808590592504730865e-01
3.902618564956232272e-01
3.571833650640704461e-01
3.279055339222335386e-01
1.000000000000000000e+00
1.000000000000000000e+00
1.000000000000000000e+00
0.000000000000000000e+00
0.000000000000000000e+00
1.000000000000000000e+00
0.000000000000000000e+00
1.543424589097289468e-01
3.209887230659642654e-01
4.430540723236723322e-01
5.240138723783651642e-01
5.225843908832049634e-01
7.049906913493823035e-01
8.218060977402414924e-01
9.198412806452580526e-01
5.321008150379471502e-01
7.530857406720186109e-01
8.891729271395849565e-01
1.000000000000000000e+00
5.054310598802583820e-01
7.197974063460756966e-01
8.523708658712834119e-01
9.670483217983886215e-01
4.443159811889257349e-01
5.935181900765750251e-01
7.084105303046468460e-01
8.157183770989711036e-01
1.000000000000000000e+00
1.000000000000000000e+00
1.000000000000000000e+00
1.000000000000000000e+00
1.000000000000000000e+00
