1.000000000000000000e+00
0.000000000000000000e+00
1.890571391968452475e-01
3.737633339987586067e-01
4.792296052799389638e-01
5.376389787808949494e-01
4.829022369333062503e-01
7.212864384909033477e-01
8.629383681454859678e-01
9.771640882914360837e-01
4.445787340961336875e-01
7.123327910960879361e-01
8.694460987564509580e-01
1.000000000000000000e+00
3.846630875511937719e-01
5.862705853105577569e-01
5.079117162020885257e-01
4.285124820581134308e-01
3.258076077445630769e-01
5.114187105553270607e-01
4.697834617600392670e-01
4.074847292847688651e-01
0.000000000000000000e+00
1.000000000000000000e+00
1.000000000000000000e+00
0.000000000000000000e+00
0.000000000000000000e+00
1.000000000000000000e+00
0.000000000000000000e+00
2.002505967283624566e-01
3.962358500214235857e-01
5.410402559241234144e-01
6.459707779396756111e-01
4.674289901870347652e-01
6.839889899028241960e-01
8.329785575855066515e-01
9.484687999158624150e-01
4.606084021458144440e-01
7.074585721573946051e-01
8.706589747363355780e-01
1.000000000000000000e+00
4.337564811193919123e-01
6.707301301521543246e-01
8.226435771656042117e-01
9.379341979582723754e-01
3.993794246807874648e-01
5.487816749133429539e-01
6.476945360448556066e-01
7.244523686496310289e-01
1.000000000000000000e+00
1.000000000000000000e+00
1.000000000000000000e+00
1.000000000000000000e+00
1.000000000000000000e+00
