1.000000000000000000e+00
0.000000000000000000e+00
2.107541202166596239e-01
3.823071577379806851e-01
4.853749543205267969e-01
5.391782166346542615e-01
4.757820419999337358e-01
7.253729553641525829e-01
8.697908700286017813e-01
9.817329036004267540e-01
4.438783391901121589e-01
7.210278185410605722e-01
8.816010700901741881e-01
1.000000000000000000e+00
4.021419311196475221e-01
6.022031591219600966e-01
5.465874960446701625e-01
4.773936167936211339e-01
3.642272727397852794e-01
5.006864179337178200e-01
4.586596925138670122e-01
4.040162051437041768e-01
0.000000000000000000e+00
1.000000000000000000e+00
1.000000000000000000e+00
0.000000000000000000e+00
0.000000000000000000e+00
-1.000000000000000000e+00
0.000000000000000000e+00
1.796056963824562147e-01
3.433328683976659135e-01
4.881456815432699825e-01
5.979281269589390435e-01
4.900666819721034018e-01
7.203870524238624728e-01
8.651646035039632920e-01
9.804599738029592393e-01
4.753556451788160664e-01
7.202145294309255652e-01
8.771787478291159790e-01
1.000000000000000000e+00
4.403820055280173729e-01
6.611997356593232178e-01
8.071274567757357188e-01
9.209563335236998771e-01
4.030691364242108277e-01
5.669925767497681068e-01
6.756098576632356689e-01
7.692154619226617696e-01
0.000000000000000000e+00
1.000000000000000000e+00
1.000000000000000000e+00
1.000000000000000000e+00
1.000000000000000000e+00
