-1.000000000000000000e+00
0.000000000000000000e+00
1.031833739105708775e-01
2.067901621268403711e-01
2.469521204057339714e-01
3.204678773654884294e-01
4.765075337556896051e-01
6.837954343374160748e-01
8.156324810963817562e-01
9.242373966736553426e-01
4.751580738550454375e-01
7.124828059072020325e-01
8.651724540964286225e-01
1.000000000000000000e+00
4.223154822997822189e-01
4.691935602585455278e-01
3.411356355195154788e-01
2.640906917735604820e-01
3.497817759008716720e-01
3.541749823441145417e-01
2.653653509219337514e-01
2.113133016767395900e-01
1.000000000000000000e+00
1.000000000000000000e+00
1.000000000000000000e+00
0.000000000000000000e+00
0.000000000000000000e+00
1.000000000000000000e+00
0.000000000000000000e+00
1.506093040442031961e-01
3.081903069097867709e-01
4.375840077622776270e-01
5.402769138558601858e-01
4.964819234797027137e-01
6.937540542402563792e-01
8.176713215239393984e-01
9.260252268450342994e-01
5.166776674198806374e-01
7.379648150839642762e-01
8.801081919080533389e-01
1.000000000000000000e+00
5.031315904758244528e-01
7.028894124280091749e-01
8.286913538784982380e-01
9.398592943923275156e-01
4.667617009397888594e-01
6.204431932102874026e-01
7.260935026125427960e-01
8.271014833453156356e-01
1.000000000000000000e+00
1.000000000000000000e+00
1.000000000000000000e+00
1.000000000000000000e+00
1.000000000000000000e+00
