-1.000000000000000000e+00
0.000000000000000000e+00
1.847538617349684664e-01
3.387015084553033351e-01
4.397131458467034015e-01
4.496958686471683730e-01
5.284741418792543444e-01
7.173317870699201793e-01
8.488417052630115034e-01
9.550266803307224661e-01
5.069913941473451757e-01
7.283041834047966345e-01
8.772957691506702016e-01
1.000000000000000000e+00
4.434294883515626506e-01
5.046930315608508799e-01
4.233986411769465330e-01
3.586623425869324699e-01
3.449514763074137402e-01
3.886372425997817182e-01
3.579255694243217434e-01
3.241955264616774302e-01
1.000000000000000000e+00
1.000000000000000000e+00
1.000000000000000000e+00
0.000000000000000000e+00
0.000000000000000000e+00
1.000000000000000000e+00
0.000000000000000000e+00
1.586851398326066809e-01
3.196585258690028408e-01
4.379629728504266239e-01
5.214599862739575098e-01
4.903075474570106618e-01
6.850899361581964664e-01
8.089194559885622970e-01
9.084331923463890845e-01
5.118821912791301498e-01
7.364869528288801037e-01
8.848455541248447798e-01
1.000000000000000000e+00
5.010979765268911423e-01
7.248010306412253634e-01
8.573888122854973481e-01
9.663310228142213409e-01
4.647330185898518318e-01
6.383388778700461730e-01
7.563484294647548900e-01
8.632104429779433596e-01
1.000000000000000000e+00
1.000000000000000000e+00
1.000000000000000000e+00
1.000000000000000000e+00
1.000000000000000000e+00
