-1.000000000000000000e+00
0.000000000000000000e+00
1.511921541069043418e-01
3.103440844469285143e-01
4.246474658260823709e-01
4.407055439428247401e-01
5.042537306753427373e-01
7.045312880784756482e-01
8.306228721812756177e-01
9.340187005241787910e-01
5.031831325593336679e-01
7.416944391198527775e-01
8.906084019699893606e-01
1.000000000000000000e+00
4.585668697017541429e-01
5.120691486156438987e-01
4.297623452284011769e-01
3.640577606139372979e-01
3.824331626913597959e-01
3.919458529107727185e-01
3.544182471317927630e-01
3.239278822593416041e-01
1.000000000000000000e+00
1.000000000000000000e+00
1.000000000000000000e+00
0.000000000000000000e+00
0.000000000000000000e+00
1.000000000000000000e+00
0.000000000000000000e+00
1.586437358646808071e-01
3.237368799339278569e-01
4.440685921247963241e-01
5.343950084117353727e-01
4.973289206575558508e-01
6.903541823087934182e-01
8.105133750038530094e-01
9.089086880892421894e-01
5.173303906547773723e-01
7.420303395170689820e-01
8.850554742117878737e-01
1.000000000000000000e+00
5.065925234516942544e-01
7.252345165210708489e-01
8.553868514290529079e-01
9.648739134363384373e-01
4.732961850240400281e-01
6.486209814551480157e-01
7.668494743753343501e-01
8.739494477272526929e-01
1.000000000000000000e+00
1.000000000000000000e+00
1.000000000000000000e+00
1.000000000000000000e+00
1.000000000000000000e+00
