-1.000000000000000000e+00
0.000000000000000000e+00
1.122592159258764821e-01
2.494899596027760624e-01
3.287868895789985979e-01
4.147039100041183257e-01
4.976578154741904680e-01
6.982319192160860721e-01
8.217757215397269999e-01
9.244430980767287531e-01
4.976870445644586693e-01
7.366956882778955551e-01
8.820201558429603406e-01
1.000000000000000000e+00
4.519737262757134721e-01
5.350117369192448624e-01
3.987199343239847260e-01
3.054358595534026888e-01
3.899965134409348333e-01
4.244192425162749971e-01
3.401189301724118486e-01
2.837866770016894136e-01
1.000000000000000000e+00
1.000000000000000000e+00
1.000000000000000000e+00
0.000000000000000000e+00
0.000000000000000000e+00
1.000000000000000000e+00
0.000000000000000000e+00
1.733429125861039033e-01
3.455390570566198583e-01
4.839244833627312503e-01
5.929587916188375774e-01
5.188990986162286267e-01
7.226693574041761492e-01
8.470283844426004238e-01
9.535791773845523345e-01
5.307056970568293508e-01
7.580021097483504722e-01
8.935689330497493810e-01
1.000000000000000000e+00
5.139519581394571546e-01
7.225899859740494424e-01
8.454706525038637732e-01
9.513404584338098768e-01
4.839701581086371385e-01
6.390639920016023545e-01
7.373160881337343930e-01
8.294967600475263714e-01
1.000000000000000000e+00
1.000000000000000000e+00
1.000000000000000000e+00
1.000000000000000000e+00
1.000000000000000000e+00
