-1.000000000000000000e+00
0.000000000000000000e+00
1.245653346073743312e-01
2.633721752345511424e-01
3.407134507135838875e-01
4.240136333798104618e-01
5.144661295359227449e-01
7.136830478460604033e-01
8.361425595863121174e-01
9.366084756833966685e-01
5.114232581323291393e-01
7.462416137538026017e-01
8.866572032472231912e-01
1.000000000000000000e+00
4.586539451242274135e-01
5.320644085394996559e-01
4.041954010800894448e-01
3.151086152311846633e-01
3.874361348621556123e-01
4.311410188832779933e-01
3.447317615649987399e-01
2.782093212705604168e-01
1.000000000000000000e+00
1.000000000000000000e+00
1.000000000000000000e+00
0.000000000000000000e+00
0.000000000000000000e+00
1.000000000000000000e+00
0.000000000000000000e+00
1.671269481222266429e-01
3.337767539829790131e-01
4.687925244165060956e-01
5.742710039819836076e-01
5.148061124635506802e-01
7.191479550368614637e-01
8.458950166258626391e-01
9.522931461503935102e-01
5.283157111437415399e-01
7.553865441379022938e-01
8.926923937149170429e-01
1.000000000000000000e+00
5.146412248774800968e-01
7.177479986783807941e-01
8.398412497958668288e-01
9.450936851977514985e-01
4.859372871736205024e-01
6.275768676462917250e-01
7.155858179245062622e-01
7.977821833854027433e-01
1.000000000000000000e+00
1.000000000000000000e+00
1.000000000000000000e+00
1.000000000000000000e+00
1.000000000000000000e+00
