-1.000000000000000000e+00
0.000000000000000000e+00
1.273905033734078762e-01
2.622488800605010661e-01
3.358974570612543453e-01
4.154868540260157062e-01
5.203300732625638636e-01
7.253282253814762326e-01
8.526135478892692410e-01
9.550966368324025346e-01
5.091800509315886902e-01
7.387982580093743756e-01
8.816385236293388106e-01
1.000000000000000000e+00
4.496118217427856889e-01
5.310329127502426694e-01
4.113934237339103572e-01
3.279811731334492664e-01
3.738608951337399899e-01
4.268193956520143773e-01
3.456651601328239454e-01
2.836505490710697908e-01
1.000000000000000000e+00
1.000000000000000000e+00
1.000000000000000000e+00
0.000000000000000000e+00
0.000000000000000000e+00
1.000000000000000000e+00
0.000000000000000000e+00
1.531395618396191316e-01
3.174596136959032533e-01
4.500897549749704463e-01
5.466822351082872844e-01
5.077438542189497417e-01
7.001696526594475278e-01
8.192023799070309309e-01
9.252904372452762649e-01
5.292391895672100555e-01
7.487908605783200056e-01
8.830647746647458662e-01
1.000000000000000000e+00
5.195788507002612189e-01
7.251813608680522938e-01
8.486206701829622778e-01
9.602139205868895910e-01
4.878998284995080814e-01
6.504870258283058648e-01
7.608534535749948979e-01
8.661160926600304233e-01
1.000000000000000000e+00
1.000000000000000000e+00
1.000000000000000000e+00
1.000000000000000000e+00
1.000000000000000000e+00
