-1.000000000000000000e+00
0.000000000000000000e+00
2.644631600312070119e-01
5.758419739759407241e-01
7.755853015396063643e-01
9.014785787875770895e-01
7.988671172303950518e-01
9.565477719843507032e-01
8.355054173238463111e-01
7.878742139011000178e-01
7.916930663576611238e-01
1.000000000000000000e+00
7.287481722320270361e-01
6.094046118449536475e-01
7.595394355768538830e-01
9.482802514162351759e-01
6.693736626172790416e-01
5.516036545218675480e-01
7.087596437299180652e-01
8.282344449067454706e-01
6.357728900714469944e-01
5.541464604050153619e-01
1.000000000000000000e+00
0.000000000000000000e+00
0.000000000000000000e+00
0.000000000000000000e+00
0.000000000000000000e+00
0.000000000000000000e+00
0.000000000000000000e+00
0.000000000000000000e+00
0.000000000000000000e+00
0.000000000000000000e+00
0.000000000000000000e+00
0.000000000000000000e+00
0.000000000000000000e+00
0.000000000000000000e+00
0.000000000000000000e+00
0.000000000000000000e+00
0.000000000000000000e+00
0.000000000000000000e+00
0.000000000000000000e+00
0.000000000000000000e+00
0.000000000000000000e+00
0.000000000000000000e+00
0.000000000000000000e+00
0.000000000000000000e+00
0.000000000000000000e+00
0.000000000000000000e+00
0.000000000000000000e+00
0.000000000000000000e+00
0.000000000000000000e+00
0.000000000000000000e+00
0.000000000000000000e+00
0.000000000000000000e+00
