-1.000000000000000000e+00
0.000000000000000000e+00
2.481768635280749424e-01
5.436817027101450428e-01
7.219191910277463764e-01
8.539960258876948540e-01
7.946609797535456599e-01
1.000000000000000000e+00
7.607666442819220887e-01
6.553499874658015312e-01
7.574692253577014478e-01
9.862088750566719852e-01
6.992491308511901149e-01
6.120401826533996559e-01
7.043056103219095254e-01
9.024212232999540007e-01
6.236188136625310241e-01
5.434920668169384017e-01
6.495364943994931251e-01
7.696523805732908841e-01
5.789322320626559826e-01
5.187580354352756551e-01
1.000000000000000000e+00
0.000000000000000000e+00
0.000000000000000000e+00
0.000000000000000000e+00
0.000000000000000000e+00
0.000000000000000000e+00
0.000000000000000000e+00
0.000000000000000000e+00
0.000000000000000000e+00
0.000000000000000000e+00
0.000000000000000000e+00
0.000000000000000000e+00
0.000000000000000000e+00
0.000000000000000000e+00
0.000000000000000000e+00
0.000000000000000000e+00
0.000000000000000000e+00
0.000000000000000000e+00
0.000000000000000000e+00
0.000000000000000000e+00
0.000000000000000000e+00
0.000000000000000000e+00
0.000000000000000000e+00
0.000000000000000000e+00
0.000000000000000000e+00
0.000000000000000000e+00
0.000000000000000000e+00
0.000000000000000000e+00
0.000000000000000000e+00
0.000000000000000000e+00
0.000000000000000000e+00
0.000000000000000000e+00
