-1.000000000000000000e+00
0.000000000000000000e+00
2.481408703143885008e-01
5.612868692915436997e-01
7.151147986882859797e-01
8.123421508950708914e-01
7.877456388716901348e-01
1.000000000000000000e+00
7.609429680103096949e-01
6.534362597193255073e-01
7.447652389523231609e-01
9.826176661692183067e-01
6.991259317879108259e-01
6.242555366033126774e-01
6.888033342766236578e-01
8.907009935253276112e-01
6.111761750089216294e-01
5.526099485347559792e-01
6.358358242651893644e-01
7.388118593377831500e-01
5.481782100120325962e-01
5.085357388851330374e-01
1.000000000000000000e+00
0.000000000000000000e+00
0.000000000000000000e+00
0.000000000000000000e+00
0.000000000000000000e+00
0.000000000000000000e+00
0.000000000000000000e+00
0.000000000000000000e+00
0.000000000000000000e+00
0.000000000000000000e+00
0.000000000000000000e+00
0.000000000000000000e+00
0.000000000000000000e+00
0.000000000000000000e+00
0.000000000000000000e+00
0.000000000000000000e+00
0.000000000000000000e+00
0.000000000000000000e+00
0.000000000000000000e+00
0.000000000000000000e+00
0.000000000000000000e+00
0.000000000000000000e+00
0.000000000000000000e+00
0.000000000000000000e+00
0.000000000000000000e+00
0.000000000000000000e+00
0.000000000000000000e+00
0.000000000000000000e+00
0.000000000000000000e+00
0.000000000000000000e+00
0.000000000000000000e+00
0.000000000000000000e+00
