1.000000000000000000e+00
0.000000000000000000e+00
3.574247667327327682e-01
6.319135722610093042e-01
7.731820421712853886e-01
7.905527113004973128e-01
8.455513705501833677e-01
1.000000000000000000e+00
9.031555025747295407e-01
8.057902091387593169e-01
7.987300403606919508e-01
9.628288032269688435e-01
8.651963431468643329e-01
7.678507545831876335e-01
7.294222758366778470e-01
8.620723816305623233e-01
7.611446387246268985e-01
6.673173705709724013e-01
6.616042417130445497e-01
7.472340117567178863e-01
6.441676843875852043e-01
5.609003501141661685e-01
0.000000000000000000e+00
0.000000000000000000e+00
0.000000000000000000e+00
0.000000000000000000e+00
0.000000000000000000e+00
0.000000000000000000e+00
0.000000000000000000e+00
0.000000000000000000e+00
0.000000000000000000e+00
0.000000000000000000e+00
0.000000000000000000e+00
0.000000000000000000e+00
0.000000000000000000e+00
0.000000000000000000e+00
0.000000000000000000e+00
0.000000000000000000e+00
0.000000000000000000e+00
0.000000000000000000e+00
0.000000000000000000e+00
0.000000000000000000e+00
0.000000000000000000e+00
0.000000000000000000e+00
0.000000000000000000e+00
0.000000000000000000e+00
0.000000000000000000e+00
0.000000000000000000e+00
0.000000000000000000e+00
0.000000000000000000e+00
0.000000000000000000e+00
0.000000000000000000e+00
0.000000000000000000e+00
0.000000000000000000e+00
