-1.000000000000000000e+00
0.000000000000000000e+00
2.361542904806210319e-01
5.431585913431810075e-01
7.296459223656911464e-01
8.109477995401045414e-01
8.166648100167732682e-01
1.000000000000000000e+00
7.303769258926087193e-01
5.842891214496666041e-01
7.615285814991227253e-01
9.850946043871491309e-01
6.731570858903785926e-01
5.424972873215609948e-01
7.045434443126001867e-01
9.210246383293916317e-01
6.381049174523134582e-01
5.073680255095561753e-01
6.442274148370977782e-01
7.887619543317622162e-01
5.945892269235705241e-01
4.814203562048887108e-01
1.000000000000000000e+00
0.000000000000000000e+00
0.000000000000000000e+00
0.000000000000000000e+00
0.000000000000000000e+00
0.000000000000000000e+00
0.000000000000000000e+00
0.000000000000000000e+00
0.000000000000000000e+00
0.000000000000000000e+00
0.000000000000000000e+00
0.000000000000000000e+00
0.000000000000000000e+00
0.000000000000000000e+00
0.000000000000000000e+00
0.000000000000000000e+00
0.000000000000000000e+00
0.000000000000000000e+00
0.000000000000000000e+00
0.000000000000000000e+00
0.000000000000000000e+00
0.000000000000000000e+00
0.000000000000000000e+00
0.000000000000000000e+00
0.000000000000000000e+00
0.000000000000000000e+00
0.000000000000000000e+00
0.000000000000000000e+00
0.000000000000000000e+00
0.000000000000000000e+00
0.000000000000000000e+00
0.000000000000000000e+00
