-1.000000000000000000e+00
0.000000000000000000e+00
2.780994882413773683e-01
5.406373897997986955e-01
6.710631563566785696e-01
7.610873043581820596e-01
8.002062012308774896e-01
1.000000000000000000e+00
8.666147552353848926e-01
7.268417652719172395e-01
7.620638686376477455e-01
9.735022452744361843e-01
7.837135430045283346e-01
6.446078729901971727e-01
7.040480862056455180e-01
8.727770101943108649e-01
6.941610220528691144e-01
5.798041423351718571e-01
6.321573408248732928e-01
7.361487930334769114e-01
5.958747274095148594e-01
5.119251958818678006e-01
1.000000000000000000e+00
0.000000000000000000e+00
0.000000000000000000e+00
0.000000000000000000e+00
0.000000000000000000e+00
0.000000000000000000e+00
0.000000000000000000e+00
0.000000000000000000e+00
0.000000000000000000e+00
0.000000000000000000e+00
0.000000000000000000e+00
0.000000000000000000e+00
0.000000000000000000e+00
0.000000000000000000e+00
0.000000000000000000e+00
0.000000000000000000e+00
0.000000000000000000e+00
0.000000000000000000e+00
0.000000000000000000e+00
0.000000000000000000e+00
0.000000000000000000e+00
0.000000000000000000e+00
0.000000000000000000e+00
0.000000000000000000e+00
0.000000000000000000e+00
0.000000000000000000e+00
0.000000000000000000e+00
0.000000000000000000e+00
0.000000000000000000e+00
0.000000000000000000e+00
0.000000000000000000e+00
0.000000000000000000e+00
