-1.000000000000000000e+00
0.000000000000000000e+00
2.995565406036082012e-01
5.883402304573684960e-01
8.230602960683106595e-01
1.000000000000000000e+00
6.370344534505603118e-01
7.875672905727564288e-01
6.989034761456718314e-01
6.168220432436153366e-01
5.399500143436954946e-01
7.185986420245759065e-01
6.439074986820204627e-01
5.602469676579122648e-01
4.657735957875580035e-01
6.410896803433032698e-01
5.797477858732178468e-01
4.970408461388711174e-01
4.283084430535331610e-01
6.499173088737413284e-01
7.771758060962767889e-01
8.855935642018044618e-01
1.000000000000000000e+00
0.000000000000000000e+00
0.000000000000000000e+00
0.000000000000000000e+00
1.000000000000000000e+00
0.000000000000000000e+00
0.000000000000000000e+00
0.000000000000000000e+00
0.000000000000000000e+00
0.000000000000000000e+00
0.000000000000000000e+00
0.000000000000000000e+00
0.000000000000000000e+00
0.000000000000000000e+00
0.000000000000000000e+00
0.000000000000000000e+00
0.000000000000000000e+00
0.000000000000000000e+00
0.000000000000000000e+00
0.000000000000000000e+00
0.000000000000000000e+00
0.000000000000000000e+00
0.000000000000000000e+00
0.000000000000000000e+00
0.000000000000000000e+00
0.000000000000000000e+00
0.000000000000000000e+00
0.000000000000000000e+00
0.000000000000000000e+00
0.000000000000000000e+00
0.000000000000000000e+00
0.000000000000000000e+00
