-1.000000000000000000e+00
0.000000000000000000e+00
2.947470053250675903e-01
5.828464945487185078e-01
8.165371017728032532e-01
1.000000000000000000e+00
6.039678354356462497e-01
7.532712662360696587e-01
6.876708115042968750e-01
5.890077425579178794e-01
5.463453333660031053e-01
6.695686220352913276e-01
6.139047063434028839e-01
5.273859613544487068e-01
4.837373917724405170e-01
6.115634960201776771e-01
5.741615034560617614e-01
5.093323540436265340e-01
4.328668629896201270e-01
6.126223151448031423e-01
7.270793020059208578e-01
8.262194939614844191e-01
1.000000000000000000e+00
0.000000000000000000e+00
0.000000000000000000e+00
0.000000000000000000e+00
1.000000000000000000e+00
0.000000000000000000e+00
0.000000000000000000e+00
0.000000000000000000e+00
0.000000000000000000e+00
0.000000000000000000e+00
0.000000000000000000e+00
0.000000000000000000e+00
0.000000000000000000e+00
0.000000000000000000e+00
0.000000000000000000e+00
0.000000000000000000e+00
0.000000000000000000e+00
0.000000000000000000e+00
0.000000000000000000e+00
0.000000000000000000e+00
0.000000000000000000e+00
0.000000000000000000e+00
0.000000000000000000e+00
0.000000000000000000e+00
0.000000000000000000e+00
0.000000000000000000e+00
0.000000000000000000e+00
0.000000000000000000e+00
0.000000000000000000e+00
0.000000000000000000e+00
0.000000000000000000e+00
0.000000000000000000e+00
