-1.000000000000000000e+00
0.000000000000000000e+00
3.070629002783854533e-01
5.876222056787202552e-01
8.255698024155719850e-01
1.000000000000000000e+00
6.342803135079440047e-01
7.854289155480034257e-01
7.053766692015090989e-01
6.147795041206746136e-01
5.485982266301198118e-01
7.158417237678538214e-01
6.480464943673380773e-01
5.610075021857655608e-01
4.821326260538615349e-01
6.344854779950087620e-01
5.716500569428167866e-01
4.947014891732700592e-01
4.461583675943495697e-01
6.566999466513837591e-01
7.732227059595233598e-01
8.783559206367224093e-01
1.000000000000000000e+00
0.000000000000000000e+00
0.000000000000000000e+00
0.000000000000000000e+00
1.000000000000000000e+00
0.000000000000000000e+00
0.000000000000000000e+00
0.000000000000000000e+00
0.000000000000000000e+00
0.000000000000000000e+00
0.000000000000000000e+00
0.000000000000000000e+00
0.000000000000000000e+00
0.000000000000000000e+00
0.000000000000000000e+00
0.000000000000000000e+00
0.000000000000000000e+00
0.000000000000000000e+00
0.000000000000000000e+00
0.000000000000000000e+00
0.000000000000000000e+00
0.000000000000000000e+00
0.000000000000000000e+00
0.000000000000000000e+00
0.000000000000000000e+00
0.000000000000000000e+00
0.000000000000000000e+00
0.000000000000000000e+00
0.000000000000000000e+00
0.000000000000000000e+00
0.000000000000000000e+00
0.000000000000000000e+00
