-1.000000000000000000e+00
0.000000000000000000e+00
3.237761298309398961e-01
5.993578063419938706e-01
8.272310163594979171e-01
1.000000000000000000e+00
5.427781405945940607e-01
7.299463663481782216e-01
6.694823596841175117e-01
5.835813432183217797e-01
4.756034270891204008e-01
6.517793730369187966e-01
6.046742526668137385e-01
5.219822036766407214e-01
4.387476058670631285e-01
5.929223247338135661e-01
5.536690875202089357e-01
4.738311532389289371e-01
4.225864955810335055e-01
5.967907816361114337e-01
7.117012811998547628e-01
8.079149425062479573e-01
0.000000000000000000e+00
0.000000000000000000e+00
0.000000000000000000e+00
0.000000000000000000e+00
1.000000000000000000e+00
0.000000000000000000e+00
0.000000000000000000e+00
0.000000000000000000e+00
0.000000000000000000e+00
0.000000000000000000e+00
0.000000000000000000e+00
0.000000000000000000e+00
0.000000000000000000e+00
0.000000000000000000e+00
0.000000000000000000e+00
0.000000000000000000e+00
0.000000000000000000e+00
0.000000000000000000e+00
0.000000000000000000e+00
0.000000000000000000e+00
0.000000000000000000e+00
0.000000000000000000e+00
0.000000000000000000e+00
0.000000000000000000e+00
0.000000000000000000e+00
0.000000000000000000e+00
0.000000000000000000e+00
0.000000000000000000e+00
0.000000000000000000e+00
0.000000000000000000e+00
0.000000000000000000e+00
0.000000000000000000e+00
