-1.000000000000000000e+00
0.000000000000000000e+00
3.143198843424745426e-01
5.928247584213541810e-01
8.272213440536477780e-01
1.000000000000000000e+00
5.651631878708407442e-01
7.399859868936355944e-01
6.760567082872573907e-01
5.845588172436791963e-01
4.901215095514566689e-01
6.653116866027983800e-01
6.179434465130276832e-01
5.333389827966128482e-01
4.436865363427986431e-01
5.982346960287213689e-01
5.560327244787924839e-01
4.764058704184488402e-01
4.266967969248959824e-01
6.001023100555883394e-01
7.143985194696832464e-01
8.134046199460563953e-01
0.000000000000000000e+00
0.000000000000000000e+00
0.000000000000000000e+00
0.000000000000000000e+00
0.000000000000000000e+00
0.000000000000000000e+00
0.000000000000000000e+00
0.000000000000000000e+00
0.000000000000000000e+00
0.000000000000000000e+00
0.000000000000000000e+00
0.000000000000000000e+00
0.000000000000000000e+00
0.000000000000000000e+00
0.000000000000000000e+00
0.000000000000000000e+00
0.000000000000000000e+00
0.000000000000000000e+00
0.000000000000000000e+00
0.000000000000000000e+00
0.000000000000000000e+00
0.000000000000000000e+00
0.000000000000000000e+00
0.000000000000000000e+00
0.000000000000000000e+00
0.000000000000000000e+00
0.000000000000000000e+00
0.000000000000000000e+00
0.000000000000000000e+00
0.000000000000000000e+00
0.000000000000000000e+00
0.000000000000000000e+00
