-1.000000000000000000e+00
0.000000000000000000e+00
3.223330787871830916e-01
5.894964381564952172e-01
8.119382554408920427e-01
1.000000000000000000e+00
6.082273003695179980e-01
7.003132567277658982e-01
6.220445636012083002e-01
5.485369876503904951e-01
5.171055464666448609e-01
6.374997495063188246e-01
5.695090359103228694e-01
4.890808730448365504e-01
4.584372344888009709e-01
5.811738707376175039e-01
5.244556444128698480e-01
4.476777388381879552e-01
4.432125390129755815e-01
6.430813707127565060e-01
7.699651062615073815e-01
8.764773457263193013e-01
0.000000000000000000e+00
0.000000000000000000e+00
0.000000000000000000e+00
0.000000000000000000e+00
0.000000000000000000e+00
0.000000000000000000e+00
0.000000000000000000e+00
0.000000000000000000e+00
0.000000000000000000e+00
0.000000000000000000e+00
0.000000000000000000e+00
0.000000000000000000e+00
0.000000000000000000e+00
0.000000000000000000e+00
0.000000000000000000e+00
0.000000000000000000e+00
0.000000000000000000e+00
0.000000000000000000e+00
0.000000000000000000e+00
0.000000000000000000e+00
0.000000000000000000e+00
0.000000000000000000e+00
0.000000000000000000e+00
0.000000000000000000e+00
0.000000000000000000e+00
0.000000000000000000e+00
0.000000000000000000e+00
0.000000000000000000e+00
0.000000000000000000e+00
0.000000000000000000e+00
0.000000000000000000e+00
0.000000000000000000e+00
