-1.000000000000000000e+00
3.834884762763977051e-01
4.456208348274230957e-01
4.998329281806945801e-01
5.440284609794616699e-01
5.840954780578613281e-01
4.595202505588531494e-01
4.845718443393707275e-01
4.965368509292602539e-01
5.049013495445251465e-01
4.164633154869079590e-01
4.181822538375854492e-01
4.183426499366760254e-01
4.161380529403686523e-01
3.773888945579528809e-01
3.660809993743896484e-01
3.583123683929443359e-01
3.519185483455657959e-01
3.424675166606903076e-01
3.117944002151489258e-01
2.918728291988372803e-01
2.756186425685882568e-01
6.561058759689331055e-01
6.323664784431457520e-01
5.884175300598144531e-01
5.495945215225219727e-01
5.319390296936035156e-01
4.533118307590484619e-01
3.748021125793457031e-01
3.251122236251831055e-01
2.797685265541076660e-01
4.374345242977142334e-01
3.421371579170227051e-01
2.829372286796569824e-01
2.335449606180191040e-01
4.463207125663757324e-01
3.621328473091125488e-01
3.078806400299072266e-01
2.605211734771728516e-01
4.738979637622833252e-01
4.174009561538696289e-01
3.799965381622314453e-01
3.437906503677368164e-01
0.000000000000000000e+00
1.000000000000000000e+00
1.000000000000000000e+00
1.000000000000000000e+00
1.000000000000000000e+00
1.000000000000000000e+00
8.131164908409118652e-01
7.755095958709716797e-01
7.538700103759765625e-01
7.823702096939086914e-01
8.088877201080322266e-01
7.123193740844726562e-01
6.804738044738769531e-01
6.605949401855468750e-01
6.439318656921386719e-01
7.444503307342529297e-01
7.274665236473083496e-01
7.201676368713378906e-01
7.138109803199768066e-01
7.784734964370727539e-01
7.835915684700012207e-01
7.896943688392639160e-01
7.944165468215942383e-01
8.138150572776794434e-01
8.069468736648559570e-01
8.038265109062194824e-01
8.027559518814086914e-01
7.041107416152954102e-01
6.985406279563903809e-01
6.645036935806274414e-01
6.166480779647827148e-01
5.728172659873962402e-01
5.572528839111328125e-01
4.908747076988220215e-01
4.446558058261871338e-01
4.027542471885681152e-01
5.253432393074035645e-01
4.378093183040618896e-01
3.789905905723571777e-01
3.291638493537902832e-01
5.267058014869689941e-01
4.530599713325500488e-01
3.956061601638793945e-01
3.428160548210144043e-01
5.496515035629272461e-01
5.450926423072814941e-01
5.826798081398010254e-01
6.152253150939941406e-01
0.000000000000000000e+00
1.000000000000000000e+00
1.000000000000000000e+00
1.000000000000000000e+00
0.000000000000000000e+00
