-1.000000000000000000e+00
3.811087012290954590e-01
4.434325993061065674e-01
4.972729980945587158e-01
5.405765175819396973e-01
5.797551870346069336e-01
4.566562473773956299e-01
4.817631244659423828e-01
4.936435818672180176e-01
5.019460916519165039e-01
4.131119251251220703e-01
4.148842692375183105e-01
4.148272871971130371e-01
4.126877188682556152e-01
3.738291859626770020e-01
3.621814250946044922e-01
3.539226055145263672e-01
3.473049700260162354e-01
3.380846977233886719e-01
3.070527315139770508e-01
2.866736650466918945e-01
2.700603008270263672e-01
6.572500467300415039e-01
6.361864805221557617e-01
5.936071276664733887e-01
5.524543523788452148e-01
5.342162251472473145e-01
4.568370580673217773e-01
3.774958252906799316e-01
3.268333971500396729e-01
2.811669409275054932e-01
4.402657449245452881e-01
3.441146910190582275e-01
2.848310172557830811e-01
2.357692271471023560e-01
4.487437605857849121e-01
3.644412159919738770e-01
3.098750114440917969e-01
2.626938223838806152e-01
4.762899875640869141e-01
4.210860729217529297e-01
3.845821619033813477e-01
3.494781851768493652e-01
0.000000000000000000e+00
1.000000000000000000e+00
1.000000000000000000e+00
1.000000000000000000e+00
1.000000000000000000e+00
1.000000000000000000e+00
8.154242634773254395e-01
7.786892652511596680e-01
7.579985260963439941e-01
7.855159044265747070e-01
8.111616373062133789e-01
7.166652083396911621e-01
6.841449737548828125e-01
6.637252569198608398e-01
6.465823054313659668e-01
7.488119602203369141e-01
7.313845753669738770e-01
7.246401309967041016e-01
7.187412381172180176e-01
7.813649177551269531e-01
7.872245311737060547e-01
7.964298129081726074e-01
8.030271530151367188e-01
8.149968981742858887e-01
8.102339506149291992e-01
8.086267113685607910e-01
8.073925971984863281e-01
7.033689618110656738e-01
6.985175609588623047e-01
6.637796163558959961e-01
6.143142580986022949e-01
5.689453482627868652e-01
5.529689192771911621e-01
4.821950793266296387e-01
4.352369904518127441e-01
3.926936984062194824e-01
5.221841335296630859e-01
4.339444339275360107e-01
3.750461339950561523e-01
3.255505561828613281e-01
5.242697000503540039e-01
4.490082561969757080e-01
3.931388854980468750e-01
3.429542481899261475e-01
5.475910902023315430e-01
5.379772186279296875e-01
5.742598772048950195e-01
6.076786518096923828e-01
0.000000000000000000e+00
1.000000000000000000e+00
1.000000000000000000e+00
1.000000000000000000e+00
0.000000000000000000e+00
