-1.000000000000000000e+00
3.141192197799682617e-01
3.748984634876251221e-01
4.235555529594421387e-01
4.606825113296508789e-01
4.939606487751007080e-01
3.716887533664703369e-01
3.903910517692565918e-01
3.978433907032012939e-01
4.019187390804290771e-01
3.292158246040344238e-01
3.225447237491607666e-01
3.171879947185516357e-01
3.110215067863464355e-01
2.930492460727691650e-01
2.766705155372619629e-01
2.660540342330932617e-01
2.570784687995910645e-01
2.621188461780548096e-01
2.290533185005187988e-01
2.068367302417755127e-01
1.881525516510009766e-01
6.329396367073059082e-01
6.041675209999084473e-01
5.590575933456420898e-01
5.162721872329711914e-01
4.930737316608428955e-01
4.311702251434326172e-01
3.542965948581695557e-01
3.043236136436462402e-01
2.599010467529296875e-01
4.211141467094421387e-01
3.300077021121978760e-01
2.746542096138000488e-01
2.300743758678436279e-01
4.348406791687011719e-01
3.569232821464538574e-01
3.070808947086334229e-01
2.646472454071044922e-01
4.663021862506866455e-01
4.181769192218780518e-01
3.846652209758758545e-01
3.519967794418334961e-01
0.000000000000000000e+00
1.000000000000000000e+00
1.000000000000000000e+00
1.000000000000000000e+00
1.000000000000000000e+00
1.000000000000000000e+00
8.740710616111755371e-01
8.430588841438293457e-01
8.327567577362060547e-01
8.725118041038513184e-01
9.069156646728515625e-01
8.058090806007385254e-01
7.833563089370727539e-01
7.716739177703857422e-01
7.615743875503540039e-01
8.411676883697509766e-01
8.357459902763366699e-01
8.363065719604492188e-01
8.340030908584594727e-01
8.722977042198181152e-01
8.887034058570861816e-01
9.018028378486633301e-01
9.094482660293579102e-01
9.021306633949279785e-01
9.067885875701904297e-01
9.012352824211120605e-01
8.945809006690979004e-01
6.649522781372070312e-01
6.501380205154418945e-01
6.091322898864746094e-01
5.627851486206054688e-01
5.224251747131347656e-01
4.953788518905639648e-01
4.202776849269866943e-01
3.711594939231872559e-01
3.269720077514648438e-01
4.728963971138000488e-01
3.820120096206665039e-01
3.227971792221069336e-01
2.728573083877563477e-01
4.822478890419006348e-01
4.060279726982116699e-01
3.507708311080932617e-01
3.002850413322448730e-01
5.129765272140502930e-01
4.932535588741302490e-01
5.250671505928039551e-01
5.571813583374023438e-01
0.000000000000000000e+00
1.000000000000000000e+00
1.000000000000000000e+00
1.000000000000000000e+00
0.000000000000000000e+00
