-1.000000000000000000e+00
3.203396201133728027e-01
3.810732960700988770e-01
4.309721291065216064e-01
4.701559841632843018e-01
5.049431920051574707e-01
3.789668679237365723e-01
3.972778022289276123e-01
4.050525724887847900e-01
4.101621210575103760e-01
3.363551497459411621e-01
3.311464190483093262e-01
3.274223506450653076e-01
3.228678107261657715e-01
3.001966774463653564e-01
2.856957018375396729e-01
2.755895555019378662e-01
2.673954963684082031e-01
2.694062292575836182e-01
2.381875813007354736e-01
2.172234654426574707e-01
1.997387707233428955e-01
6.400120854377746582e-01
6.120291948318481445e-01
5.670534372329711914e-01
5.240140557289123535e-01
5.021563768386840820e-01
4.393655359745025635e-01
3.638375401496887207e-01
3.141673505306243896e-01
2.707702517509460449e-01
4.280528426170349121e-01
3.364759683609008789e-01
2.816276252269744873e-01
2.363639920949935913e-01
4.405230879783630371e-01
3.609610199928283691e-01
3.106048703193664551e-01
2.671553492546081543e-01
4.712586700916290283e-01
4.229286611080169678e-01
3.890962004661560059e-01
3.562643527984619141e-01
0.000000000000000000e+00
1.000000000000000000e+00
1.000000000000000000e+00
1.000000000000000000e+00
1.000000000000000000e+00
1.000000000000000000e+00
8.649181723594665527e-01
8.355281949043273926e-01
8.224256634712219238e-01
8.596546649932861328e-01
8.954105377197265625e-01
7.954325675964355469e-01
7.716486454010009766e-01
7.601333260536193848e-01
7.514657378196716309e-01
8.298138976097106934e-01
8.255606293678283691e-01
8.265081048011779785e-01
8.265478014945983887e-01
8.613188266754150391e-01
8.787944316864013672e-01
8.920671939849853516e-01
9.024978876113891602e-01
8.920027613639831543e-01
8.957700133323669434e-01
8.907207250595092773e-01
8.864813446998596191e-01
6.725984811782836914e-01
6.557087302207946777e-01
6.158812642097473145e-01
5.734609365463256836e-01
5.368762016296386719e-01
5.059058666229248047e-01
4.307659566402435303e-01
3.824371993541717529e-01
3.394723832607269287e-01
4.841835498809814453e-01
3.926399648189544678e-01
3.340354263782501221e-01
2.845982313156127930e-01
4.933832287788391113e-01
4.163250923156738281e-01
3.609595298767089844e-01
3.113123774528503418e-01
5.228880047798156738e-01
5.088706016540527344e-01
5.419472455978393555e-01
5.745569467544555664e-01
0.000000000000000000e+00
1.000000000000000000e+00
1.000000000000000000e+00
1.000000000000000000e+00
0.000000000000000000e+00
