-1.000000000000000000e+00
3.257165253162384033e-01
3.858098089694976807e-01
4.354361295700073242e-01
4.744288325309753418e-01
5.110551118850708008e-01
3.846544325351715088e-01
4.042668044567108154e-01
4.128195941448211670e-01
4.180851876735687256e-01
3.417468965053558350e-01
3.370305001735687256e-01
3.341042995452880859e-01
3.304643034934997559e-01
3.048763275146484375e-01
2.908374965190887451e-01
2.822427451610565186e-01
2.757675349712371826e-01
2.739858329296112061e-01
2.430807650089263916e-01
2.231297194957733154e-01
2.070899605751037598e-01
6.516108512878417969e-01
6.246689558029174805e-01
5.796535611152648926e-01
5.362425446510314941e-01
5.150003433227539062e-01
4.509342908859252930e-01
3.744985759258270264e-01
3.242820501327514648e-01
2.801820039749145508e-01
4.393322169780731201e-01
3.463273048400878906e-01
2.900223135948181152e-01
2.442142814397811890e-01
4.514682888984680176e-01
3.712641596794128418e-01
3.205338120460510254e-01
2.764711081981658936e-01
4.816703796386718750e-01
4.310891926288604736e-01
3.968635201454162598e-01
3.628679513931274414e-01
0.000000000000000000e+00
1.000000000000000000e+00
1.000000000000000000e+00
1.000000000000000000e+00
1.000000000000000000e+00
1.000000000000000000e+00
8.547150492668151855e-01
8.222768902778625488e-01
8.087286949157714844e-01
8.467493057250976562e-01
8.817555308341979980e-01
7.835993766784667969e-01
7.608006000518798828e-01
7.493033409118652344e-01
7.400891184806823730e-01
8.181411027908325195e-01
8.132021427154541016e-01
8.147957324981689453e-01
8.155990839004516602e-01
8.496226072311401367e-01
8.659845590591430664e-01
8.796913027763366699e-01
8.906979560852050781e-01
8.799526095390319824e-01
8.783171772956848145e-01
8.703050017356872559e-01
8.641781210899353027e-01
6.798484921455383301e-01
6.653092503547668457e-01
6.249585151672363281e-01
5.824328064918518066e-01
5.461525917053222656e-01
5.163262486457824707e-01
4.424785375595092773e-01
3.932917714118957520e-01
3.500283956527709961e-01
4.931887090206146240e-01
4.032345414161682129e-01
3.440430164337158203e-01
2.945327460765838623e-01
5.017545223236083984e-01
4.292043745517730713e-01
3.724456429481506348e-01
3.207444548606872559e-01
5.311492085456848145e-01
5.231242775917053223e-01
5.588114261627197266e-01
5.916256904602050781e-01
0.000000000000000000e+00
1.000000000000000000e+00
1.000000000000000000e+00
1.000000000000000000e+00
0.000000000000000000e+00
