-1.000000000000000000e+00
3.929392397403717041e-01
4.464459419250488281e-01
4.905931949615478516e-01
5.242266058921813965e-01
5.548385381698608398e-01
4.526532590389251709e-01
4.730219244956970215e-01
4.820995926856994629e-01
4.875110983848571777e-01
4.171578586101531982e-01
4.170552492141723633e-01
4.153411388397216797e-01
4.115515947341918945e-01
3.857085704803466797e-01
3.788057565689086914e-01
3.736346065998077393e-01
3.683008849620819092e-01
3.572410941123962402e-01
3.325655460357666016e-01
3.165985643863677979e-01
3.033610284328460693e-01
7.198404073715209961e-01
6.994708776473999023e-01
6.574707031250000000e-01
6.213862895965576172e-01
6.061651110649108887e-01
5.471010208129882812e-01
4.815717637538909912e-01
4.400453865528106689e-01
4.030301570892333984e-01
5.361822843551635742e-01
4.571541249752044678e-01
4.095488190650939941e-01
3.711509704589843750e-01
5.445317625999450684e-01
4.741159677505493164e-01
4.290057420730590820e-01
3.907332420349121094e-01
5.682576894760131836e-01
5.214680433273315430e-01
4.896644353866577148e-01
4.595170915126800537e-01
0.000000000000000000e+00
1.000000000000000000e+00
1.000000000000000000e+00
1.000000000000000000e+00
1.000000000000000000e+00
1.000000000000000000e+00
8.151815533638000488e-01
7.789162397384643555e-01
7.572212815284729004e-01
7.785173654556274414e-01
8.019647002220153809e-01
7.310097813606262207e-01
7.062095403671264648e-01
6.929795145988464355e-01
6.820085048675537109e-01
7.605338096618652344e-01
7.491512894630432129e-01
7.456140518188476562e-01
7.432879805564880371e-01
7.899010777473449707e-01
7.953196167945861816e-01
8.017856478691101074e-01
8.079743981361389160e-01
8.186947107315063477e-01
8.098861575126647949e-01
8.017257452011108398e-01
7.956207394599914551e-01
7.294000387191772461e-01
7.198735475540161133e-01
6.828861236572265625e-01
6.430711746215820312e-01
6.123862862586975098e-01
5.888082981109619141e-01
5.264518260955810547e-01
4.857850670814514160e-01
4.508343935012817383e-01
5.664503574371337891e-01
4.912268519401550293e-01
4.413014948368072510e-01
4.005522131919860840e-01
5.718398094177246094e-01
5.098510980606079102e-01
4.630855023860931396e-01
4.213074445724487305e-01
5.948362350463867188e-01
5.915134549140930176e-01
6.208640933036804199e-01
6.463211178779602051e-01
0.000000000000000000e+00
1.000000000000000000e+00
1.000000000000000000e+00
1.000000000000000000e+00
0.000000000000000000e+00
