-1.000000000000000000e+00
3.812440931797027588e-01
4.364725649356842041e-01
4.825069904327392578e-01
5.172759890556335449e-01
5.509983897209167480e-01
4.417130947113037109e-01
4.623617529869079590e-01
4.716037213802337646e-01
4.770769178867340088e-01
4.048404991626739502e-01
4.035395085811614990e-01
4.008948504924774170e-01
3.963037133216857910e-01
3.718583285808563232e-01
3.648763895034790039e-01
3.582752346992492676e-01
3.517862856388092041e-01
3.421679735183715820e-01
3.165803551673889160e-01
3.001883625984191895e-01
2.870673239231109619e-01
7.159904241561889648e-01
6.935568451881408691e-01
6.491879820823669434e-01
6.090465784072875977e-01
5.915662050247192383e-01
5.372115969657897949e-01
4.672385752201080322e-01
4.228698015213012695e-01
3.840422034263610840e-01
5.248812437057495117e-01
4.411304891109466553e-01
3.905819058418273926e-01
3.503445982933044434e-01
5.322230458259582520e-01
4.569121003150939941e-01
4.106276035308837891e-01
3.724002242088317871e-01
5.562819838523864746e-01
5.068596601486206055e-01
4.735281765460968018e-01
4.423899054527282715e-01
0.000000000000000000e+00
1.000000000000000000e+00
1.000000000000000000e+00
1.000000000000000000e+00
1.000000000000000000e+00
1.000000000000000000e+00
8.200439810752868652e-01
7.817863821983337402e-01
7.605651021003723145e-01
7.837489247322082520e-01
8.062520027160644531e-01
7.356784343719482422e-01
7.129813432693481445e-01
6.996923685073852539e-01
6.878790855407714844e-01
7.670797705650329590e-01
7.578591108322143555e-01
7.552682161331176758e-01
7.534489631652832031e-01
7.982438802719116211e-01
8.046215772628784180e-01
8.131855130195617676e-01
8.211646676063537598e-01
8.283602595329284668e-01
8.173800706863403320e-01
8.084195852279663086e-01
8.024833202362060547e-01
7.221369743347167969e-01
7.095733880996704102e-01
6.737750768661499023e-01
6.387094855308532715e-01
6.091777086257934570e-01
5.771077871322631836e-01
5.136137008666992188e-01
4.710246026515960693e-01
4.336414933204650879e-01
5.543105006217956543e-01
4.761233329772949219e-01
4.237236976623535156e-01
3.803183436393737793e-01
5.602375268936157227e-01
4.950265884399414062e-01
4.457201361656188965e-01
4.009176790714263916e-01
5.846156477928161621e-01
5.790360569953918457e-01
6.114023923873901367e-01
6.390428543090820312e-01
0.000000000000000000e+00
1.000000000000000000e+00
1.000000000000000000e+00
1.000000000000000000e+00
0.000000000000000000e+00
