-1.000000000000000000e+00
3.696727156639099121e-01
4.276169240474700928e-01
4.751362502574920654e-01
5.118628740310668945e-01
5.482419133186340332e-01
4.329656958580017090e-01
4.560093879699707031e-01
4.670380651950836182e-01
4.734767377376556396e-01
3.941253423690795898e-01
3.955195844173431396e-01
3.936355113983154297e-01
3.889831006526947021e-01
3.588889837265014648e-01
3.538457751274108887e-01
3.481488823890686035e-01
3.424250781536102295e-01
3.261142969131469727e-01
3.023946583271026611e-01
2.874953746795654297e-01
2.756784260272979736e-01
7.050184607505798340e-01
6.833370327949523926e-01
6.391745805740356445e-01
5.978626012802124023e-01
5.771751403808593750e-01
5.154989361763000488e-01
4.437620341777801514e-01
3.969021439552307129e-01
3.550358414649963379e-01
5.021608471870422363e-01
4.145080745220184326e-01
3.611494302749633789e-01
3.174062669277191162e-01
5.107371211051940918e-01
4.313246905803680420e-01
3.811311721801757812e-01
3.382024168968200684e-01
5.371198058128356934e-01
4.827925264835357666e-01
4.474381506443023682e-01
4.135140776634216309e-01
0.000000000000000000e+00
1.000000000000000000e+00
1.000000000000000000e+00
1.000000000000000000e+00
1.000000000000000000e+00
1.000000000000000000e+00
8.369162678718566895e-01
7.990748882293701172e-01
7.785449028015136719e-01
8.041307330131530762e-01
8.299039602279663086e-01
7.539395689964294434e-01
7.303987741470336914e-01
7.179880142211914062e-01
7.075703740119934082e-01
7.878236174583435059e-01
7.807950973510742188e-01
7.796164155006408691e-01
7.789832949638366699e-01
8.213094472885131836e-01
8.345150947570800781e-01
8.456187248229980469e-01
8.542430400848388672e-01
8.548703789710998535e-01
8.494454622268676758e-01
8.362821936607360840e-01
8.250540494918823242e-01
7.159976959228515625e-01
7.046247720718383789e-01
6.757170557975769043e-01
6.415987610816955566e-01
6.120005249977111816e-01
5.670642256736755371e-01
4.998353421688079834e-01
4.557814598083496094e-01
4.173913002014160156e-01
5.428532361984252930e-01
4.577259421348571777e-01
4.016302227973937988e-01
3.569400310516357422e-01
5.499443411827087402e-01
4.805145859718322754e-01
4.264319539070129395e-01
3.806291818618774414e-01
5.765407681465148926e-01
5.708880424499511719e-01
6.030925512313842773e-01
6.346639394760131836e-01
0.000000000000000000e+00
1.000000000000000000e+00
1.000000000000000000e+00
1.000000000000000000e+00
0.000000000000000000e+00
