-1.000000000000000000e+00
3.568825125694274902e-01
4.215291738510131836e-01
4.754029214382171631e-01
5.179364085197448730e-01
5.579066276550292969e-01
4.332213103771209717e-01
4.617878198623657227e-01
4.754517376422882080e-01
4.843814969062805176e-01
3.902386128902435303e-01
3.933958709239959717e-01
3.943761587142944336e-01
3.925944268703460693e-01
3.508335947990417480e-01
3.460941910743713379e-01
3.429723680019378662e-01
3.396559357643127441e-01
3.145804405212402344e-01
2.883748710155487061e-01
2.709844112396240234e-01
2.565396428108215332e-01
6.985124349594116211e-01
6.780806183815002441e-01
6.349356770515441895e-01
5.938622951507568359e-01
5.698419213294982910e-01
4.926576018333435059e-01
4.133571386337280273e-01
3.613845109939575195e-01
3.140409886837005615e-01
4.751071929931640625e-01
3.754420280456542969e-01
3.137787580490112305e-01
2.626456618309020996e-01
4.833778142929077148e-01
3.941699862480163574e-01
3.359425365924835205e-01
2.855863571166992188e-01
5.109790563583374023e-01
4.481391012668609619e-01
4.063120484352111816e-01
3.658871650695800781e-01
0.000000000000000000e+00
1.000000000000000000e+00
1.000000000000000000e+00
1.000000000000000000e+00
1.000000000000000000e+00
1.000000000000000000e+00
8.651972413063049316e-01
8.308024406433105469e-01
8.149985671043395996e-01
8.562836647033691406e-01
8.937393426895141602e-01
7.855398058891296387e-01
7.641285657882690430e-01
7.518191933631896973e-01
7.417300939559936523e-01
8.247142434120178223e-01
8.208373785018920898e-01
8.222723007202148438e-01
8.222552537918090820e-01
8.593717217445373535e-01
8.794802427291870117e-01
8.959386348724365234e-01
9.082346558570861816e-01
8.925269246101379395e-01
8.929468989372253418e-01
8.871933817863464355e-01
8.830090165138244629e-01
7.279251813888549805e-01
7.171312570571899414e-01
6.830300688743591309e-01
6.394629478454589844e-01
5.996407270431518555e-01
5.599366426467895508e-01
4.791655540466308594e-01
4.252398014068603516e-01
3.764447569847106934e-01
5.346347689628601074e-01
4.378297030925750732e-01
3.721335232257843018e-01
3.159739077091217041e-01
5.430812239646911621e-01
4.630872011184692383e-01
4.033596515655517578e-01
3.488351702690124512e-01
5.732536315917968750e-01
5.595236420631408691e-01
5.978483557701110840e-01
6.335526108741760254e-01
0.000000000000000000e+00
1.000000000000000000e+00
1.000000000000000000e+00
1.000000000000000000e+00
0.000000000000000000e+00
