-1.000000000000000000e+00
3.842385113239288330e-01
4.464964866638183594e-01
5.001736879348754883e-01
5.440956354141235352e-01
5.843603014945983887e-01
4.603718519210815430e-01
4.852237999439239502e-01
4.968751072883605957e-01
5.049712061882019043e-01
4.172235727310180664e-01
4.188907742500305176e-01
4.191872179508209229e-01
4.171665310859680176e-01
3.780859708786010742e-01
3.668305873870849609e-01
3.589241206645965576e-01
3.524247407913208008e-01
3.430841267108917236e-01
3.129010200500488281e-01
2.931796312332153320e-01
2.771510481834411621e-01
6.546903848648071289e-01
6.316205859184265137e-01
5.873917937278747559e-01
5.487239360809326172e-01
5.327582359313964844e-01
4.526138305664062500e-01
3.745708167552947998e-01
3.250348865985870361e-01
2.799047827720642090e-01
4.365237951278686523e-01
3.417705893516540527e-01
2.827684581279754639e-01
2.333503812551498413e-01
4.452784955501556396e-01
3.621285557746887207e-01
3.082976937294006348e-01
2.610742151737213135e-01
4.728681743144989014e-01
4.172452390193939209e-01
3.800523281097412109e-01
3.437328338623046875e-01
0.000000000000000000e+00
1.000000000000000000e+00
1.000000000000000000e+00
1.000000000000000000e+00
1.000000000000000000e+00
1.000000000000000000e+00
8.127768635749816895e-01
7.754947543144226074e-01
7.544003725051879883e-01
7.828558683395385742e-01
8.081082701683044434e-01
7.126090526580810547e-01
6.805010437965393066e-01
6.609115004539489746e-01
6.441692113876342773e-01
7.442848086357116699e-01
7.267404198646545410e-01
7.195973396301269531e-01
7.132424116134643555e-01
7.780191898345947266e-01
7.829264402389526367e-01
7.889464497566223145e-01
7.930596470832824707e-01
8.133451342582702637e-01
8.065574765205383301e-01
8.035297393798828125e-01
8.019967079162597656e-01
7.055327296257019043e-01
6.990064382553100586e-01
6.628140211105346680e-01
6.163926720619201660e-01
5.740787982940673828e-01
5.581911802291870117e-01
4.919791221618652344e-01
4.462401568889617920e-01
4.042825102806091309e-01
5.262786746025085449e-01
4.388616383075714111e-01
3.796995282173156738e-01
3.295251131057739258e-01
5.270699262619018555e-01
4.531188607215881348e-01
3.950191438198089600e-01
3.414473533630371094e-01
5.494022369384765625e-01
5.440676212310791016e-01
5.825886726379394531e-01
6.164793372154235840e-01
0.000000000000000000e+00
1.000000000000000000e+00
1.000000000000000000e+00
1.000000000000000000e+00
0.000000000000000000e+00
