-1.000000000000000000e+00
3.563650548458099365e-01
4.228338897228240967e-01
4.766072034835815430e-01
5.192953348159790039e-01
5.607322454452514648e-01
4.232051670551300049e-01
4.488452374935150146e-01
4.605136215686798096e-01
4.683079421520233154e-01
3.774905502796173096e-01
3.765719830989837646e-01
3.748565316200256348e-01
3.719946444034576416e-01
3.373472988605499268e-01
3.256073892116546631e-01
3.182644844055175781e-01
3.127337694168090820e-01
3.016601800918579102e-01
2.693671584129333496e-01
2.481976598501205444e-01
2.308700233697891235e-01
6.917853951454162598e-01
6.631963849067687988e-01
6.145364642143249512e-01
5.676646232604980469e-01
5.431777238845825195e-01
4.751248061656951904e-01
3.910781443119049072e-01
3.355575501918792725e-01
2.870532870292663574e-01
4.610615074634552002e-01
3.580228686332702637e-01
2.941378057003021240e-01
2.419365048408508301e-01
4.730536639690399170e-01
3.806605935096740723e-01
3.219518065452575684e-01
2.724261879920959473e-01
5.046828985214233398e-01
4.443995952606201172e-01
4.034107029438018799e-01
3.639034032821655273e-01
0.000000000000000000e+00
1.000000000000000000e+00
1.000000000000000000e+00
1.000000000000000000e+00
1.000000000000000000e+00
1.000000000000000000e+00
8.425455689430236816e-01
8.057202696800231934e-01
7.936327457427978516e-01
8.346613645553588867e-01
8.702178001403808594e-01
7.769212722778320312e-01
7.603232860565185547e-01
7.521826028823852539e-01
7.461890578269958496e-01
8.184165954589843750e-01
8.214086294174194336e-01
8.280853629112243652e-01
8.334462046623229980e-01
8.529067635536193848e-01
8.778325915336608887e-01
8.984274864196777344e-01
9.154487252235412598e-01
8.832942843437194824e-01
8.802282810211181641e-01
8.675341606140136719e-01
8.577049970626831055e-01
7.293783426284790039e-01
7.108930945396423340e-01
6.703181266784667969e-01
6.359080672264099121e-01
6.025003194808959961e-01
5.448338985443115234e-01
4.617822170257568359e-01
4.063981175422668457e-01
3.560156822204589844e-01
5.242381095886230469e-01
4.249187707901000977e-01
3.595657348632812500e-01
3.036805987358093262e-01
5.383414626121520996e-01
4.617200791835784912e-01
4.027800559997558594e-01
3.484098911285400391e-01
5.751844048500061035e-01
5.641434788703918457e-01
6.020990610122680664e-01
6.370974183082580566e-01
0.000000000000000000e+00
1.000000000000000000e+00
1.000000000000000000e+00
1.000000000000000000e+00
0.000000000000000000e+00
