1.000000000000000000e+00
0.000000000000000000e+00
2.085225863115287293e-01
3.889825143193090806e-01
4.879589162952177595e-01
5.324771084071574512e-01
4.997955307320352536e-01
7.405539481214648001e-01
8.829936243992347888e-01
1.000000000000000000e+00
4.688588522665713687e-01
5.926717777643613072e-01
5.104245922665835433e-01
4.417237333485058981e-01
4.138204605895350330e-01
5.090377932774301506e-01
4.390124005733412327e-01
3.783320657037759216e-01
3.704935789111996614e-01
4.402780683698287456e-01
3.781058345067531690e-01
3.261056198947956952e-01
0.000000000000000000e+00
1.000000000000000000e+00
0.000000000000000000e+00
0.000000000000000000e+00
0.000000000000000000e+00
0.000000000000000000e+00
0.000000000000000000e+00
0.000000000000000000e+00
0.000000000000000000e+00
0.000000000000000000e+00
0.000000000000000000e+00
0.000000000000000000e+00
0.000000000000000000e+00
0.000000000000000000e+00
0.000000000000000000e+00
0.000000000000000000e+00
0.000000000000000000e+00
0.000000000000000000e+00
0.000000000000000000e+00
0.000000000000000000e+00
0.000000000000000000e+00
0.000000000000000000e+00
0.000000000000000000e+00
0.000000000000000000e+00
0.000000000000000000e+00
0.000000000000000000e+00
0.000000000000000000e+00
0.000000000000000000e+00
0.000000000000000000e+00
0.000000000000000000e+00
0.000000000000000000e+00
0.000000000000000000e+00
