1.000000000000000000e+00
0.000000000000000000e+00
2.109387646753177470e-01
3.871854008487045640e-01
4.804589838703366977e-01
5.139944450591106273e-01
4.911428649841090843e-01
7.386929121069536475e-01
8.846597931605755250e-01
1.000000000000000000e+00
4.709747598400252366e-01
5.887364862992892078e-01
5.032735863898947226e-01
4.397010558918152956e-01
4.253901797236182003e-01
5.159357697035155121e-01
4.451795985501905140e-01
3.875577559035555120e-01
3.879296974999054681e-01
4.428321719266948286e-01
3.833123836482744129e-01
3.363344917269396328e-01
0.000000000000000000e+00
1.000000000000000000e+00
0.000000000000000000e+00
0.000000000000000000e+00
0.000000000000000000e+00
0.000000000000000000e+00
0.000000000000000000e+00
0.000000000000000000e+00
0.000000000000000000e+00
0.000000000000000000e+00
0.000000000000000000e+00
0.000000000000000000e+00
0.000000000000000000e+00
0.000000000000000000e+00
0.000000000000000000e+00
0.000000000000000000e+00
0.000000000000000000e+00
0.000000000000000000e+00
0.000000000000000000e+00
0.000000000000000000e+00
0.000000000000000000e+00
0.000000000000000000e+00
0.000000000000000000e+00
0.000000000000000000e+00
0.000000000000000000e+00
0.000000000000000000e+00
0.000000000000000000e+00
0.000000000000000000e+00
0.000000000000000000e+00
0.000000000000000000e+00
0.000000000000000000e+00
0.000000000000000000e+00
