-1.000000000000000000e+00
0.000000000000000000e+00
2.295711624324457967e-01
3.926607413019460036e-01
5.005996813141666557e-01
5.385863548005255241e-01
5.508334523952119754e-01
7.421301625222150866e-01
8.821979734596451239e-01
1.000000000000000000e+00
4.996088646444270531e-01
5.616987601184559864e-01
4.654628901666998386e-01
4.124134194846074131e-01
4.013555542133376286e-01
4.431738567716574928e-01
3.584752984278523069e-01
3.154100766334805295e-01
2.956977138068671573e-01
3.362081462411781740e-01
2.769154706459509008e-01
2.348475494983461032e-01
0.000000000000000000e+00
1.000000000000000000e+00
0.000000000000000000e+00
0.000000000000000000e+00
0.000000000000000000e+00
0.000000000000000000e+00
0.000000000000000000e+00
0.000000000000000000e+00
0.000000000000000000e+00
0.000000000000000000e+00
0.000000000000000000e+00
0.000000000000000000e+00
0.000000000000000000e+00
0.000000000000000000e+00
0.000000000000000000e+00
0.000000000000000000e+00
0.000000000000000000e+00
0.000000000000000000e+00
0.000000000000000000e+00
0.000000000000000000e+00
0.000000000000000000e+00
0.000000000000000000e+00
0.000000000000000000e+00
0.000000000000000000e+00
0.000000000000000000e+00
0.000000000000000000e+00
0.000000000000000000e+00
0.000000000000000000e+00
0.000000000000000000e+00
0.000000000000000000e+00
0.000000000000000000e+00
0.000000000000000000e+00
