-1.000000000000000000e+00
0.000000000000000000e+00
1.252296985426670506e-01
2.795761106933928875e-01
3.641679366332543633e-01
4.425468474734139956e-01
5.312308267341196988e-01
7.496730702960352488e-01
8.833814646939533999e-01
1.000000000000000000e+00
4.985557093684564456e-01
5.599367699425830125e-01
4.060793962738828977e-01
3.422472618589206261e-01
4.419269515578672092e-01
4.615908141780825091e-01
3.155857854273348972e-01
2.865605469474254430e-01
3.783320115268026251e-01
3.799098710449864136e-01
2.803622760329195218e-01
2.623118640906567101e-01
1.000000000000000000e+00
1.000000000000000000e+00
0.000000000000000000e+00
0.000000000000000000e+00
0.000000000000000000e+00
0.000000000000000000e+00
0.000000000000000000e+00
0.000000000000000000e+00
0.000000000000000000e+00
0.000000000000000000e+00
0.000000000000000000e+00
0.000000000000000000e+00
0.000000000000000000e+00
0.000000000000000000e+00
0.000000000000000000e+00
0.000000000000000000e+00
0.000000000000000000e+00
0.000000000000000000e+00
0.000000000000000000e+00
0.000000000000000000e+00
0.000000000000000000e+00
0.000000000000000000e+00
0.000000000000000000e+00
0.000000000000000000e+00
0.000000000000000000e+00
0.000000000000000000e+00
0.000000000000000000e+00
0.000000000000000000e+00
0.000000000000000000e+00
0.000000000000000000e+00
0.000000000000000000e+00
0.000000000000000000e+00
