-1.000000000000000000e+00
0.000000000000000000e+00
1.088418054280511221e-01
2.402433430271640746e-01
3.419356706838978521e-01
4.515134634788622314e-01
5.253736357103634402e-01
7.422919798763738530e-01
8.830284678172901636e-01
1.000000000000000000e+00
5.037354695187538089e-01
5.624938258884983888e-01
4.165080137568422658e-01
3.370275036088103415e-01
4.668635098034783493e-01
4.788892630094087610e-01
3.430588774822110887e-01
2.969244332337150349e-01
4.260137777611000542e-01
4.594547858315987110e-01
3.622642404483186751e-01
3.106586228954882900e-01
1.000000000000000000e+00
1.000000000000000000e+00
0.000000000000000000e+00
0.000000000000000000e+00
0.000000000000000000e+00
0.000000000000000000e+00
0.000000000000000000e+00
0.000000000000000000e+00
0.000000000000000000e+00
0.000000000000000000e+00
0.000000000000000000e+00
0.000000000000000000e+00
0.000000000000000000e+00
0.000000000000000000e+00
0.000000000000000000e+00
0.000000000000000000e+00
0.000000000000000000e+00
0.000000000000000000e+00
0.000000000000000000e+00
0.000000000000000000e+00
0.000000000000000000e+00
0.000000000000000000e+00
0.000000000000000000e+00
0.000000000000000000e+00
0.000000000000000000e+00
0.000000000000000000e+00
0.000000000000000000e+00
0.000000000000000000e+00
0.000000000000000000e+00
0.000000000000000000e+00
0.000000000000000000e+00
0.000000000000000000e+00
