-1.000000000000000000e+00
0.000000000000000000e+00
1.189995557819621130e-01
2.679496829235319955e-01
3.643094876438337515e-01
4.517698577102171043e-01
5.323405233892987143e-01
7.499830904268802723e-01
8.856101166306514783e-01
1.000000000000000000e+00
5.060891004496095302e-01
5.684729188575279313e-01
4.203514409708795085e-01
3.517776818593449928e-01
4.586592338321923146e-01
4.747509312978848151e-01
3.347363939931436994e-01
3.017243635319227790e-01
4.057582791673240985e-01
4.044451635087011887e-01
3.013009604988513002e-01
2.716311793647426254e-01
1.000000000000000000e+00
1.000000000000000000e+00
0.000000000000000000e+00
0.000000000000000000e+00
0.000000000000000000e+00
0.000000000000000000e+00
0.000000000000000000e+00
0.000000000000000000e+00
0.000000000000000000e+00
0.000000000000000000e+00
0.000000000000000000e+00
0.000000000000000000e+00
0.000000000000000000e+00
0.000000000000000000e+00
0.000000000000000000e+00
0.000000000000000000e+00
0.000000000000000000e+00
0.000000000000000000e+00
0.000000000000000000e+00
0.000000000000000000e+00
0.000000000000000000e+00
0.000000000000000000e+00
0.000000000000000000e+00
0.000000000000000000e+00
0.000000000000000000e+00
0.000000000000000000e+00
0.000000000000000000e+00
0.000000000000000000e+00
0.000000000000000000e+00
0.000000000000000000e+00
0.000000000000000000e+00
0.000000000000000000e+00
