-1.000000000000000000e+00
0.000000000000000000e+00
2.085061216002909723e-01
3.809036755857461154e-01
5.007106653388263551e-01
5.033073923683897277e-01
5.597915079001954952e-01
7.500708802025781718e-01
8.875277824912586322e-01
1.000000000000000000e+00
5.179324503376145916e-01
5.602984561836850119e-01
4.604537461606295068e-01
3.988200264193063060e-01
4.331408370386574669e-01
4.374627746005916862e-01
3.477421712426873590e-01
3.050037654039925994e-01
3.316530486184977589e-01
3.276940446982637423e-01
2.637285539032563908e-01
2.212505867661511694e-01
1.000000000000000000e+00
1.000000000000000000e+00
0.000000000000000000e+00
0.000000000000000000e+00
0.000000000000000000e+00
0.000000000000000000e+00
0.000000000000000000e+00
0.000000000000000000e+00
0.000000000000000000e+00
0.000000000000000000e+00
0.000000000000000000e+00
0.000000000000000000e+00
0.000000000000000000e+00
0.000000000000000000e+00
0.000000000000000000e+00
0.000000000000000000e+00
0.000000000000000000e+00
0.000000000000000000e+00
0.000000000000000000e+00
0.000000000000000000e+00
0.000000000000000000e+00
0.000000000000000000e+00
0.000000000000000000e+00
0.000000000000000000e+00
0.000000000000000000e+00
0.000000000000000000e+00
0.000000000000000000e+00
0.000000000000000000e+00
0.000000000000000000e+00
0.000000000000000000e+00
0.000000000000000000e+00
0.000000000000000000e+00
