-1.000000000000000000e+00
0.000000000000000000e+00
1.405137592461922769e-01
2.918480584979082915e-01
3.680416320847052503e-01
4.264866262989758239e-01
5.178910446319260341e-01
7.438544367343146169e-01
8.844772123449125001e-01
1.000000000000000000e+00
4.782910117907717140e-01
5.657649750712245851e-01
4.298801728545043610e-01
3.461333788119216326e-01
4.185009960718620858e-01
4.567453246664754385e-01
3.387489738564106734e-01
2.919884983239359189e-01
3.604515631651223906e-01
3.905737397684184709e-01
3.034808243374306769e-01
2.672519464158696900e-01
1.000000000000000000e+00
1.000000000000000000e+00
0.000000000000000000e+00
0.000000000000000000e+00
0.000000000000000000e+00
0.000000000000000000e+00
0.000000000000000000e+00
0.000000000000000000e+00
0.000000000000000000e+00
0.000000000000000000e+00
0.000000000000000000e+00
0.000000000000000000e+00
0.000000000000000000e+00
0.000000000000000000e+00
0.000000000000000000e+00
0.000000000000000000e+00
0.000000000000000000e+00
0.000000000000000000e+00
0.000000000000000000e+00
0.000000000000000000e+00
0.000000000000000000e+00
0.000000000000000000e+00
0.000000000000000000e+00
0.000000000000000000e+00
0.000000000000000000e+00
0.000000000000000000e+00
0.000000000000000000e+00
0.000000000000000000e+00
0.000000000000000000e+00
0.000000000000000000e+00
0.000000000000000000e+00
0.000000000000000000e+00
