-1.000000000000000000e+00
0.000000000000000000e+00
1.166105746782340052e-01
2.641905432152388267e-01
3.393813542867742394e-01
4.124627174424297382e-01
5.117833308880086474e-01
7.389907686322552127e-01
8.783804167184267042e-01
1.000000000000000000e+00
4.858563435434017364e-01
5.250141500814566875e-01
3.727400409592241393e-01
3.083444929721224637e-01
4.362558138692008702e-01
4.427675968267277273e-01
3.020273905534686665e-01
2.700283902585795537e-01
3.829628866785945163e-01
3.859074534583373794e-01
2.864326930527970605e-01
2.598673358422896595e-01
1.000000000000000000e+00
1.000000000000000000e+00
0.000000000000000000e+00
0.000000000000000000e+00
0.000000000000000000e+00
0.000000000000000000e+00
0.000000000000000000e+00
0.000000000000000000e+00
0.000000000000000000e+00
0.000000000000000000e+00
0.000000000000000000e+00
0.000000000000000000e+00
0.000000000000000000e+00
0.000000000000000000e+00
0.000000000000000000e+00
0.000000000000000000e+00
0.000000000000000000e+00
0.000000000000000000e+00
0.000000000000000000e+00
0.000000000000000000e+00
0.000000000000000000e+00
0.000000000000000000e+00
0.000000000000000000e+00
0.000000000000000000e+00
0.000000000000000000e+00
0.000000000000000000e+00
0.000000000000000000e+00
0.000000000000000000e+00
0.000000000000000000e+00
0.000000000000000000e+00
0.000000000000000000e+00
0.000000000000000000e+00
