1.000000000000000000e+00
6.589180231094360352e-01
6.773044466972351074e-01
6.734923720359802246e-01
6.638328433036804199e-01
6.562784314155578613e-01
5.643526315689086914e-01
6.132101416587829590e-01
6.492463350296020508e-01
6.578430533409118652e-01
5.423534512519836426e-01
6.120538115501403809e-01
6.494541764259338379e-01
6.553384661674499512e-01
5.397962331771850586e-01
6.138461232185363770e-01
6.464512348175048828e-01
6.520854234695434570e-01
5.508842468261718750e-01
6.187684535980224609e-01
6.514461636543273926e-01
6.600635051727294922e-01
9.227005243301391602e-01
8.481677770614624023e-01
7.681562900543212891e-01
7.106899619102478027e-01
6.720054149627685547e-01
7.176266908645629883e-01
6.800552010536193848e-01
7.160735130310058594e-01
7.541196942329406738e-01
7.651411294937133789e-01
7.482192516326904297e-01
7.858543992042541504e-01
8.166928291320800781e-01
8.230074048042297363e-01
8.174667358398437500e-01
8.433683514595031738e-01
8.646087050437927246e-01
8.833503127098083496e-01
8.850165605545043945e-01
9.009927511215209961e-01
9.119710326194763184e-01
1.000000000000000000e+00
0.000000000000000000e+00
0.000000000000000000e+00
0.000000000000000000e+00
0.000000000000000000e+00
0.000000000000000000e+00
0.000000000000000000e+00
0.000000000000000000e+00
0.000000000000000000e+00
0.000000000000000000e+00
0.000000000000000000e+00
0.000000000000000000e+00
0.000000000000000000e+00
0.000000000000000000e+00
0.000000000000000000e+00
0.000000000000000000e+00
0.000000000000000000e+00
0.000000000000000000e+00
0.000000000000000000e+00
0.000000000000000000e+00
0.000000000000000000e+00
0.000000000000000000e+00
0.000000000000000000e+00
0.000000000000000000e+00
0.000000000000000000e+00
0.000000000000000000e+00
0.000000000000000000e+00
0.000000000000000000e+00
0.000000000000000000e+00
0.000000000000000000e+00
0.000000000000000000e+00
0.000000000000000000e+00
0.000000000000000000e+00
0.000000000000000000e+00
0.000000000000000000e+00
0.000000000000000000e+00
0.000000000000000000e+00
0.000000000000000000e+00
0.000000000000000000e+00
0.000000000000000000e+00
0.000000000000000000e+00
0.000000000000000000e+00
0.000000000000000000e+00
0.000000000000000000e+00
0.000000000000000000e+00
0.000000000000000000e+00
0.000000000000000000e+00
0.000000000000000000e+00
0.000000000000000000e+00
0.000000000000000000e+00
0.000000000000000000e+00
0.000000000000000000e+00
0.000000000000000000e+00
