-1.000000000000000000e+00
2.820926010608673096e-01
3.428731560707092285e-01
3.944412171840667725e-01
3.790481984615325928e-01
3.346474468708038330e-01
4.095974564552307129e-01
4.588988423347473145e-01
4.841032624244689941e-01
5.023985505104064941e-01
3.619561791419982910e-01
3.876600265502929688e-01
4.001003503799438477e-01
4.074070453643798828e-01
3.125317394733428955e-01
3.228551745414733887e-01
3.297967314720153809e-01
3.351148366928100586e-01
2.603115141391754150e-01
2.334290146827697754e-01
2.141213119029998779e-01
1.994349509477615356e-01
8.339769840240478516e-01
8.126294016838073730e-01
7.538023591041564941e-01
6.783328056335449219e-01
6.386722326278686523e-01
6.101242899894714355e-01
5.217190384864807129e-01
4.615728259086608887e-01
4.082261919975280762e-01
5.713440179824829102e-01
4.558292925357818604e-01
3.798498213291168213e-01
3.159837424755096436e-01
5.705989599227905273e-01
4.676653742790222168e-01
3.972604870796203613e-01
3.369054794311523438e-01
5.970454216003417969e-01
5.220524668693542480e-01
4.708833098411560059e-01
4.228989779949188232e-01
1.000000000000000000e+00
1.000000000000000000e+00
1.000000000000000000e+00
1.000000000000000000e+00
1.000000000000000000e+00
1.000000000000000000e+00
8.893343806266784668e-01
8.076483011245727539e-01
7.291525006294250488e-01
6.688315868377685547e-01
6.192058920860290527e-01
7.460943460464477539e-01
7.006984353065490723e-01
6.770740747451782227e-01
6.575319766998291016e-01
7.892324328422546387e-01
7.583954334259033203e-01
7.413139939308166504e-01
7.251300811767578125e-01
8.363248109817504883e-01
8.117095232009887695e-01
7.941986322402954102e-01
7.759954929351806641e-01
8.867242336273193359e-01
8.846214413642883301e-01
8.821448087692260742e-01
8.767397999763488770e-01
6.640047430992126465e-01
6.610412001609802246e-01
6.232727169990539551e-01
5.923687815666198730e-01
5.837855339050292969e-01
4.529519081115722656e-01
3.645704090595245361e-01
3.084328174591064453e-01
2.558456659317016602e-01
4.177253246307373047e-01
3.081042170524597168e-01
2.390550225973129272e-01
1.769928038120269775e-01
4.091677069664001465e-01
3.071737289428710938e-01
2.450172305107116699e-01
1.878622770309448242e-01
4.187289476394653320e-01
3.354780077934265137e-01
2.811144888401031494e-01
2.274027615785598755e-01
1.000000000000000000e+00
1.000000000000000000e+00
1.000000000000000000e+00
1.000000000000000000e+00
1.000000000000000000e+00
