-1.000000000000000000e+00
2.985194921493530273e-01
3.618453443050384521e-01
4.109888672828674316e-01
3.967542052268981934e-01
3.563162684440612793e-01
4.089125096797943115e-01
4.492083787918090820e-01
4.691390991210937500e-01
4.836714863777160645e-01
3.655692636966705322e-01
3.865170776844024658e-01
3.964875638484954834e-01
4.010540544986724854e-01
3.216133415699005127e-01
3.242209553718566895e-01
3.251414299011230469e-01
3.252988457679748535e-01
2.750694155693054199e-01
2.391610890626907349e-01
2.159840464591979980e-01
1.966808140277862549e-01
8.359202742576599121e-01
8.082764148712158203e-01
7.445399165153503418e-01
6.768512129783630371e-01
6.502683162689208984e-01
6.129015088081359863e-01
5.240971446037292480e-01
4.652148485183715820e-01
4.129060506820678711e-01
5.851620435714721680e-01
4.699820578098297119e-01
3.942415118217468262e-01
3.301065564155578613e-01
5.914622545242309570e-01
4.824892878532409668e-01
4.111545383930206299e-01
3.500579893589019775e-01
6.227573156356811523e-01
5.453280806541442871e-01
4.959661960601806641e-01
4.491575956344604492e-01
1.000000000000000000e+00
1.000000000000000000e+00
1.000000000000000000e+00
1.000000000000000000e+00
1.000000000000000000e+00
1.000000000000000000e+00
8.881868720054626465e-01
8.079503774642944336e-01
7.310177683830261230e-01
6.719516515731811523e-01
6.231628656387329102e-01
7.487214207649230957e-01
7.055209279060363770e-01
6.828780174255371094e-01
6.643446683883666992e-01
7.912849783897399902e-01
7.612447738647460938e-01
7.446535229682922363e-01
7.292577624320983887e-01
8.371980190277099609e-01
8.141153454780578613e-01
7.979000806808471680e-01
7.810143232345581055e-01
8.861743211746215820e-01
8.855621814727783203e-01
8.846672177314758301e-01
8.810366392135620117e-01
6.689021587371826172e-01
6.659418344497680664e-01
6.273458600044250488e-01
5.953969955444335938e-01
5.866431593894958496e-01
4.602803885936737061e-01
3.729229271411895752e-01
3.175112605094909668e-01
2.663292884826660156e-01
4.266496300697326660e-01
3.201785683631896973e-01
2.530913650989532471e-01
1.932637691497802734e-01
4.185287356376647949e-01
3.190026581287384033e-01
2.576419711112976074e-01
2.016408145427703857e-01
4.279566705226898193e-01
3.469188213348388672e-01
2.936493754386901855e-01
2.411025017499923706e-01
1.000000000000000000e+00
1.000000000000000000e+00
1.000000000000000000e+00
1.000000000000000000e+00
1.000000000000000000e+00
