-1.000000000000000000e+00
3.118847906589508057e-01
3.752445578575134277e-01
4.208271503448486328e-01
4.191474020481109619e-01
3.942790925502777100e-01
4.120954871177673340e-01
4.394727945327758789e-01
4.512979686260223389e-01
4.600780904293060303e-01
3.739038109779357910e-01
3.854372501373291016e-01
3.912422060966491699e-01
3.930559754371643066e-01
3.353187441825866699e-01
3.335930705070495605e-01
3.294403254985809326e-01
3.259790837764739990e-01
2.969856560230255127e-01
2.600569128990173340e-01
2.360482662916183472e-01
2.154909074306488037e-01
8.389061689376831055e-01
8.006705045700073242e-01
7.313755750656127930e-01
6.594139337539672852e-01
6.123046875000000000e-01
6.106914281845092773e-01
5.180375576019287109e-01
4.616534113883972168e-01
4.124405086040496826e-01
5.932118892669677734e-01
4.779936671257019043e-01
4.032042622566223145e-01
3.426795005798339844e-01
6.043386459350585938e-01
4.923135042190551758e-01
4.204640984535217285e-01
3.613402843475341797e-01
6.383440494537353516e-01
5.659542083740234375e-01
5.162451863288879395e-01
4.705147147178649902e-01
1.000000000000000000e+00
1.000000000000000000e+00
1.000000000000000000e+00
1.000000000000000000e+00
1.000000000000000000e+00
1.000000000000000000e+00
8.802108764648437500e-01
7.998663187026977539e-01
7.247273921966552734e-01
6.726142168045043945e-01
6.313779950141906738e-01
7.515860795974731445e-01
7.143710851669311523e-01
6.935668587684631348e-01
6.761639714241027832e-01
7.932509779930114746e-01
7.671234607696533203e-01
7.530142664909362793e-01
7.398843169212341309e-01
8.372674584388732910e-01
8.175290822982788086e-01
8.050038814544677734e-01
7.912319302558898926e-01
8.846275210380554199e-01
8.880297541618347168e-01
8.898556232452392578e-01
8.886381387710571289e-01
6.754517555236816406e-01
6.653668880462646484e-01
6.201629638671875000e-01
5.845332145690917969e-01
5.683457255363464355e-01
4.615698754787445068e-01
3.737863302230834961e-01
3.193223178386688232e-01
2.703306674957275391e-01
4.323166012763977051e-01
3.254451751708984375e-01
2.594078779220581055e-01
2.019276618957519531e-01
4.266831874847412109e-01
3.249856233596801758e-01
2.636003494262695312e-01
2.082892954349517822e-01
4.380515813827514648e-01
3.565374910831451416e-01
3.020025491714477539e-01
2.496128529310226440e-01
1.000000000000000000e+00
1.000000000000000000e+00
1.000000000000000000e+00
1.000000000000000000e+00
1.000000000000000000e+00
