1.000000000000000000e+00
3.894950449466705322e-01
3.906598687171936035e-01
3.962310850620269775e-01
4.091964960098266602e-01
4.260912537574768066e-01
3.879504799842834473e-01
3.956486582756042480e-01
3.991715610027313232e-01
4.005821943283081055e-01
4.031693637371063232e-01
4.189652800559997559e-01
4.289213120937347412e-01
4.354886114597320557e-01
4.223138689994812012e-01
4.382232725620269775e-01
4.466367363929748535e-01
4.511705040931701660e-01
4.456748068332672119e-01
4.683762490749359131e-01
4.809039235115051270e-01
4.916431903839111328e-01
8.280575871467590332e-01
7.591699361801147461e-01
6.889945864677429199e-01
6.398647427558898926e-01
6.043760180473327637e-01
6.408497691154479980e-01
5.536742210388183594e-01
4.993405342102050781e-01
4.562438726425170898e-01
6.399968862533569336e-01
5.455833077430725098e-01
4.864256381988525391e-01
4.389439225196838379e-01
6.543125510215759277e-01
5.618475079536437988e-01
5.021405220031738281e-01
4.528809189796447754e-01
6.808820962905883789e-01
6.304372549057006836e-01
5.923365950584411621e-01
5.593921542167663574e-01
0.000000000000000000e+00
1.000000000000000000e+00
1.000000000000000000e+00
1.000000000000000000e+00
1.000000000000000000e+00
1.000000000000000000e+00
8.396148085594177246e-01
7.956394553184509277e-01
7.744822502136230469e-01
7.726762890815734863e-01
7.609391808509826660e-01
7.690956592559814453e-01
7.503205537796020508e-01
7.373348474502563477e-01
7.257450222969055176e-01
7.848411798477172852e-01
7.652355432510375977e-01
7.500873208045959473e-01
7.361444234848022461e-01
8.017206192016601562e-01
7.861563563346862793e-01
7.727468013763427734e-01
7.597808837890625000e-01
8.201520442962646484e-01
8.134977221488952637e-01
8.081237077713012695e-01
8.023969531059265137e-01
6.836212873458862305e-01
6.664494872093200684e-01
6.145856976509094238e-01
5.660147666931152344e-01
5.358055830001831055e-01
4.911630153656005859e-01
4.168528914451599121e-01
3.689007759094238281e-01
3.265435099601745605e-01
4.751067757606506348e-01
3.878352046012878418e-01
3.300054669380187988e-01
2.818792462348937988e-01
4.735778272151947021e-01
3.867366909980773926e-01
3.315343260765075684e-01
2.857823371887207031e-01
4.845719933509826660e-01
4.134246706962585449e-01
3.658592104911804199e-01
3.250232338905334473e-01
1.000000000000000000e+00
1.000000000000000000e+00
1.000000000000000000e+00
1.000000000000000000e+00
1.000000000000000000e+00
