-1.000000000000000000e+00
4.054924249649047852e-01
4.552058875560760498e-01
4.887903332710266113e-01
4.920743107795715332e-01
4.652691185474395752e-01
4.799821376800537109e-01
4.996454715728759766e-01
5.102365016937255859e-01
5.176389217376708984e-01
4.564166069030761719e-01
4.701654911041259766e-01
4.798257052898406982e-01
4.854831993579864502e-01
4.315740168094635010e-01
4.366989433765411377e-01
4.397305548191070557e-01
4.427408874034881592e-01
4.047647714614868164e-01
3.761541843414306641e-01
3.591424226760864258e-01
3.450383245944976807e-01
7.949302196502685547e-01
7.687202692031860352e-01
7.087980508804321289e-01
6.534944772720336914e-01
6.388027071952819824e-01
6.049047112464904785e-01
5.299502015113830566e-01
4.829934239387512207e-01
4.444875419139862061e-01
5.947288870811462402e-01
5.039822459220886230e-01
4.455178380012512207e-01
3.982480764389038086e-01
6.058614850044250488e-01
5.163574814796447754e-01
4.597362279891967773e-01
4.147149026393890381e-01
6.347656250000000000e-01
5.768922567367553711e-01
5.336084365844726562e-01
4.963772892951965332e-01
1.000000000000000000e+00
1.000000000000000000e+00
1.000000000000000000e+00
1.000000000000000000e+00
1.000000000000000000e+00
1.000000000000000000e+00
8.544981479644775391e-01
7.891689538955688477e-01
7.236995697021484375e-01
6.807478666305541992e-01
6.469674110412597656e-01
7.234460711479187012e-01
6.824479103088378906e-01
6.588085889816284180e-01
6.393908858299255371e-01
7.530257105827331543e-01
7.170147299766540527e-01
6.961693763732910156e-01
6.790217161178588867e-01
7.893564701080322266e-01
7.613109350204467773e-01
7.418060302734375000e-01
7.243349552154541016e-01
8.315708041191101074e-01
8.288449048995971680e-01
8.256335258483886719e-01
8.206301927566528320e-01
6.624042987823486328e-01
6.613363027572631836e-01
6.348313093185424805e-01
6.129533648490905762e-01
6.045644879341125488e-01
4.883667528629302979e-01
4.205386340618133545e-01
3.803941309452056885e-01
3.439539074897766113e-01
4.580664634704589844e-01
3.726027607917785645e-01
3.189240992069244385e-01
2.742932736873626709e-01
4.464282989501953125e-01
3.632492721080780029e-01
3.125963211059570312e-01
2.693423032760620117e-01
4.487810432910919189e-01
3.725986182689666748e-01
3.211474418640136719e-01
2.738182544708251953e-01
1.000000000000000000e+00
1.000000000000000000e+00
1.000000000000000000e+00
1.000000000000000000e+00
1.000000000000000000e+00
