-1.000000000000000000e+00
3.923743665218353271e-01
4.449351727962493896e-01
4.839408397674560547e-01
4.850020110607147217e-01
4.580174088478088379e-01
4.722681641578674316e-01
5.006712675094604492e-01
5.166617631912231445e-01
5.276194810867309570e-01
4.458701312541961670e-01
4.660962820053100586e-01
4.767272472381591797e-01
4.813052415847778320e-01
4.172556698322296143e-01
4.228414595127105713e-01
4.259411096572875977e-01
4.274456202983856201e-01
3.858217298984527588e-01
3.555235564708709717e-01
3.353705108165740967e-01
3.179242014884948730e-01
7.938489913940429688e-01
7.673700451850891113e-01
7.103538513183593750e-01
6.562772393226623535e-01
6.327050924301147461e-01
6.063022017478942871e-01
5.319560170173645020e-01
4.848998785018920898e-01
4.428122639656066895e-01
5.908833146095275879e-01
4.996143877506256104e-01
4.395899176597595215e-01
3.900282084941864014e-01
5.979344248771667480e-01
5.076139569282531738e-01
4.487680196762084961e-01
4.003044366836547852e-01
6.243604421615600586e-01
5.634186267852783203e-01
5.202505588531494141e-01
4.812012910842895508e-01
1.000000000000000000e+00
1.000000000000000000e+00
1.000000000000000000e+00
1.000000000000000000e+00
1.000000000000000000e+00
1.000000000000000000e+00
8.571930527687072754e-01
7.887021899223327637e-01
7.214599847793579102e-01
6.749230623245239258e-01
6.386698484420776367e-01
7.227591872215270996e-01
6.790028810501098633e-01
6.539999246597290039e-01
6.338239312171936035e-01
7.532745003700256348e-01
7.165578007698059082e-01
6.958452463150024414e-01
6.788147091865539551e-01
7.907626032829284668e-01
7.615465521812438965e-01
7.416791319847106934e-01
7.232004404067993164e-01
8.340921401977539062e-01
8.306865096092224121e-01
8.275768756866455078e-01
8.226990103721618652e-01
6.494507789611816406e-01
6.528986692428588867e-01
6.295884251594543457e-01
6.085634827613830566e-01
6.001034379005432129e-01
4.817779660224914551e-01
4.145145714282989502e-01
3.728825449943542480e-01
3.347224891185760498e-01
4.488644599914550781e-01
3.642463684082031250e-01
3.114260733127593994e-01
2.670576572418212891e-01
4.357087612152099609e-01
3.526400625705718994e-01
3.040104508399963379e-01
2.613638043403625488e-01
4.369056522846221924e-01
3.607424199581146240e-01
3.111398816108703613e-01
2.639688551425933838e-01
1.000000000000000000e+00
1.000000000000000000e+00
1.000000000000000000e+00
1.000000000000000000e+00
1.000000000000000000e+00
