-1.000000000000000000e+00
3.578406870365142822e-01
4.096575379371643066e-01
4.495374858379364014e-01
4.480068385601043701e-01
4.270725846290588379e-01
4.705527424812316895e-01
5.164094567298889160e-01
5.385398268699645996e-01
5.540520548820495605e-01
4.343950152397155762e-01
4.598539471626281738e-01
4.740015268325805664e-01
4.834493398666381836e-01
3.942530155181884766e-01
4.070972502231597900e-01
4.149075448513031006e-01
4.217900335788726807e-01
3.513447940349578857e-01
3.331257402896881104e-01
3.205983638763427734e-01
3.112502694129943848e-01
7.969892024993896484e-01
7.812826633453369141e-01
7.378383278846740723e-01
6.800488829612731934e-01
6.426658630371093750e-01
6.213958263397216797e-01
5.518115162849426270e-01
5.045204758644104004e-01
4.635322690010070801e-01
5.884878635406494141e-01
4.929908215999603271e-01
4.321842789649963379e-01
3.835373818874359131e-01
5.851269960403442383e-01
4.975996613502502441e-01
4.391133487224578857e-01
3.914545774459838867e-01
6.040866374969482422e-01
5.426142215728759766e-01
5.004550218582153320e-01
4.632797837257385254e-01
1.000000000000000000e+00
1.000000000000000000e+00
1.000000000000000000e+00
1.000000000000000000e+00
1.000000000000000000e+00
1.000000000000000000e+00
8.913801312446594238e-01
8.211135864257812500e-01
7.548782229423522949e-01
7.003360986709594727e-01
6.548273563385009766e-01
7.586739659309387207e-01
7.109882235527038574e-01
6.845120787620544434e-01
6.635367870330810547e-01
7.944914102554321289e-01
7.598466873168945312e-01
7.379997372627258301e-01
7.199074029922485352e-01
8.345599770545959473e-01
8.140841126441955566e-01
7.996627092361450195e-01
7.861342430114746094e-01
8.773678541183471680e-01
8.827085494995117188e-01
8.849819302558898926e-01
8.855327963829040527e-01
6.532875299453735352e-01
6.601034998893737793e-01
6.423529386520385742e-01
6.266481876373291016e-01
6.263234615325927734e-01
4.823546707630157471e-01
4.079645574092864990e-01
3.604064881801605225e-01
3.168215155601501465e-01
4.451540410518646240e-01
3.504241704940795898e-01
2.901588678359985352e-01
2.387895286083221436e-01
4.320378601551055908e-01
3.400277495384216309e-01
2.828046083450317383e-01
2.336918711662292480e-01
4.363567531108856201e-01
3.621765375137329102e-01
3.129562139511108398e-01
2.671657800674438477e-01
1.000000000000000000e+00
1.000000000000000000e+00
1.000000000000000000e+00
1.000000000000000000e+00
1.000000000000000000e+00
