-1.000000000000000000e+00
3.584490120410919189e-01
4.117140471935272217e-01
4.541962742805480957e-01
4.434547126293182373e-01
4.116853177547454834e-01
4.718138873577117920e-01
5.178070664405822754e-01
5.406235456466674805e-01
5.577614307403564453e-01
4.357154965400695801e-01
4.641148149967193604e-01
4.791694581508636475e-01
4.896050691604614258e-01
3.964036703109741211e-01
4.119985103607177734e-01
4.206466376781463623e-01
4.276348054409027100e-01
3.542061746120452881e-01
3.358137011528015137e-01
3.227043151855468750e-01
3.122029304504394531e-01
8.224155902862548828e-01
8.054654002189636230e-01
7.580106258392333984e-01
6.955083608627319336e-01
6.601488590240478516e-01
6.477299928665161133e-01
5.792575478553771973e-01
5.318932533264160156e-01
4.905237555503845215e-01
6.136274337768554688e-01
5.223317742347717285e-01
4.620114564895629883e-01
4.123603105545043945e-01
6.097523570060729980e-01
5.242401361465454102e-01
4.660400152206420898e-01
4.167857170104980469e-01
6.282520294189453125e-01
5.699410438537597656e-01
5.288397073745727539e-01
4.909431338310241699e-01
1.000000000000000000e+00
1.000000000000000000e+00
1.000000000000000000e+00
1.000000000000000000e+00
1.000000000000000000e+00
1.000000000000000000e+00
9.047856926918029785e-01
8.376559615135192871e-01
7.757202982902526855e-01
7.223787903785705566e-01
6.747373342514038086e-01
7.773401737213134766e-01
7.318904399871826172e-01
7.071237564086914062e-01
6.870518922805786133e-01
8.125661015510559082e-01
7.811097502708435059e-01
7.617031931877136230e-01
7.446167469024658203e-01
8.509073853492736816e-01
8.299371004104614258e-01
8.139885663986206055e-01
7.984652519226074219e-01
8.917929530143737793e-01
8.965497016906738281e-01
8.977444171905517578e-01
8.965187072753906250e-01
6.556631922721862793e-01
6.678233742713928223e-01
6.537910699844360352e-01
6.380463838577270508e-01
6.347240209579467773e-01
4.938369989395141602e-01
4.204136133193969727e-01
3.717740774154663086e-01
3.267129957675933838e-01
4.570980370044708252e-01
3.639189600944519043e-01
3.038632869720458984e-01
2.506958246231079102e-01
4.441335201263427734e-01
3.543930947780609131e-01
3.006146550178527832e-01
2.529250383377075195e-01
4.473594427108764648e-01
3.762321770191192627e-01
3.294662833213806152e-01
2.844104766845703125e-01
1.000000000000000000e+00
1.000000000000000000e+00
1.000000000000000000e+00
1.000000000000000000e+00
1.000000000000000000e+00
