-1.000000000000000000e+00
3.393467068672180176e-01
3.892729282379150391e-01
4.179585874080657959e-01
4.040320813655853271e-01
3.734699785709381104e-01
4.190151989459991455e-01
4.490160644054412842e-01
4.633764326572418213e-01
4.727222621440887451e-01
3.755425810813903809e-01
3.826925456523895264e-01
3.851712942123413086e-01
3.858387470245361328e-01
3.340912461280822754e-01
3.304670453071594238e-01
3.281103968620300293e-01
3.276895880699157715e-01
2.946252226829528809e-01
2.634108662605285645e-01
2.401536107063293457e-01
2.218804508447647095e-01
8.532978892326354980e-01
8.176224827766418457e-01
7.554599046707153320e-01
7.004099488258361816e-01
6.777156591415405273e-01
6.395246982574462891e-01
5.549082756042480469e-01
5.018098354339599609e-01
4.566665291786193848e-01
6.205041408538818359e-01
5.189228653907775879e-01
4.542992115020751953e-01
4.044553339481353760e-01
6.315201520919799805e-01
5.380642414093017578e-01
4.782782196998596191e-01
4.300109148025512695e-01
6.667395234107971191e-01
6.102046370506286621e-01
5.724819302558898926e-01
5.389142632484436035e-01
1.000000000000000000e+00
1.000000000000000000e+00
1.000000000000000000e+00
1.000000000000000000e+00
1.000000000000000000e+00
1.000000000000000000e+00
9.085470438003540039e-01
8.357055783271789551e-01
7.741726040840148926e-01
7.257267236709594727e-01
6.796363592147827148e-01
8.127930760383605957e-01
7.849407792091369629e-01
7.723081111907958984e-01
7.631270289421081543e-01
8.551192879676818848e-01
8.441428542137145996e-01
8.388345241546630859e-01
8.346003293991088867e-01
8.963447213172912598e-01
8.962170481681823730e-01
8.947190642356872559e-01
8.921356201171875000e-01
9.371988773345947266e-01
9.627860784530639648e-01
9.777882099151611328e-01
9.891406297683715820e-01
6.943449974060058594e-01
6.780794262886047363e-01
6.343098282814025879e-01
5.957636237144470215e-01
5.792285799980163574e-01
4.832415878772735596e-01
3.935964107513427734e-01
3.368242681026458740e-01
2.872138321399688721e-01
4.613688290119171143e-01
3.584809601306915283e-01
2.937236130237579346e-01
2.386102378368377686e-01
4.638827741146087646e-01
3.677479028701782227e-01
3.096364140510559082e-01
2.578870654106140137e-01
4.853750467300415039e-01
4.200759530067443848e-01
3.754917085170745850e-01
3.319419026374816895e-01
1.000000000000000000e+00
1.000000000000000000e+00
1.000000000000000000e+00
1.000000000000000000e+00
1.000000000000000000e+00
