-1.000000000000000000e+00
2.322250008583068848e-01
2.820030152797698975e-01
3.140690028667449951e-01
3.036872744560241699e-01
2.742242515087127686e-01
3.133327960968017578e-01
3.463657796382904053e-01
3.601243495941162109e-01
3.690708875656127930e-01
2.704716324806213379e-01
2.813740968704223633e-01
2.838036715984344482e-01
2.834584116935729980e-01
2.286380976438522339e-01
2.297323793172836304e-01
2.281863987445831299e-01
2.280569523572921753e-01
1.875306963920593262e-01
1.577114015817642212e-01
1.378592848777770996e-01
1.232713758945465088e-01
8.482171297073364258e-01
8.064837455749511719e-01
7.524817585945129395e-01
7.005893588066101074e-01
6.708031296730041504e-01
6.370773315429687500e-01
5.492614507675170898e-01
4.966871142387390137e-01
4.527627229690551758e-01
6.170471906661987305e-01
5.125238895416259766e-01
4.493608772754669189e-01
4.011345207691192627e-01
6.255449652671813965e-01
5.315679311752319336e-01
4.714531302452087402e-01
4.242244958877563477e-01
6.562051177024841309e-01
5.976123213768005371e-01
5.592244267463684082e-01
5.267177820205688477e-01
1.000000000000000000e+00
1.000000000000000000e+00
1.000000000000000000e+00
1.000000000000000000e+00
1.000000000000000000e+00
1.000000000000000000e+00
7.438187599182128906e-01
6.755805611610412598e-01
6.056730747222900391e-01
5.541971921920776367e-01
5.129719376564025879e-01
6.282399892807006836e-01
5.926424264907836914e-01
5.747752189636230469e-01
5.624589323997497559e-01
6.655008792877197266e-01
6.443161964416503906e-01
6.338183879852294922e-01
6.272742152214050293e-01
7.062162160873413086e-01
6.950088143348693848e-01
6.876543164253234863e-01
6.824319362640380859e-01
7.497101426124572754e-01
7.641361951828002930e-01
7.744920253753662109e-01
7.839619517326354980e-01
6.525378823280334473e-01
6.471812725067138672e-01
6.131852269172668457e-01
5.843128561973571777e-01
5.797024965286254883e-01
4.629780352115631104e-01
3.828939795494079590e-01
3.320981264114379883e-01
2.892828583717346191e-01
4.348711371421813965e-01
3.379665613174438477e-01
2.798192501068115234e-01
2.313531786203384399e-01
4.283303618431091309e-01
3.353289365768432617e-01
2.822011113166809082e-01
2.377840578556060791e-01
4.408938884735107422e-01
3.712425529956817627e-01
3.264937400817871094e-01
2.869164645671844482e-01
1.000000000000000000e+00
1.000000000000000000e+00
1.000000000000000000e+00
1.000000000000000000e+00
1.000000000000000000e+00
