-1.000000000000000000e+00
2.216316014528274536e-01
2.685973942279815674e-01
2.996772229671478271e-01
2.896900177001953125e-01
2.586650550365447998e-01
2.995888292789459229e-01
3.294467628002166748e-01
3.435294032096862793e-01
3.533277511596679688e-01
2.568805217742919922e-01
2.662427425384521484e-01
2.694072723388671875e-01
2.710753679275512695e-01
2.146541923284530640e-01
2.145489305257797241e-01
2.126518785953521729e-01
2.126664817333221436e-01
1.728813052177429199e-01
1.422554552555084229e-01
1.201108917593955994e-01
1.032674312591552734e-01
8.456560373306274414e-01
8.086373805999755859e-01
7.524343729019165039e-01
7.006214857101440430e-01
6.725231409072875977e-01
6.343768835067749023e-01
5.491036772727966309e-01
4.958522915840148926e-01
4.503819346427917480e-01
6.140093803405761719e-01
5.113862156867980957e-01
4.473638832569122314e-01
3.956072032451629639e-01
6.232208609580993652e-01
5.277435183525085449e-01
4.677139818668365479e-01
4.182329773902893066e-01
6.559736132621765137e-01
5.956522822380065918e-01
5.558757781982421875e-01
5.201232433319091797e-01
1.000000000000000000e+00
1.000000000000000000e+00
1.000000000000000000e+00
1.000000000000000000e+00
1.000000000000000000e+00
1.000000000000000000e+00
7.230618596076965332e-01
6.521735787391662598e-01
5.813243985176086426e-01
5.281133651733398438e-01
4.847510457038879395e-01
6.044858098030090332e-01
5.681118369102478027e-01
5.476573705673217773e-01
5.317467451095581055e-01
6.426087617874145508e-01
6.194772720336914062e-01
6.063630580902099609e-01
5.956660509109497070e-01
6.832134127616882324e-01
6.689752340316772461e-01
6.579310297966003418e-01
6.471182703971862793e-01
7.267460823059082031e-01
7.396659851074218750e-01
7.492269873619079590e-01
7.563794851303100586e-01
6.520311236381530762e-01
6.525670886039733887e-01
6.192566156387329102e-01
5.898087620735168457e-01
5.808368921279907227e-01
4.621712863445281982e-01
3.820800185203552246e-01
3.324239253997802734e-01
2.882674336433410645e-01
4.346497356891632080e-01
3.360832631587982178e-01
2.762888371944427490e-01
2.248181402683258057e-01
4.297764897346496582e-01
3.376961350440979004e-01
2.816402316093444824e-01
2.315855920314788818e-01
4.424148499965667725e-01
3.696277737617492676e-01
3.214857876300811768e-01
2.762494087219238281e-01
1.000000000000000000e+00
1.000000000000000000e+00
1.000000000000000000e+00
1.000000000000000000e+00
1.000000000000000000e+00
