-1.000000000000000000e+00
2.218007892370223999e-01
2.701630592346191406e-01
3.054008781909942627e-01
3.007172942161560059e-01
2.803690731525421143e-01
3.113771975040435791e-01
3.473052084445953369e-01
3.639409542083740234e-01
3.760000169277191162e-01
2.682356834411621094e-01
2.820023298263549805e-01
2.867075800895690918e-01
2.894535064697265625e-01
2.249962985515594482e-01
2.284363508224487305e-01
2.271809577941894531e-01
2.278041243553161621e-01
1.830294132232666016e-01
1.548038125038146973e-01
1.344630122184753418e-01
1.190449520945549011e-01
8.229798078536987305e-01
7.906982898712158203e-01
7.413379549980163574e-01
6.833558082580566406e-01
6.435556411743164062e-01
6.131074428558349609e-01
5.296633243560791016e-01
4.757693409919738770e-01
4.289193153381347656e-01
5.877614021301269531e-01
4.868978261947631836e-01
4.228838086128234863e-01
3.695579469203948975e-01
5.929199457168579102e-01
4.978666305541992188e-01
4.385039210319519043e-01
3.887833654880523682e-01
6.217453479766845703e-01
5.625997781753540039e-01
5.251210331916809082e-01
4.905343353748321533e-01
1.000000000000000000e+00
1.000000000000000000e+00
1.000000000000000000e+00
1.000000000000000000e+00
1.000000000000000000e+00
1.000000000000000000e+00
7.280693054199218750e-01
6.552126407623291016e-01
5.849879980087280273e-01
5.338922739028930664e-01
4.911074042320251465e-01
6.128888726234436035e-01
5.767978429794311523e-01
5.587306022644042969e-01
5.443281531333923340e-01
6.523373723030090332e-01
6.318563818931579590e-01
6.213768124580383301e-01
6.125028729438781738e-01
6.936715245246887207e-01
6.817291975021362305e-01
6.734445095062255859e-01
6.648359894752502441e-01
7.369835376739501953e-01
7.529136538505554199e-01
7.631313800811767578e-01
7.710399627685546875e-01
6.522653102874755859e-01
6.463526487350463867e-01
6.091789603233337402e-01
5.778201818466186523e-01
5.700998902320861816e-01
4.520356059074401855e-01
3.693613409996032715e-01
3.157414197921752930e-01
2.680807113647460938e-01
4.251729249954223633e-01
3.252343237400054932e-01
2.629978060722351074e-01
2.089428603649139404e-01
4.215365648269653320e-01
3.273162543773651123e-01
2.700380682945251465e-01
2.184438705444335938e-01
4.361621737480163574e-01
3.659746050834655762e-01
3.175688385963439941e-01
2.704573869705200195e-01
1.000000000000000000e+00
1.000000000000000000e+00
1.000000000000000000e+00
1.000000000000000000e+00
1.000000000000000000e+00
