1.000000000000000000e+00
3.615213334560394287e-01
3.617968559265136719e-01
3.260005116462707520e-01
2.979018986225128174e-01
3.031712174415588379e-01
2.173418402671813965e-01
1.743268668651580811e-01
2.343319058418273926e-01
2.564793825149536133e-01
2.013568431138992310e-01
1.633540093898773193e-01
2.372368872165679932e-01
2.459827214479446411e-01
1.958453357219696045e-01
1.647028774023056030e-01
2.308025360107421875e-01
2.406687289476394653e-01
1.973903179168701172e-01
1.748239845037460327e-01
2.226656675338745117e-01
2.387416362762451172e-01
8.024783134460449219e-01
6.978600025177001953e-01
5.950433611869812012e-01
5.110627412796020508e-01
4.423323273658752441e-01
6.217404603958129883e-01
6.330381631851196289e-01
6.595044136047363281e-01
6.485276222229003906e-01
6.909502744674682617e-01
7.018674015998840332e-01
7.218582630157470703e-01
7.020684480667114258e-01
7.551307678222656250e-01
7.652758359909057617e-01
7.737328410148620605e-01
7.514619827270507812e-01
8.147958517074584961e-01
8.279510140419006348e-01
8.259558677673339844e-01
8.097493648529052734e-01
0.000000000000000000e+00
0.000000000000000000e+00
0.000000000000000000e+00
1.000000000000000000e+00
1.000000000000000000e+00
0.000000000000000000e+00
0.000000000000000000e+00
0.000000000000000000e+00
0.000000000000000000e+00
0.000000000000000000e+00
0.000000000000000000e+00
0.000000000000000000e+00
0.000000000000000000e+00
0.000000000000000000e+00
0.000000000000000000e+00
0.000000000000000000e+00
0.000000000000000000e+00
0.000000000000000000e+00
0.000000000000000000e+00
0.000000000000000000e+00
0.000000000000000000e+00
0.000000000000000000e+00
0.000000000000000000e+00
0.000000000000000000e+00
0.000000000000000000e+00
0.000000000000000000e+00
0.000000000000000000e+00
0.000000000000000000e+00
0.000000000000000000e+00
0.000000000000000000e+00
0.000000000000000000e+00
0.000000000000000000e+00
0.000000000000000000e+00
0.000000000000000000e+00
0.000000000000000000e+00
0.000000000000000000e+00
0.000000000000000000e+00
0.000000000000000000e+00
0.000000000000000000e+00
0.000000000000000000e+00
0.000000000000000000e+00
0.000000000000000000e+00
0.000000000000000000e+00
0.000000000000000000e+00
0.000000000000000000e+00
0.000000000000000000e+00
0.000000000000000000e+00
0.000000000000000000e+00
0.000000000000000000e+00
0.000000000000000000e+00
0.000000000000000000e+00
0.000000000000000000e+00
0.000000000000000000e+00
