-1.000000000000000000e+00
3.301968872547149658e-01
3.317281007766723633e-01
3.531820774078369141e-01
3.591821193695068359e-01
3.356368541717529297e-01
3.353439569473266602e-01
4.413983225822448730e-01
4.343592822551727295e-01
4.001865088939666748e-01
3.470834195613861084e-01
4.649271965026855469e-01
4.433121085166931152e-01
4.087576270103454590e-01
3.633090257644653320e-01
4.691142737865447998e-01
4.446118474006652832e-01
4.136501252651214600e-01
3.812988102436065674e-01
4.647649228572845459e-01
4.473234415054321289e-01
4.196894168853759766e-01
8.344870209693908691e-01
7.134206295013427734e-01
5.926588177680969238e-01
5.073801875114440918e-01
4.490440487861633301e-01
6.094814538955688477e-01
5.818063020706176758e-01
5.988883972167968750e-01
6.023421883583068848e-01
6.754224896430969238e-01
6.447694897651672363e-01
6.550463438034057617e-01
6.584274172782897949e-01
7.387449741363525391e-01
7.118335962295532227e-01
7.196345329284667969e-01
7.174467444419860840e-01
7.954369187355041504e-01
7.724585533142089844e-01
7.748465538024902344e-01
7.764661908149719238e-01
1.000000000000000000e+00
0.000000000000000000e+00
0.000000000000000000e+00
0.000000000000000000e+00
0.000000000000000000e+00
0.000000000000000000e+00
0.000000000000000000e+00
0.000000000000000000e+00
0.000000000000000000e+00
0.000000000000000000e+00
0.000000000000000000e+00
0.000000000000000000e+00
0.000000000000000000e+00
0.000000000000000000e+00
0.000000000000000000e+00
0.000000000000000000e+00
0.000000000000000000e+00
0.000000000000000000e+00
0.000000000000000000e+00
0.000000000000000000e+00
0.000000000000000000e+00
0.000000000000000000e+00
0.000000000000000000e+00
0.000000000000000000e+00
0.000000000000000000e+00
0.000000000000000000e+00
0.000000000000000000e+00
0.000000000000000000e+00
0.000000000000000000e+00
0.000000000000000000e+00
0.000000000000000000e+00
0.000000000000000000e+00
0.000000000000000000e+00
0.000000000000000000e+00
0.000000000000000000e+00
0.000000000000000000e+00
0.000000000000000000e+00
0.000000000000000000e+00
0.000000000000000000e+00
0.000000000000000000e+00
0.000000000000000000e+00
0.000000000000000000e+00
0.000000000000000000e+00
0.000000000000000000e+00
0.000000000000000000e+00
0.000000000000000000e+00
0.000000000000000000e+00
0.000000000000000000e+00
0.000000000000000000e+00
0.000000000000000000e+00
0.000000000000000000e+00
0.000000000000000000e+00
0.000000000000000000e+00
