0.000000000000000000e+00
0.000000000000000000e+00
0.000000000000000000e+00
0.000000000000000000e+00
0.000000000000000000e+00
0.000000000000000000e+00
0.000000000000000000e+00
0.000000000000000000e+00
0.000000000000000000e+00
0.000000000000000000e+00
0.000000000000000000e+00
0.000000000000000000e+00
0.000000000000000000e+00
0.000000000000000000e+00
0.000000000000000000e+00
0.000000000000000000e+00
0.000000000000000000e+00
0.000000000000000000e+00
0.000000000000000000e+00
0.000000000000000000e+00
0.000000000000000000e+00
0.000000000000000000e+00
0.000000000000000000e+00
0.000000000000000000e+00
0.000000000000000000e+00
0.000000000000000000e+00
0.000000000000000000e+00
0.000000000000000000e+00
0.000000000000000000e+00
0.000000000000000000e+00
0.000000000000000000e+00
0.000000000000000000e+00
0.000000000000000000e+00
0.000000000000000000e+00
0.000000000000000000e+00
0.000000000000000000e+00
0.000000000000000000e+00
0.000000000000000000e+00
0.000000000000000000e+00
0.000000000000000000e+00
0.000000000000000000e+00
0.000000000000000000e+00
0.000000000000000000e+00
0.000000000000000000e+00
0.000000000000000000e+00
0.000000000000000000e+00
0.000000000000000000e+00
0.000000000000000000e+00
-1.000000000000000000e+00
3.764771819114685059e-01
3.802621364593505859e-01
3.780421018600463867e-01
3.691483736038208008e-01
3.553581833839416504e-01
3.959378004074096680e-01
3.298878371715545654e-01
3.284272849559783936e-01
3.429767191410064697e-01
3.885933160781860352e-01
3.012210428714752197e-01
3.128132820129394531e-01
3.397400975227355957e-01
3.736803829669952393e-01
2.916184067726135254e-01
3.027361035346984863e-01
3.300518095493316650e-01
3.532284796237945557e-01
2.930300533771514893e-01
3.052737116813659668e-01
3.328422904014587402e-01
8.187200427055358887e-01
6.888237595558166504e-01
5.747404098510742188e-01
4.989509880542755127e-01
4.447408914566040039e-01
6.241445541381835938e-01
6.133573651313781738e-01
6.157940626144409180e-01
6.013779044151306152e-01
6.977715492248535156e-01
6.879822015762329102e-01
6.858615279197692871e-01
6.769018173217773438e-01
7.572216987609863281e-01
7.430939078330993652e-01
7.412738204002380371e-01
7.346768975257873535e-01
8.053668737411499023e-01
7.927688360214233398e-01
7.954128980636596680e-01
7.966140508651733398e-01
1.000000000000000000e+00
1.000000000000000000e+00
1.000000000000000000e+00
1.000000000000000000e+00
0.000000000000000000e+00
