1.000000000000000000e+00
4.134447574615478516e-01
3.984377980232238770e-01
3.640725016593933105e-01
3.360453844070434570e-01
3.390017449855804443e-01
2.750272452831268311e-01
2.396636307239532471e-01
2.917779088020324707e-01
3.095290958881378174e-01
2.643499076366424561e-01
2.320874631404876709e-01
2.937036156654357910e-01
3.026712536811828613e-01
2.628827393054962158e-01
2.320544123649597168e-01
2.877746820449829102e-01
2.991215288639068604e-01
2.666759192943572998e-01
2.442989945411682129e-01
2.822125852108001709e-01
2.960907816886901855e-01
7.932326197624206543e-01
6.982099413871765137e-01
6.129285693168640137e-01
5.420594215393066406e-01
4.792104959487915039e-01
6.423572301864624023e-01
6.488394141197204590e-01
6.619440317153930664e-01
6.557465195655822754e-01
7.020200490951538086e-01
7.079700827598571777e-01
7.158509492874145508e-01
7.084605097770690918e-01
7.597848176956176758e-01
7.623035907745361328e-01
7.635571956634521484e-01
7.546840906143188477e-01
8.148211240768432617e-01
8.190454244613647461e-01
8.103191852569580078e-01
8.007252812385559082e-01
0.000000000000000000e+00
0.000000000000000000e+00
0.000000000000000000e+00
1.000000000000000000e+00
1.000000000000000000e+00
0.000000000000000000e+00
0.000000000000000000e+00
0.000000000000000000e+00
0.000000000000000000e+00
0.000000000000000000e+00
0.000000000000000000e+00
0.000000000000000000e+00
0.000000000000000000e+00
0.000000000000000000e+00
0.000000000000000000e+00
0.000000000000000000e+00
0.000000000000000000e+00
0.000000000000000000e+00
0.000000000000000000e+00
0.000000000000000000e+00
0.000000000000000000e+00
0.000000000000000000e+00
0.000000000000000000e+00
0.000000000000000000e+00
0.000000000000000000e+00
0.000000000000000000e+00
0.000000000000000000e+00
0.000000000000000000e+00
0.000000000000000000e+00
0.000000000000000000e+00
0.000000000000000000e+00
0.000000000000000000e+00
0.000000000000000000e+00
0.000000000000000000e+00
0.000000000000000000e+00
0.000000000000000000e+00
0.000000000000000000e+00
0.000000000000000000e+00
0.000000000000000000e+00
0.000000000000000000e+00
0.000000000000000000e+00
0.000000000000000000e+00
0.000000000000000000e+00
0.000000000000000000e+00
0.000000000000000000e+00
0.000000000000000000e+00
0.000000000000000000e+00
0.000000000000000000e+00
0.000000000000000000e+00
0.000000000000000000e+00
0.000000000000000000e+00
0.000000000000000000e+00
0.000000000000000000e+00
