1.000000000000000000e+00
4.537324905395507812e-01
4.456809759140014648e-01
4.097125530242919922e-01
3.782553970813751221e-01
3.818841874599456787e-01
3.201394975185394287e-01
2.814040780067443848e-01
3.349518775939941406e-01
3.508008420467376709e-01
3.118463158607482910e-01
2.787591814994812012e-01
3.435210585594177246e-01
3.472064435482025146e-01
3.115402162075042725e-01
2.795077562332153320e-01
3.383830189704895020e-01
3.449762463569641113e-01
3.149898052215576172e-01
2.946255207061767578e-01
3.345132768154144287e-01
3.447616994380950928e-01
7.821747660636901855e-01
6.914111375808715820e-01
6.013819575309753418e-01
5.362263321876525879e-01
4.800907671451568604e-01
6.387200355529785156e-01
6.426011919975280762e-01
6.560378074645996094e-01
6.527805328369140625e-01
6.988582015037536621e-01
7.025426626205444336e-01
7.088454365730285645e-01
7.025179862976074219e-01
7.551117539405822754e-01
7.553957700729370117e-01
7.554438114166259766e-01
7.480875849723815918e-01
8.097655177116394043e-01
8.108233809471130371e-01
8.027445077896118164e-01
7.949674725532531738e-01
0.000000000000000000e+00
0.000000000000000000e+00
1.000000000000000000e+00
1.000000000000000000e+00
1.000000000000000000e+00
0.000000000000000000e+00
0.000000000000000000e+00
0.000000000000000000e+00
0.000000000000000000e+00
0.000000000000000000e+00
0.000000000000000000e+00
0.000000000000000000e+00
0.000000000000000000e+00
0.000000000000000000e+00
0.000000000000000000e+00
0.000000000000000000e+00
0.000000000000000000e+00
0.000000000000000000e+00
0.000000000000000000e+00
0.000000000000000000e+00
0.000000000000000000e+00
0.000000000000000000e+00
0.000000000000000000e+00
0.000000000000000000e+00
0.000000000000000000e+00
0.000000000000000000e+00
0.000000000000000000e+00
0.000000000000000000e+00
0.000000000000000000e+00
0.000000000000000000e+00
0.000000000000000000e+00
0.000000000000000000e+00
0.000000000000000000e+00
0.000000000000000000e+00
0.000000000000000000e+00
0.000000000000000000e+00
0.000000000000000000e+00
0.000000000000000000e+00
0.000000000000000000e+00
0.000000000000000000e+00
0.000000000000000000e+00
0.000000000000000000e+00
0.000000000000000000e+00
0.000000000000000000e+00
0.000000000000000000e+00
0.000000000000000000e+00
0.000000000000000000e+00
0.000000000000000000e+00
0.000000000000000000e+00
0.000000000000000000e+00
0.000000000000000000e+00
0.000000000000000000e+00
0.000000000000000000e+00
