1.000000000000000000e+00
5.419663786888122559e-01
5.344093441963195801e-01
4.973807632923126221e-01
4.683345258235931396e-01
4.708393216133117676e-01
4.157274067401885986e-01
3.889917135238647461e-01
4.386903345584869385e-01
4.435680210590362549e-01
4.073650836944580078e-01
3.840620815753936768e-01
4.451888203620910645e-01
4.392718076705932617e-01
4.084057211875915527e-01
3.844434916973114014e-01
4.380370378494262695e-01
4.357836842536926270e-01
4.112463295459747314e-01
4.005202651023864746e-01
4.356166422367095947e-01
4.388566017150878906e-01
7.676033377647399902e-01
6.807257533073425293e-01
5.920243263244628906e-01
5.247602462768554688e-01
4.700605273246765137e-01
6.197825074195861816e-01
6.180279254913330078e-01
6.381089687347412109e-01
6.385498642921447754e-01
6.779923439025878906e-01
6.758482456207275391e-01
6.886390447616577148e-01
6.844534873962402344e-01
7.340095639228820801e-01
7.284799218177795410e-01
7.327541112899780273e-01
7.262918949127197266e-01
7.867171168327331543e-01
7.867175340652465820e-01
7.787042260169982910e-01
7.689839005470275879e-01
0.000000000000000000e+00
0.000000000000000000e+00
0.000000000000000000e+00
1.000000000000000000e+00
1.000000000000000000e+00
0.000000000000000000e+00
0.000000000000000000e+00
0.000000000000000000e+00
0.000000000000000000e+00
0.000000000000000000e+00
0.000000000000000000e+00
0.000000000000000000e+00
0.000000000000000000e+00
0.000000000000000000e+00
0.000000000000000000e+00
0.000000000000000000e+00
0.000000000000000000e+00
0.000000000000000000e+00
0.000000000000000000e+00
0.000000000000000000e+00
0.000000000000000000e+00
0.000000000000000000e+00
0.000000000000000000e+00
0.000000000000000000e+00
0.000000000000000000e+00
0.000000000000000000e+00
0.000000000000000000e+00
0.000000000000000000e+00
0.000000000000000000e+00
0.000000000000000000e+00
0.000000000000000000e+00
0.000000000000000000e+00
0.000000000000000000e+00
0.000000000000000000e+00
0.000000000000000000e+00
0.000000000000000000e+00
0.000000000000000000e+00
0.000000000000000000e+00
0.000000000000000000e+00
0.000000000000000000e+00
0.000000000000000000e+00
0.000000000000000000e+00
0.000000000000000000e+00
0.000000000000000000e+00
0.000000000000000000e+00
0.000000000000000000e+00
0.000000000000000000e+00
0.000000000000000000e+00
0.000000000000000000e+00
0.000000000000000000e+00
0.000000000000000000e+00
0.000000000000000000e+00
0.000000000000000000e+00
