1.000000000000000000e+00
5.223086476325988770e-01
5.205473899841308594e-01
4.935725033283233643e-01
4.750716090202331543e-01
4.786842465400695801e-01
4.093358516693115234e-01
3.894451260566711426e-01
4.322025179862976074e-01
4.409443736076354980e-01
3.916131258010864258e-01
3.785089850425720215e-01
4.292270541191101074e-01
4.272236824035644531e-01
3.856722414493560791e-01
3.749249279499053955e-01
4.204916357994079590e-01
4.189071655273437500e-01
3.860766887664794922e-01
3.816938698291778564e-01
4.146069884300231934e-01
4.188854098320007324e-01
7.723151445388793945e-01
6.850992441177368164e-01
6.010957956314086914e-01
5.367822647094726562e-01
4.853011369705200195e-01
6.164348125457763672e-01
5.982384681701660156e-01
6.238803863525390625e-01
6.337884664535522461e-01
6.667245030403137207e-01
6.539594531059265137e-01
6.760329008102416992e-01
6.805249452590942383e-01
7.185443043708801270e-01
7.046779394149780273e-01
7.160164713859558105e-01
7.190047502517700195e-01
7.694102525711059570e-01
7.580018043518066406e-01
7.598742842674255371e-01
7.625136375427246094e-01
0.000000000000000000e+00
0.000000000000000000e+00
0.000000000000000000e+00
0.000000000000000000e+00
0.000000000000000000e+00
0.000000000000000000e+00
0.000000000000000000e+00
0.000000000000000000e+00
0.000000000000000000e+00
0.000000000000000000e+00
0.000000000000000000e+00
0.000000000000000000e+00
0.000000000000000000e+00
0.000000000000000000e+00
0.000000000000000000e+00
0.000000000000000000e+00
0.000000000000000000e+00
0.000000000000000000e+00
0.000000000000000000e+00
0.000000000000000000e+00
0.000000000000000000e+00
0.000000000000000000e+00
0.000000000000000000e+00
0.000000000000000000e+00
0.000000000000000000e+00
0.000000000000000000e+00
0.000000000000000000e+00
0.000000000000000000e+00
0.000000000000000000e+00
0.000000000000000000e+00
0.000000000000000000e+00
0.000000000000000000e+00
0.000000000000000000e+00
0.000000000000000000e+00
0.000000000000000000e+00
0.000000000000000000e+00
0.000000000000000000e+00
0.000000000000000000e+00
0.000000000000000000e+00
0.000000000000000000e+00
0.000000000000000000e+00
0.000000000000000000e+00
0.000000000000000000e+00
0.000000000000000000e+00
0.000000000000000000e+00
0.000000000000000000e+00
0.000000000000000000e+00
0.000000000000000000e+00
0.000000000000000000e+00
0.000000000000000000e+00
0.000000000000000000e+00
0.000000000000000000e+00
0.000000000000000000e+00
