-1.000000000000000000e+00
0.000000000000000000e+00
1.169487425970509170e-01
2.642498433694484561e-01
3.385253522551179284e-01
4.062974764367767722e-01
5.150583577018982284e-01
7.423395021527436910e-01
8.790925923150662014e-01
1.000000000000000000e+00
4.930050862452517446e-01
5.242779879153472988e-01
3.737765906828666163e-01
3.135110672675951449e-01
4.463907031233947942e-01
4.363606412337570073e-01
2.942852093191555829e-01
2.652424469440451404e-01
3.939045444600696722e-01
3.731157266703123976e-01
2.714864142216258380e-01
2.519911946792364188e-01
1.000000000000000000e+00
1.000000000000000000e+00
0.000000000000000000e+00
0.000000000000000000e+00
0.000000000000000000e+00
0.000000000000000000e+00
0.000000000000000000e+00
0.000000000000000000e+00
0.000000000000000000e+00
0.000000000000000000e+00
0.000000000000000000e+00
0.000000000000000000e+00
0.000000000000000000e+00
0.000000000000000000e+00
0.000000000000000000e+00
0.000000000000000000e+00
0.000000000000000000e+00
0.000000000000000000e+00
0.000000000000000000e+00
0.000000000000000000e+00
0.000000000000000000e+00
0.000000000000000000e+00
0.000000000000000000e+00
0.000000000000000000e+00
0.000000000000000000e+00
0.000000000000000000e+00
0.000000000000000000e+00
0.000000000000000000e+00
0.000000000000000000e+00
0.000000000000000000e+00
0.000000000000000000e+00
0.000000000000000000e+00
