-1.000000000000000000e+00
0.000000000000000000e+00
1.171273266261079748e-01
2.668007012166271341e-01
3.427711265535935414e-01
4.087152467949622947e-01
5.204934041986574167e-01
7.460584591761387774e-01
8.814702200133377463e-01
1.000000000000000000e+00
5.001187876713142355e-01
5.226383212046600280e-01
3.656417111808619724e-01
3.103145251119981407e-01
4.556212261338546399e-01
4.290429866942996884e-01
2.852586468687225429e-01
2.684105707955519726e-01
4.045202339026615079e-01
3.625976629310570520e-01
2.583347008470543438e-01
2.504077175217066520e-01
1.000000000000000000e+00
1.000000000000000000e+00
0.000000000000000000e+00
0.000000000000000000e+00
0.000000000000000000e+00
0.000000000000000000e+00
0.000000000000000000e+00
0.000000000000000000e+00
0.000000000000000000e+00
0.000000000000000000e+00
0.000000000000000000e+00
0.000000000000000000e+00
0.000000000000000000e+00
0.000000000000000000e+00
0.000000000000000000e+00
0.000000000000000000e+00
0.000000000000000000e+00
0.000000000000000000e+00
0.000000000000000000e+00
0.000000000000000000e+00
0.000000000000000000e+00
0.000000000000000000e+00
0.000000000000000000e+00
0.000000000000000000e+00
0.000000000000000000e+00
0.000000000000000000e+00
0.000000000000000000e+00
0.000000000000000000e+00
0.000000000000000000e+00
0.000000000000000000e+00
0.000000000000000000e+00
0.000000000000000000e+00
