-1.000000000000000000e+00
0.000000000000000000e+00
1.420092679118511170e-01
3.049711439139577984e-01
3.981943049548227198e-01
4.269038368760167956e-01
5.169221966170710614e-01
7.402855921855910903e-01
8.788791330686545056e-01
1.000000000000000000e+00
5.005460903949033868e-01
5.263274883938287019e-01
4.280838376506280185e-01
3.726155887429200009e-01
4.505292205244906811e-01
4.359108592025860984e-01
3.589703825602454934e-01
3.376193302062096002e-01
3.858127084746577617e-01
3.239970088245243685e-01
2.636308779274810776e-01
2.590443960356415554e-01
1.000000000000000000e+00
1.000000000000000000e+00
0.000000000000000000e+00
0.000000000000000000e+00
0.000000000000000000e+00
0.000000000000000000e+00
0.000000000000000000e+00
0.000000000000000000e+00
0.000000000000000000e+00
0.000000000000000000e+00
0.000000000000000000e+00
0.000000000000000000e+00
0.000000000000000000e+00
0.000000000000000000e+00
0.000000000000000000e+00
0.000000000000000000e+00
0.000000000000000000e+00
0.000000000000000000e+00
0.000000000000000000e+00
0.000000000000000000e+00
0.000000000000000000e+00
0.000000000000000000e+00
0.000000000000000000e+00
0.000000000000000000e+00
0.000000000000000000e+00
0.000000000000000000e+00
0.000000000000000000e+00
0.000000000000000000e+00
0.000000000000000000e+00
0.000000000000000000e+00
0.000000000000000000e+00
0.000000000000000000e+00
