1.000000000000000000e+00
0.000000000000000000e+00
2.109415757015060400e-01
3.817425157226821408e-01
4.714074531561197046e-01
4.998497034435251951e-01
4.902620567797236761e-01
7.403109986827272060e-01
8.859697533046567708e-01
1.000000000000000000e+00
4.660053180606410494e-01
5.907437620669974132e-01
5.082837624575846647e-01
4.396567136009443266e-01
4.199997910313323368e-01
5.178880456517337416e-01
4.518736565367857394e-01
3.884182120572284291e-01
3.844293134408923729e-01
4.414321466625217849e-01
3.852701988038477743e-01
3.344154141662610824e-01
0.000000000000000000e+00
1.000000000000000000e+00
0.000000000000000000e+00
0.000000000000000000e+00
0.000000000000000000e+00
0.000000000000000000e+00
0.000000000000000000e+00
0.000000000000000000e+00
0.000000000000000000e+00
0.000000000000000000e+00
0.000000000000000000e+00
0.000000000000000000e+00
0.000000000000000000e+00
0.000000000000000000e+00
0.000000000000000000e+00
0.000000000000000000e+00
0.000000000000000000e+00
0.000000000000000000e+00
0.000000000000000000e+00
0.000000000000000000e+00
0.000000000000000000e+00
0.000000000000000000e+00
0.000000000000000000e+00
0.000000000000000000e+00
0.000000000000000000e+00
0.000000000000000000e+00
0.000000000000000000e+00
0.000000000000000000e+00
0.000000000000000000e+00
0.000000000000000000e+00
0.000000000000000000e+00
0.000000000000000000e+00
