-1.000000000000000000e+00
0.000000000000000000e+00
1.254029175551205633e-01
2.772700041034853458e-01
3.678144040662055803e-01
4.573786587951399474e-01
5.184379615140051190e-01
7.374302466678758217e-01
8.786149389559779754e-01
1.000000000000000000e+00
4.896341278275751496e-01
5.449088189418737072e-01
3.958811339678925956e-01
3.198092211890303793e-01
4.353292830105759403e-01
4.689574318196922942e-01
3.301537655701232699e-01
2.837761635334847821e-01
3.738069850477114819e-01
3.998657993267840105e-01
3.004237319737130818e-01
2.635919260833117783e-01
1.000000000000000000e+00
1.000000000000000000e+00
0.000000000000000000e+00
0.000000000000000000e+00
0.000000000000000000e+00
0.000000000000000000e+00
0.000000000000000000e+00
0.000000000000000000e+00
0.000000000000000000e+00
0.000000000000000000e+00
0.000000000000000000e+00
0.000000000000000000e+00
0.000000000000000000e+00
0.000000000000000000e+00
0.000000000000000000e+00
0.000000000000000000e+00
0.000000000000000000e+00
0.000000000000000000e+00
0.000000000000000000e+00
0.000000000000000000e+00
0.000000000000000000e+00
0.000000000000000000e+00
0.000000000000000000e+00
0.000000000000000000e+00
0.000000000000000000e+00
0.000000000000000000e+00
0.000000000000000000e+00
0.000000000000000000e+00
0.000000000000000000e+00
0.000000000000000000e+00
0.000000000000000000e+00
0.000000000000000000e+00
