-1.000000000000000000e+00
0.000000000000000000e+00
1.661320627989779364e-01
3.396389247920037491e-01
4.573326010234131100e-01
4.494914489395349100e-01
5.418945142234447010e-01
7.463948962455504432e-01
8.804097263383814376e-01
1.000000000000000000e+00
5.231909763234355859e-01
5.394048597788464461e-01
4.410958987681295462e-01
3.726468264131186925e-01
4.576004533134949148e-01
4.204219598046808337e-01
3.439813255730720942e-01
3.089332203984727632e-01
3.706970889174170392e-01
3.131008493474992105e-01
2.634394066132608181e-01
2.477170887419852530e-01
1.000000000000000000e+00
1.000000000000000000e+00
0.000000000000000000e+00
0.000000000000000000e+00
0.000000000000000000e+00
0.000000000000000000e+00
0.000000000000000000e+00
0.000000000000000000e+00
0.000000000000000000e+00
0.000000000000000000e+00
0.000000000000000000e+00
0.000000000000000000e+00
0.000000000000000000e+00
0.000000000000000000e+00
0.000000000000000000e+00
0.000000000000000000e+00
0.000000000000000000e+00
0.000000000000000000e+00
0.000000000000000000e+00
0.000000000000000000e+00
0.000000000000000000e+00
0.000000000000000000e+00
0.000000000000000000e+00
0.000000000000000000e+00
0.000000000000000000e+00
0.000000000000000000e+00
0.000000000000000000e+00
0.000000000000000000e+00
0.000000000000000000e+00
0.000000000000000000e+00
0.000000000000000000e+00
0.000000000000000000e+00
