-1.000000000000000000e+00
0.000000000000000000e+00
1.515256933793404370e-01
3.288744843755785907e-01
4.249156229310236399e-01
4.484353838955109084e-01
5.467911392946980254e-01
7.547827526667321152e-01
8.840113259217422526e-01
1.000000000000000000e+00
5.296257972876015074e-01
5.236813900723127357e-01
4.045688130392930404e-01
3.472423544667586626e-01
4.682723371740825646e-01
4.243179547701619869e-01
3.232917549891937137e-01
2.990070305400843176e-01
3.921594293162917189e-01
3.210129637590011242e-01
2.500954768409510698e-01
2.475614175058033217e-01
1.000000000000000000e+00
1.000000000000000000e+00
0.000000000000000000e+00
0.000000000000000000e+00
0.000000000000000000e+00
0.000000000000000000e+00
0.000000000000000000e+00
0.000000000000000000e+00
0.000000000000000000e+00
0.000000000000000000e+00
0.000000000000000000e+00
0.000000000000000000e+00
0.000000000000000000e+00
0.000000000000000000e+00
0.000000000000000000e+00
0.000000000000000000e+00
0.000000000000000000e+00
0.000000000000000000e+00
0.000000000000000000e+00
0.000000000000000000e+00
0.000000000000000000e+00
0.000000000000000000e+00
0.000000000000000000e+00
0.000000000000000000e+00
0.000000000000000000e+00
0.000000000000000000e+00
0.000000000000000000e+00
0.000000000000000000e+00
0.000000000000000000e+00
0.000000000000000000e+00
0.000000000000000000e+00
0.000000000000000000e+00
