-1.000000000000000000e+00
0.000000000000000000e+00
1.395928501708942615e-01
2.932551066963712816e-01
3.710248331461749038e-01
4.222445653367711271e-01
5.208025775077881336e-01
7.486486568073977832e-01
8.865821112043815733e-01
1.000000000000000000e+00
4.888738502390950758e-01
5.579669176006416542e-01
4.277398315352056724e-01
3.561191643321080513e-01
4.373164448159241324e-01
4.634272666469104185e-01
3.509950351853782236e-01
3.109185795862243196e-01
3.829886143356349137e-01
4.203146181878582022e-01
3.615427331273615152e-01
3.424932538074840216e-01
1.000000000000000000e+00
1.000000000000000000e+00
0.000000000000000000e+00
0.000000000000000000e+00
0.000000000000000000e+00
0.000000000000000000e+00
0.000000000000000000e+00
0.000000000000000000e+00
0.000000000000000000e+00
0.000000000000000000e+00
0.000000000000000000e+00
0.000000000000000000e+00
0.000000000000000000e+00
0.000000000000000000e+00
0.000000000000000000e+00
0.000000000000000000e+00
0.000000000000000000e+00
0.000000000000000000e+00
0.000000000000000000e+00
0.000000000000000000e+00
0.000000000000000000e+00
0.000000000000000000e+00
0.000000000000000000e+00
0.000000000000000000e+00
0.000000000000000000e+00
0.000000000000000000e+00
0.000000000000000000e+00
0.000000000000000000e+00
0.000000000000000000e+00
0.000000000000000000e+00
0.000000000000000000e+00
0.000000000000000000e+00
