-1.000000000000000000e+00
0.000000000000000000e+00
1.346793349021076780e-01
2.876682489056259784e-01
3.678756718769776168e-01
4.208602123203593059e-01
5.247095433697047673e-01
7.502523333725944488e-01
8.861138457499977417e-01
1.000000000000000000e+00
4.909009955153451621e-01
5.483214926646273746e-01
4.059365266859949473e-01
3.382725106344678934e-01
4.369273229468866870e-01
4.477998654851691462e-01
3.231948240978192999e-01
2.898730290530749931e-01
3.785858472821272969e-01
3.972685791084891171e-01
3.156568927320770879e-01
2.860276109010954637e-01
1.000000000000000000e+00
1.000000000000000000e+00
0.000000000000000000e+00
0.000000000000000000e+00
0.000000000000000000e+00
0.000000000000000000e+00
0.000000000000000000e+00
0.000000000000000000e+00
0.000000000000000000e+00
0.000000000000000000e+00
0.000000000000000000e+00
0.000000000000000000e+00
0.000000000000000000e+00
0.000000000000000000e+00
0.000000000000000000e+00
0.000000000000000000e+00
0.000000000000000000e+00
0.000000000000000000e+00
0.000000000000000000e+00
0.000000000000000000e+00
0.000000000000000000e+00
0.000000000000000000e+00
0.000000000000000000e+00
0.000000000000000000e+00
0.000000000000000000e+00
0.000000000000000000e+00
0.000000000000000000e+00
0.000000000000000000e+00
0.000000000000000000e+00
0.000000000000000000e+00
0.000000000000000000e+00
0.000000000000000000e+00
