-1.000000000000000000e+00
0.000000000000000000e+00
1.387118020447187239e-01
2.680216587826353969e-01
3.445961642925782775e-01
3.947187572364894703e-01
5.028877573737454698e-01
7.318955225093831674e-01
8.819529315958786198e-01
1.000000000000000000e+00
4.882673680785270531e-01
5.439841607480382368e-01
4.244962988285984617e-01
3.378031533497857231e-01
4.520920619091371440e-01
4.532843893200371177e-01
3.459820742734269206e-01
2.829891987819231347e-01
4.078646006238099697e-01
4.150170061449104941e-01
3.414705531556604945e-01
2.911565248296044683e-01
1.000000000000000000e+00
1.000000000000000000e+00
0.000000000000000000e+00
0.000000000000000000e+00
0.000000000000000000e+00
0.000000000000000000e+00
0.000000000000000000e+00
0.000000000000000000e+00
0.000000000000000000e+00
0.000000000000000000e+00
0.000000000000000000e+00
0.000000000000000000e+00
0.000000000000000000e+00
0.000000000000000000e+00
0.000000000000000000e+00
0.000000000000000000e+00
0.000000000000000000e+00
0.000000000000000000e+00
0.000000000000000000e+00
0.000000000000000000e+00
0.000000000000000000e+00
0.000000000000000000e+00
0.000000000000000000e+00
0.000000000000000000e+00
0.000000000000000000e+00
0.000000000000000000e+00
0.000000000000000000e+00
0.000000000000000000e+00
0.000000000000000000e+00
0.000000000000000000e+00
0.000000000000000000e+00
0.000000000000000000e+00
