-1.000000000000000000e+00
0.000000000000000000e+00
1.368359755718453197e-01
2.657009126724884096e-01
3.377854902209044829e-01
3.925907457039531367e-01
5.030519005717183356e-01
7.368062604005727323e-01
8.844170251259830806e-01
1.000000000000000000e+00
4.875387655616955640e-01
5.378891841721340494e-01
4.151182744202606134e-01
3.288073190119161215e-01
4.500816897664492444e-01
4.465694428710617059e-01
3.373263762027857160e-01
2.774725577422965661e-01
4.062633534823528181e-01
4.061139837492485638e-01
3.307518257830314723e-01
2.799545771246831349e-01
1.000000000000000000e+00
1.000000000000000000e+00
0.000000000000000000e+00
0.000000000000000000e+00
0.000000000000000000e+00
0.000000000000000000e+00
0.000000000000000000e+00
0.000000000000000000e+00
0.000000000000000000e+00
0.000000000000000000e+00
0.000000000000000000e+00
0.000000000000000000e+00
0.000000000000000000e+00
0.000000000000000000e+00
0.000000000000000000e+00
0.000000000000000000e+00
0.000000000000000000e+00
0.000000000000000000e+00
0.000000000000000000e+00
0.000000000000000000e+00
0.000000000000000000e+00
0.000000000000000000e+00
0.000000000000000000e+00
0.000000000000000000e+00
0.000000000000000000e+00
0.000000000000000000e+00
0.000000000000000000e+00
0.000000000000000000e+00
0.000000000000000000e+00
0.000000000000000000e+00
0.000000000000000000e+00
0.000000000000000000e+00
