-1.000000000000000000e+00
0.000000000000000000e+00
1.036057206557405852e-01
2.399697669313429760e-01
3.000699105715708970e-01
3.693506679079120447e-01
4.991730195192866648e-01
7.278376532835310053e-01
8.749043230714556030e-01
1.000000000000000000e+00
4.808903449805947417e-01
5.060189956626612862e-01
3.508087547295907771e-01
2.901419168786367186e-01
4.375661263320408945e-01
4.373989674613419920e-01
3.029648798517502462e-01
2.709128345729259757e-01
3.877745023744788022e-01
4.029868242910683018e-01
3.069084585977935320e-01
2.750062606695574119e-01
1.000000000000000000e+00
1.000000000000000000e+00
0.000000000000000000e+00
0.000000000000000000e+00
0.000000000000000000e+00
0.000000000000000000e+00
0.000000000000000000e+00
0.000000000000000000e+00
0.000000000000000000e+00
0.000000000000000000e+00
0.000000000000000000e+00
0.000000000000000000e+00
0.000000000000000000e+00
0.000000000000000000e+00
0.000000000000000000e+00
0.000000000000000000e+00
0.000000000000000000e+00
0.000000000000000000e+00
0.000000000000000000e+00
0.000000000000000000e+00
0.000000000000000000e+00
0.000000000000000000e+00
0.000000000000000000e+00
0.000000000000000000e+00
0.000000000000000000e+00
0.000000000000000000e+00
0.000000000000000000e+00
0.000000000000000000e+00
0.000000000000000000e+00
0.000000000000000000e+00
0.000000000000000000e+00
0.000000000000000000e+00
