-1.000000000000000000e+00
4.370219409465789795e-01
4.113779962062835693e-01
4.111469388008117676e-01
4.232438504695892334e-01
4.439817368984222412e-01
5.358855128288269043e-01
5.823480486869812012e-01
5.958258509635925293e-01
5.979048013687133789e-01
5.664111375808715820e-01
6.110985279083251953e-01
6.230930089950561523e-01
6.236089468002319336e-01
5.854382514953613281e-01
6.362754702568054199e-01
6.529974937438964844e-01
6.603937149047851562e-01
5.948417186737060547e-01
6.421176791191101074e-01
6.604927778244018555e-01
6.701103448867797852e-01
8.968374729156494141e-01
7.912207841873168945e-01
6.798829436302185059e-01
6.054325699806213379e-01
5.708186030387878418e-01
6.736493110656738281e-01
6.044000983238220215e-01
5.710832476615905762e-01
5.537770986557006836e-01
7.207345366477966309e-01
6.480269432067871094e-01
6.100645065307617188e-01
5.922372341156005859e-01
7.730920910835266113e-01
7.122077345848083496e-01
6.750997900962829590e-01
6.506424546241760254e-01
8.286978602409362793e-01
7.951617240905761719e-01
7.701969146728515625e-01
7.497119903564453125e-01
0.000000000000000000e+00
1.000000000000000000e+00
1.000000000000000000e+00
1.000000000000000000e+00
1.000000000000000000e+00
0.000000000000000000e+00
0.000000000000000000e+00
0.000000000000000000e+00
0.000000000000000000e+00
0.000000000000000000e+00
0.000000000000000000e+00
0.000000000000000000e+00
0.000000000000000000e+00
0.000000000000000000e+00
0.000000000000000000e+00
0.000000000000000000e+00
0.000000000000000000e+00
0.000000000000000000e+00
0.000000000000000000e+00
0.000000000000000000e+00
0.000000000000000000e+00
0.000000000000000000e+00
0.000000000000000000e+00
0.000000000000000000e+00
0.000000000000000000e+00
0.000000000000000000e+00
0.000000000000000000e+00
0.000000000000000000e+00
0.000000000000000000e+00
0.000000000000000000e+00
0.000000000000000000e+00
0.000000000000000000e+00
0.000000000000000000e+00
0.000000000000000000e+00
0.000000000000000000e+00
0.000000000000000000e+00
0.000000000000000000e+00
0.000000000000000000e+00
0.000000000000000000e+00
0.000000000000000000e+00
0.000000000000000000e+00
0.000000000000000000e+00
0.000000000000000000e+00
0.000000000000000000e+00
0.000000000000000000e+00
0.000000000000000000e+00
0.000000000000000000e+00
0.000000000000000000e+00
0.000000000000000000e+00
0.000000000000000000e+00
0.000000000000000000e+00
0.000000000000000000e+00
0.000000000000000000e+00
