0.000000000000000000e+00
0.000000000000000000e+00
0.000000000000000000e+00
0.000000000000000000e+00
0.000000000000000000e+00
0.000000000000000000e+00
0.000000000000000000e+00
0.000000000000000000e+00
0.000000000000000000e+00
0.000000000000000000e+00
0.000000000000000000e+00
0.000000000000000000e+00
0.000000000000000000e+00
0.000000000000000000e+00
0.000000000000000000e+00
0.000000000000000000e+00
0.000000000000000000e+00
0.000000000000000000e+00
0.000000000000000000e+00
0.000000000000000000e+00
0.000000000000000000e+00
0.000000000000000000e+00
0.000000000000000000e+00
0.000000000000000000e+00
0.000000000000000000e+00
0.000000000000000000e+00
0.000000000000000000e+00
0.000000000000000000e+00
0.000000000000000000e+00
0.000000000000000000e+00
0.000000000000000000e+00
0.000000000000000000e+00
0.000000000000000000e+00
0.000000000000000000e+00
0.000000000000000000e+00
0.000000000000000000e+00
0.000000000000000000e+00
0.000000000000000000e+00
0.000000000000000000e+00
0.000000000000000000e+00
0.000000000000000000e+00
0.000000000000000000e+00
0.000000000000000000e+00
0.000000000000000000e+00
0.000000000000000000e+00
0.000000000000000000e+00
0.000000000000000000e+00
0.000000000000000000e+00
-1.000000000000000000e+00
4.034386873245239258e-01
3.893658220767974854e-01
3.953602313995361328e-01
4.124689698219299316e-01
4.346328675746917725e-01
4.941559433937072754e-01
5.289226174354553223e-01
5.506048202514648438e-01
5.687569379806518555e-01
5.323315262794494629e-01
5.780061483383178711e-01
6.120302081108093262e-01
6.395293474197387695e-01
5.571610331535339355e-01
5.994334816932678223e-01
6.292757391929626465e-01
6.512193679809570312e-01
5.727300047874450684e-01
6.196336150169372559e-01
6.438467502593994141e-01
6.592974662780761719e-01
7.029398083686828613e-01
5.879231095314025879e-01
4.926911592483520508e-01
4.364489614963531494e-01
4.090913534164428711e-01
4.682045578956604004e-01
4.009023308753967285e-01
3.514973223209381104e-01
3.074656426906585693e-01
5.117892026901245117e-01
4.578212499618530273e-01
4.220246076583862305e-01
3.932247161865234375e-01
5.670844912528991699e-01
5.171768665313720703e-01
4.838666319847106934e-01
4.528597891330718994e-01
6.345775723457336426e-01
6.072433590888977051e-01
5.875520706176757812e-01
5.647863149642944336e-01
0.000000000000000000e+00
1.000000000000000000e+00
1.000000000000000000e+00
1.000000000000000000e+00
1.000000000000000000e+00
