-1.000000000000000000e+00
4.071532487869262695e-01
3.666015267372131348e-01
3.564973473548889160e-01
3.769959211349487305e-01
4.077351391315460205e-01
4.730792939662933350e-01
5.124791264533996582e-01
5.339409112930297852e-01
5.453851222991943359e-01
5.211636424064636230e-01
5.774397850036621094e-01
6.053637862205505371e-01
6.185414791107177734e-01
5.523851513862609863e-01
6.034432649612426758e-01
6.247932910919189453e-01
6.323507428169250488e-01
5.694178342819213867e-01
6.222782135009765625e-01
6.366266608238220215e-01
6.368069648742675781e-01
6.393419504165649414e-01
5.459583997726440430e-01
4.341553151607513428e-01
3.639473915100097656e-01
3.784327507019042969e-01
4.001348614692687988e-01
3.249219059944152832e-01
2.842432260513305664e-01
2.569717764854431152e-01
4.440875649452209473e-01
3.762491643428802490e-01
3.485267758369445801e-01
3.379220068454742432e-01
5.015528798103332520e-01
4.448577165603637695e-01
4.242075681686401367e-01
4.136324822902679443e-01
5.686629414558410645e-01
5.428545475006103516e-01
5.326443314552307129e-01
5.272018313407897949e-01
0.000000000000000000e+00
1.000000000000000000e+00
1.000000000000000000e+00
1.000000000000000000e+00
1.000000000000000000e+00
0.000000000000000000e+00
0.000000000000000000e+00
0.000000000000000000e+00
0.000000000000000000e+00
0.000000000000000000e+00
0.000000000000000000e+00
0.000000000000000000e+00
0.000000000000000000e+00
0.000000000000000000e+00
0.000000000000000000e+00
0.000000000000000000e+00
0.000000000000000000e+00
0.000000000000000000e+00
0.000000000000000000e+00
0.000000000000000000e+00
0.000000000000000000e+00
0.000000000000000000e+00
0.000000000000000000e+00
0.000000000000000000e+00
0.000000000000000000e+00
0.000000000000000000e+00
0.000000000000000000e+00
0.000000000000000000e+00
0.000000000000000000e+00
0.000000000000000000e+00
0.000000000000000000e+00
0.000000000000000000e+00
0.000000000000000000e+00
0.000000000000000000e+00
0.000000000000000000e+00
0.000000000000000000e+00
0.000000000000000000e+00
0.000000000000000000e+00
0.000000000000000000e+00
0.000000000000000000e+00
0.000000000000000000e+00
0.000000000000000000e+00
0.000000000000000000e+00
0.000000000000000000e+00
0.000000000000000000e+00
0.000000000000000000e+00
0.000000000000000000e+00
0.000000000000000000e+00
0.000000000000000000e+00
0.000000000000000000e+00
0.000000000000000000e+00
0.000000000000000000e+00
0.000000000000000000e+00
