-1.000000000000000000e+00
5.375305414199829102e-01
4.999457597732543945e-01
5.008137822151184082e-01
5.110577940940856934e-01
5.277732610702514648e-01
6.467902660369873047e-01
7.034699916839599609e-01
6.783550977706909180e-01
6.417263746261596680e-01
6.839246749877929688e-01
7.505369782447814941e-01
7.152687907218933105e-01
6.795678138732910156e-01
6.998479366302490234e-01
7.453255653381347656e-01
7.184616327285766602e-01
6.889746785163879395e-01
7.005749940872192383e-01
7.193064093589782715e-01
7.009042501449584961e-01
6.804355978965759277e-01
8.584263324737548828e-01
7.330495715141296387e-01
6.043825149536132812e-01
5.258791446685791016e-01
5.286328196525573730e-01
6.126872301101684570e-01
5.218873023986816406e-01
4.901180863380432129e-01
5.051623582839965820e-01
6.745757460594177246e-01
6.006805300712585449e-01
5.763115882873535156e-01
5.879664421081542969e-01
7.342426776885986328e-01
6.695924401283264160e-01
6.477742195129394531e-01
6.554017663002014160e-01
7.838336229324340820e-01
7.388232946395874023e-01
7.208930253982543945e-01
7.270650267601013184e-01
0.000000000000000000e+00
1.000000000000000000e+00
1.000000000000000000e+00
1.000000000000000000e+00
1.000000000000000000e+00
0.000000000000000000e+00
0.000000000000000000e+00
0.000000000000000000e+00
0.000000000000000000e+00
0.000000000000000000e+00
0.000000000000000000e+00
0.000000000000000000e+00
0.000000000000000000e+00
0.000000000000000000e+00
0.000000000000000000e+00
0.000000000000000000e+00
0.000000000000000000e+00
0.000000000000000000e+00
0.000000000000000000e+00
0.000000000000000000e+00
0.000000000000000000e+00
0.000000000000000000e+00
0.000000000000000000e+00
0.000000000000000000e+00
0.000000000000000000e+00
0.000000000000000000e+00
0.000000000000000000e+00
0.000000000000000000e+00
0.000000000000000000e+00
0.000000000000000000e+00
0.000000000000000000e+00
0.000000000000000000e+00
0.000000000000000000e+00
0.000000000000000000e+00
0.000000000000000000e+00
0.000000000000000000e+00
0.000000000000000000e+00
0.000000000000000000e+00
0.000000000000000000e+00
0.000000000000000000e+00
0.000000000000000000e+00
0.000000000000000000e+00
0.000000000000000000e+00
0.000000000000000000e+00
0.000000000000000000e+00
0.000000000000000000e+00
0.000000000000000000e+00
0.000000000000000000e+00
0.000000000000000000e+00
0.000000000000000000e+00
0.000000000000000000e+00
0.000000000000000000e+00
0.000000000000000000e+00
