-1.000000000000000000e+00
4.183888435363769531e-01
4.261571764945983887e-01
4.629543423652648926e-01
5.083004832267761230e-01
5.422394871711730957e-01
5.569235086441040039e-01
6.100174188613891602e-01
6.358748674392700195e-01
6.505831480026245117e-01
5.876958370208740234e-01
6.677161455154418945e-01
6.783959865570068359e-01
6.691952943801879883e-01
6.010686755180358887e-01
6.721042990684509277e-01
6.717888116836547852e-01
6.555983424186706543e-01
5.993563532829284668e-01
6.602144241333007812e-01
6.623352766036987305e-01
6.495184898376464844e-01
6.687257885932922363e-01
5.593452453613281250e-01
4.712345600128173828e-01
4.429212510585784912e-01
4.641281366348266602e-01
4.739989042282104492e-01
4.207980930805206299e-01
3.932653367519378662e-01
3.759737610816955566e-01
5.268757343292236328e-01
4.932515621185302734e-01
4.841477274894714355e-01
4.843968749046325684e-01
5.858795046806335449e-01
5.594791173934936523e-01
5.510754585266113281e-01
5.505217313766479492e-01
6.465761065483093262e-01
6.389682888984680176e-01
6.302754878997802734e-01
6.287224292755126953e-01
0.000000000000000000e+00
1.000000000000000000e+00
1.000000000000000000e+00
1.000000000000000000e+00
1.000000000000000000e+00
0.000000000000000000e+00
0.000000000000000000e+00
0.000000000000000000e+00
0.000000000000000000e+00
0.000000000000000000e+00
0.000000000000000000e+00
0.000000000000000000e+00
0.000000000000000000e+00
0.000000000000000000e+00
0.000000000000000000e+00
0.000000000000000000e+00
0.000000000000000000e+00
0.000000000000000000e+00
0.000000000000000000e+00
0.000000000000000000e+00
0.000000000000000000e+00
0.000000000000000000e+00
0.000000000000000000e+00
0.000000000000000000e+00
0.000000000000000000e+00
0.000000000000000000e+00
0.000000000000000000e+00
0.000000000000000000e+00
0.000000000000000000e+00
0.000000000000000000e+00
0.000000000000000000e+00
0.000000000000000000e+00
0.000000000000000000e+00
0.000000000000000000e+00
0.000000000000000000e+00
0.000000000000000000e+00
0.000000000000000000e+00
0.000000000000000000e+00
0.000000000000000000e+00
0.000000000000000000e+00
0.000000000000000000e+00
0.000000000000000000e+00
0.000000000000000000e+00
0.000000000000000000e+00
0.000000000000000000e+00
0.000000000000000000e+00
0.000000000000000000e+00
0.000000000000000000e+00
0.000000000000000000e+00
0.000000000000000000e+00
0.000000000000000000e+00
0.000000000000000000e+00
0.000000000000000000e+00
