-1.000000000000000000e+00
4.163516461849212646e-01
4.384356439113616943e-01
4.732291400432586670e-01
5.053529739379882812e-01
5.450388193130493164e-01
5.672479867935180664e-01
6.619158387184143066e-01
6.915175914764404297e-01
6.866557598114013672e-01
5.907132029533386230e-01
7.122295498847961426e-01
7.340039014816284180e-01
7.179086208343505859e-01
5.975060462951660156e-01
7.015466690063476562e-01
7.119578123092651367e-01
6.946709156036376953e-01
5.865705609321594238e-01
6.694609522819519043e-01
6.819167733192443848e-01
6.692149043083190918e-01
7.915707230567932129e-01
6.785814762115478516e-01
5.864031314849853516e-01
5.092791318893432617e-01
4.981629848480224609e-01
6.789148449897766113e-01
6.283077597618103027e-01
5.796326398849487305e-01
5.525351762771606445e-01
7.509428858757019043e-01
7.197161316871643066e-01
6.643911600112915039e-01
6.297340989112854004e-01
8.070900440216064453e-01
7.815236449241638184e-01
7.276812791824340820e-01
6.931629776954650879e-01
8.443989753723144531e-01
8.468263745307922363e-01
8.041291236877441406e-01
7.710791826248168945e-01
0.000000000000000000e+00
1.000000000000000000e+00
1.000000000000000000e+00
1.000000000000000000e+00
1.000000000000000000e+00
0.000000000000000000e+00
0.000000000000000000e+00
0.000000000000000000e+00
0.000000000000000000e+00
0.000000000000000000e+00
0.000000000000000000e+00
0.000000000000000000e+00
0.000000000000000000e+00
0.000000000000000000e+00
0.000000000000000000e+00
0.000000000000000000e+00
0.000000000000000000e+00
0.000000000000000000e+00
0.000000000000000000e+00
0.000000000000000000e+00
0.000000000000000000e+00
0.000000000000000000e+00
0.000000000000000000e+00
0.000000000000000000e+00
0.000000000000000000e+00
0.000000000000000000e+00
0.000000000000000000e+00
0.000000000000000000e+00
0.000000000000000000e+00
0.000000000000000000e+00
0.000000000000000000e+00
0.000000000000000000e+00
0.000000000000000000e+00
0.000000000000000000e+00
0.000000000000000000e+00
0.000000000000000000e+00
0.000000000000000000e+00
0.000000000000000000e+00
0.000000000000000000e+00
0.000000000000000000e+00
0.000000000000000000e+00
0.000000000000000000e+00
0.000000000000000000e+00
0.000000000000000000e+00
0.000000000000000000e+00
0.000000000000000000e+00
0.000000000000000000e+00
0.000000000000000000e+00
0.000000000000000000e+00
0.000000000000000000e+00
0.000000000000000000e+00
0.000000000000000000e+00
0.000000000000000000e+00
