-1.000000000000000000e+00
4.443804621696472168e-01
4.888288974761962891e-01
5.503585934638977051e-01
6.031598448753356934e-01
6.446729898452758789e-01
6.025239825248718262e-01
7.061725854873657227e-01
7.557774186134338379e-01
7.656891942024230957e-01
6.099246740341186523e-01
7.379543781280517578e-01
7.869468331336975098e-01
7.847983837127685547e-01
6.045287847518920898e-01
7.199912071228027344e-01
7.577405571937561035e-01
7.553445696830749512e-01
5.860995054244995117e-01
6.673505902290344238e-01
7.016261816024780273e-01
7.070608735084533691e-01
7.097856998443603516e-01
5.981180071830749512e-01
5.146567225456237793e-01
4.598236680030822754e-01
4.689090251922607422e-01
5.936988592147827148e-01
5.525407195091247559e-01
5.381381511688232422e-01
5.334215164184570312e-01
6.819133162498474121e-01
6.975879669189453125e-01
6.755075454711914062e-01
6.490687727928161621e-01
7.559067606925964355e-01
7.735083103179931641e-01
7.493404746055603027e-01
7.186758518218994141e-01
8.136921525001525879e-01
8.586090207099914551e-01
8.410187363624572754e-01
8.080126047134399414e-01
0.000000000000000000e+00
1.000000000000000000e+00
1.000000000000000000e+00
1.000000000000000000e+00
1.000000000000000000e+00
0.000000000000000000e+00
0.000000000000000000e+00
0.000000000000000000e+00
0.000000000000000000e+00
0.000000000000000000e+00
0.000000000000000000e+00
0.000000000000000000e+00
0.000000000000000000e+00
0.000000000000000000e+00
0.000000000000000000e+00
0.000000000000000000e+00
0.000000000000000000e+00
0.000000000000000000e+00
0.000000000000000000e+00
0.000000000000000000e+00
0.000000000000000000e+00
0.000000000000000000e+00
0.000000000000000000e+00
0.000000000000000000e+00
0.000000000000000000e+00
0.000000000000000000e+00
0.000000000000000000e+00
0.000000000000000000e+00
0.000000000000000000e+00
0.000000000000000000e+00
0.000000000000000000e+00
0.000000000000000000e+00
0.000000000000000000e+00
0.000000000000000000e+00
0.000000000000000000e+00
0.000000000000000000e+00
0.000000000000000000e+00
0.000000000000000000e+00
0.000000000000000000e+00
0.000000000000000000e+00
0.000000000000000000e+00
0.000000000000000000e+00
0.000000000000000000e+00
0.000000000000000000e+00
0.000000000000000000e+00
0.000000000000000000e+00
0.000000000000000000e+00
0.000000000000000000e+00
0.000000000000000000e+00
0.000000000000000000e+00
0.000000000000000000e+00
0.000000000000000000e+00
0.000000000000000000e+00
