-1.000000000000000000e+00
4.467322826385498047e-01
4.909909963607788086e-01
5.532119274139404297e-01
6.058197617530822754e-01
6.480631828308105469e-01
6.019320487976074219e-01
7.081674337387084961e-01
7.559057474136352539e-01
7.615069746971130371e-01
6.090096831321716309e-01
7.402864694595336914e-01
7.885431051254272461e-01
7.831392288208007812e-01
6.045677661895751953e-01
7.226048707962036133e-01
7.586953639984130859e-01
7.538147568702697754e-01
5.880899429321289062e-01
6.713737249374389648e-01
7.057281732559204102e-01
7.097047567367553711e-01
7.071134448051452637e-01
5.961861610412597656e-01
5.129195451736450195e-01
4.573414325714111328e-01
4.690526127815246582e-01
5.922380089759826660e-01
5.501341223716735840e-01
5.357288122177124023e-01
5.317265987396240234e-01
6.810176372528076172e-01
6.984770298004150391e-01
6.738753318786621094e-01
6.468166708946228027e-01
7.550020217895507812e-01
7.751783728599548340e-01
7.478212714195251465e-01
7.144429087638854980e-01
8.134155869483947754e-01
8.603427410125732422e-01
8.414287567138671875e-01
8.061599135398864746e-01
0.000000000000000000e+00
1.000000000000000000e+00
1.000000000000000000e+00
1.000000000000000000e+00
1.000000000000000000e+00
0.000000000000000000e+00
0.000000000000000000e+00
0.000000000000000000e+00
0.000000000000000000e+00
0.000000000000000000e+00
0.000000000000000000e+00
0.000000000000000000e+00
0.000000000000000000e+00
0.000000000000000000e+00
0.000000000000000000e+00
0.000000000000000000e+00
0.000000000000000000e+00
0.000000000000000000e+00
0.000000000000000000e+00
0.000000000000000000e+00
0.000000000000000000e+00
0.000000000000000000e+00
0.000000000000000000e+00
0.000000000000000000e+00
0.000000000000000000e+00
0.000000000000000000e+00
0.000000000000000000e+00
0.000000000000000000e+00
0.000000000000000000e+00
0.000000000000000000e+00
0.000000000000000000e+00
0.000000000000000000e+00
0.000000000000000000e+00
0.000000000000000000e+00
0.000000000000000000e+00
0.000000000000000000e+00
0.000000000000000000e+00
0.000000000000000000e+00
0.000000000000000000e+00
0.000000000000000000e+00
0.000000000000000000e+00
0.000000000000000000e+00
0.000000000000000000e+00
0.000000000000000000e+00
0.000000000000000000e+00
0.000000000000000000e+00
0.000000000000000000e+00
0.000000000000000000e+00
0.000000000000000000e+00
0.000000000000000000e+00
0.000000000000000000e+00
0.000000000000000000e+00
0.000000000000000000e+00
