-1.000000000000000000e+00
3.771391510963439941e-01
4.490902125835418701e-01
5.064856410026550293e-01
5.370091199874877930e-01
5.386706590652465820e-01
4.917932450771331787e-01
5.094193816184997559e-01
5.133485198020935059e-01
5.145814418792724609e-01
4.496789872646331787e-01
4.688552021980285645e-01
4.765385985374450684e-01
4.830607473850250244e-01
4.048753976821899414e-01
4.207026958465576172e-01
4.319571256637573242e-01
4.425568878650665283e-01
3.575278818607330322e-01
3.693794906139373779e-01
3.809784352779388428e-01
3.922720253467559814e-01
1.001894235610961914e+00
9.772081375122070312e-01
9.239513278007507324e-01
8.612328767776489258e-01
7.943916916847229004e-01
7.794163823127746582e-01
6.757730841636657715e-01
6.091409921646118164e-01
5.490471124649047852e-01
7.602859139442443848e-01
6.419125795364379883e-01
5.648785233497619629e-01
4.971084892749786377e-01
7.609328031539916992e-01
6.489827632904052734e-01
5.754571557044982910e-01
5.122828483581542969e-01
7.786375284194946289e-01
6.926786899566650391e-01
6.372038722038269043e-01
5.872278213500976562e-01
0.000000000000000000e+00
1.000000000000000000e+00
1.000000000000000000e+00
1.000000000000000000e+00
1.000000000000000000e+00
1.000000000000000000e+00
7.991227507591247559e-01
7.190918326377868652e-01
6.557882428169250488e-01
6.247068643569946289e-01
6.044212579727172852e-01
6.635819673538208008e-01
6.440719962120056152e-01
6.357922554016113281e-01
6.303524971008300781e-01
7.095013260841369629e-01
6.858669519424438477e-01
6.730431914329528809e-01
6.608575582504272461e-01
7.547262907028198242e-01
7.329887747764587402e-01
7.188217639923095703e-01
7.048696875572204590e-01
8.049631714820861816e-01
7.890170216560363770e-01
7.763415575027465820e-01
7.622229456901550293e-01
9.956158399581909180e-01
9.849108457565307617e-01
9.300168752670288086e-01
8.515036106109619141e-01
7.726052999496459961e-01
7.767828702926635742e-01
6.654228568077087402e-01
5.970935821533203125e-01
5.344621539115905762e-01
7.484142780303955078e-01
6.294575929641723633e-01
5.554835796356201172e-01
4.894930422306060791e-01
7.462931275367736816e-01
6.358425617218017578e-01
5.676720142364501953e-01
5.063404440879821777e-01
7.606674432754516602e-01
6.765257120132446289e-01
6.211386322975158691e-01
5.702404975891113281e-01
1.000000000000000000e+00
1.000000000000000000e+00
1.000000000000000000e+00
1.000000000000000000e+00
1.000000000000000000e+00
