-1.000000000000000000e+00
3.766303062438964844e-01
4.493280649185180664e-01
5.076195001602172852e-01
5.361796617507934570e-01
5.359044075012207031e-01
4.935147166252136230e-01
5.115799307823181152e-01
5.149096846580505371e-01
5.157067775726318359e-01
4.507026374340057373e-01
4.689000844955444336e-01
4.761927127838134766e-01
4.824677109718322754e-01
4.049062430858612061e-01
4.207518398761749268e-01
4.312127232551574707e-01
4.406565725803375244e-01
3.560562431812286377e-01
3.691336810588836670e-01
3.800184130668640137e-01
3.900240063667297363e-01
1.001080274581909180e+00
9.768546819686889648e-01
9.237502813339233398e-01
8.594318628311157227e-01
7.901762723922729492e-01
7.772547006607055664e-01
6.761288642883300781e-01
6.123796701431274414e-01
5.524766445159912109e-01
7.580991983413696289e-01
6.431084871292114258e-01
5.675855875015258789e-01
4.998668730258941650e-01
7.600980401039123535e-01
6.523894667625427246e-01
5.797573924064636230e-01
5.151590704917907715e-01
7.775877118110656738e-01
6.911448240280151367e-01
6.332626342773437500e-01
5.797659754753112793e-01
1.000000000000000000e+00
1.000000000000000000e+00
1.000000000000000000e+00
1.000000000000000000e+00
1.000000000000000000e+00
1.000000000000000000e+00
8.033980727195739746e-01
7.240814566612243652e-01
6.590264439582824707e-01
6.251251697540283203e-01
6.013633608818054199e-01
6.646410226821899414e-01
6.457486748695373535e-01
6.374558806419372559e-01
6.323611736297607422e-01
7.097433209419250488e-01
6.861410140991210938e-01
6.740412712097167969e-01
6.621355414390563965e-01
7.541437149047851562e-01
7.329249978065490723e-01
7.203279137611389160e-01
7.061902880668640137e-01
8.034470677375793457e-01
7.879793643951416016e-01
7.768086194992065430e-01
7.627528905868530273e-01
9.954457879066467285e-01
9.856485128402709961e-01
9.298199415206909180e-01
8.515727519989013672e-01
7.731297612190246582e-01
7.764552235603332520e-01
6.677561998367309570e-01
6.006242632865905762e-01
5.393272638320922852e-01
7.481855154037475586e-01
6.297379136085510254e-01
5.559927225112915039e-01
4.889749586582183838e-01
7.455592155456542969e-01
6.367987394332885742e-01
5.689636468887329102e-01
5.071333646774291992e-01
7.592812180519104004e-01
6.749891638755798340e-01
6.204063892364501953e-01
5.703509449958801270e-01
1.000000000000000000e+00
1.000000000000000000e+00
1.000000000000000000e+00
1.000000000000000000e+00
1.000000000000000000e+00
