-1.000000000000000000e+00
2.860252261161804199e-01
3.608022928237915039e-01
4.150483906269073486e-01
4.396787285804748535e-01
4.175106287002563477e-01
3.779544830322265625e-01
3.889662921428680420e-01
3.883678913116455078e-01
3.852134943008422852e-01
3.399968147277832031e-01
3.508738875389099121e-01
3.537979423999786377e-01
3.537241220474243164e-01
3.018808662891387939e-01
3.106800615787506104e-01
3.152600824832916260e-01
3.170861005783081055e-01
2.604215741157531738e-01
2.650665342807769775e-01
2.711885571479797363e-01
2.774950861930847168e-01
8.480675816535949707e-01
8.130201101303100586e-01
7.347573041915893555e-01
6.559276580810546875e-01
6.140386462211608887e-01
6.050440073013305664e-01
5.126600265502929688e-01
4.551360607147216797e-01
4.004844725131988525e-01
5.886120796203613281e-01
4.832931160926818848e-01
4.148689508438110352e-01
3.540282547473907471e-01
5.939980745315551758e-01
4.956126511096954346e-01
4.320622682571411133e-01
3.765223622322082520e-01
6.161438226699829102e-01
5.362772345542907715e-01
4.849380552768707275e-01
4.371961951255798340e-01
1.000000000000000000e+00
1.000000000000000000e+00
1.000000000000000000e+00
1.000000000000000000e+00
1.000000000000000000e+00
1.000000000000000000e+00
8.563637733459472656e-01
7.800763249397277832e-01
7.273975610733032227e-01
7.026057839393615723e-01
6.880319118499755859e-01
7.446939349174499512e-01
7.311162948608398438e-01
7.270630002021789551e-01
7.254647016525268555e-01
7.843598127365112305e-01
7.704315185546875000e-01
7.644227743148803711e-01
7.566080689430236816e-01
8.223118782043457031e-01
8.125336170196533203e-01
8.046998977661132812e-01
7.952132821083068848e-01
8.650176525115966797e-01
8.581270575523376465e-01
8.506920337677001953e-01
8.400213718414306641e-01
8.001726269721984863e-01
7.719160318374633789e-01
7.066276669502258301e-01
6.278786659240722656e-01
5.531415939331054688e-01
5.719984173774719238e-01
4.792352616786956787e-01
4.210953414440155029e-01
3.642095327377319336e-01
5.505155920982360840e-01
4.477963447570800781e-01
3.835273385047912598e-01
3.210816085338592529e-01
5.520815253257751465e-01
4.579887390136718750e-01
3.987643718719482422e-01
3.442914783954620361e-01
5.691999197006225586e-01
4.945312142372131348e-01
4.458345770835876465e-01
3.985690474510192871e-01
1.000000000000000000e+00
1.000000000000000000e+00
1.000000000000000000e+00
1.000000000000000000e+00
1.000000000000000000e+00
