-1.000000000000000000e+00
2.903144061565399170e-01
3.627674877643585205e-01
4.154235720634460449e-01
4.373272359371185303e-01
4.141942262649536133e-01
3.746454715728759766e-01
3.814188539981842041e-01
3.785304725170135498e-01
3.734951615333557129e-01
3.360615968704223633e-01
3.424927592277526855e-01
3.425480425357818604e-01
3.399976193904876709e-01
2.979277372360229492e-01
3.026815950870513916e-01
3.046323359012603760e-01
3.039391636848449707e-01
2.571690678596496582e-01
2.589405477046966553e-01
2.626831531524658203e-01
2.662057578563690186e-01
8.570793867111206055e-01
8.193231821060180664e-01
7.413287162780761719e-01
6.628057956695556641e-01
6.231066584587097168e-01
6.114765405654907227e-01
5.192008018493652344e-01
4.623519480228424072e-01
4.096509814262390137e-01
5.989775657653808594e-01
4.943266510963439941e-01
4.272954761981964111e-01
3.679040670394897461e-01
6.072705984115600586e-01
5.087713599205017090e-01
4.468171596527099609e-01
3.929650783538818359e-01
6.320911049842834473e-01
5.526566505432128906e-01
5.019474625587463379e-01
4.549541771411895752e-01
1.000000000000000000e+00
1.000000000000000000e+00
1.000000000000000000e+00
1.000000000000000000e+00
1.000000000000000000e+00
1.000000000000000000e+00
8.535165190696716309e-01
7.779032588005065918e-01
7.274672985076904297e-01
7.072698473930358887e-01
6.958456635475158691e-01
7.513646483421325684e-01
7.403903603553771973e-01
7.395808100700378418e-01
7.415075898170471191e-01
7.921047806739807129e-01
7.812466621398925781e-01
7.782920598983764648e-01
7.743232250213623047e-01
8.297255039215087891e-01
8.217656016349792480e-01
8.171978592872619629e-01
8.103940486907958984e-01
8.710057139396667480e-01
8.672069311141967773e-01
8.617405891418457031e-01
8.530366420745849609e-01
8.064174652099609375e-01
7.781037092208862305e-01
7.120362520217895508e-01
6.339790225028991699e-01
5.570402741432189941e-01
5.801784992218017578e-01
4.843340814113616943e-01
4.255830049514770508e-01
3.696776926517486572e-01
5.626615285873413086e-01
4.573835134506225586e-01
3.913208842277526855e-01
3.307975828647613525e-01
5.672280788421630859e-01
4.698435068130493164e-01
4.104800224304199219e-01
3.556827306747436523e-01
5.855074524879455566e-01
5.098087787628173828e-01
4.619343280792236328e-01
4.148202538490295410e-01
1.000000000000000000e+00
1.000000000000000000e+00
1.000000000000000000e+00
1.000000000000000000e+00
1.000000000000000000e+00
