-1.000000000000000000e+00
3.735702335834503174e-01
4.482845067977905273e-01
4.988302588462829590e-01
5.127657651901245117e-01
4.878258109092712402e-01
4.478858113288879395e-01
4.541401565074920654e-01
4.513325095176696777e-01
4.456261694431304932e-01
4.089839458465576172e-01
4.132175147533416748e-01
4.112211167812347412e-01
4.071511924266815186e-01
3.705455362796783447e-01
3.737893104553222656e-01
3.749773800373077393e-01
3.739919662475585938e-01
3.299553692340850830e-01
3.303095996379852295e-01
3.340836763381958008e-01
3.373736739158630371e-01
8.578053712844848633e-01
8.138130903244018555e-01
7.343195676803588867e-01
6.568606495857238770e-01
6.128793358802795410e-01
6.072309017181396484e-01
5.158458948135375977e-01
4.594365656375885010e-01
4.062911570072174072e-01
5.971458554267883301e-01
4.914969503879547119e-01
4.220176339149475098e-01
3.595889210700988770e-01
6.055641770362854004e-01
5.026605129241943359e-01
4.371877014636993408e-01
3.802666366100311279e-01
6.308332681655883789e-01
5.514502525329589844e-01
5.010097026824951172e-01
4.552155435085296631e-01
1.000000000000000000e+00
1.000000000000000000e+00
1.000000000000000000e+00
1.000000000000000000e+00
1.000000000000000000e+00
1.000000000000000000e+00
7.890998721122741699e-01
7.162336707115173340e-01
6.670477986335754395e-01
6.515398025512695312e-01
6.364668011665344238e-01
6.906158328056335449e-01
6.850633025169372559e-01
6.874057650566101074e-01
6.911361813545227051e-01
7.322598099708557129e-01
7.275684475898742676e-01
7.278664112091064453e-01
7.282366752624511719e-01
7.730118632316589355e-01
7.696027159690856934e-01
7.673934698104858398e-01
7.636666893959045410e-01
8.159841895103454590e-01
8.147707581520080566e-01
8.117811083793640137e-01
8.056176304817199707e-01
8.373719453811645508e-01
8.044946789741516113e-01
7.284522056579589844e-01
6.491687297821044922e-01
5.809928178787231445e-01
5.917518138885498047e-01
4.898324906826019287e-01
4.278143644332885742e-01
3.715483248233795166e-01
5.768750309944152832e-01
4.656965732574462891e-01
3.972626924514770508e-01
3.363108634948730469e-01
5.842519402503967285e-01
4.778940081596374512e-01
4.135012626647949219e-01
3.545985519886016846e-01
6.102655529975891113e-01
5.261569023132324219e-01
4.743585586547851562e-01
4.275671839714050293e-01
1.000000000000000000e+00
1.000000000000000000e+00
1.000000000000000000e+00
1.000000000000000000e+00
1.000000000000000000e+00
