-1.000000000000000000e+00
3.594196140766143799e-01
4.323030710220336914e-01
4.858443140983581543e-01
5.057951807975769043e-01
4.859644770622253418e-01
4.492965936660766602e-01
4.588685035705566406e-01
4.570345282554626465e-01
4.520299136638641357e-01
4.090706110000610352e-01
4.187247157096862793e-01
4.199237525463104248e-01
4.179740250110626221e-01
3.696487247943878174e-01
3.763996958732604980e-01
3.805525302886962891e-01
3.820734620094299316e-01
3.278793394565582275e-01
3.309395313262939453e-01
3.364943265914916992e-01
3.421837389469146729e-01
8.853725194931030273e-01
8.484054207801818848e-01
7.681536078453063965e-01
6.922395229339599609e-01
6.525722742080688477e-01
6.389693617820739746e-01
5.447759628295898438e-01
4.854785203933715820e-01
4.289785325527191162e-01
6.266802549362182617e-01
5.195231437683105469e-01
4.491276144981384277e-01
3.855992853641510010e-01
6.353360414505004883e-01
5.356518626213073730e-01
4.699708223342895508e-01
4.113068580627441406e-01
6.595129370689392090e-01
5.799177289009094238e-01
5.264685153961181641e-01
4.754477143287658691e-01
1.000000000000000000e+00
1.000000000000000000e+00
1.000000000000000000e+00
1.000000000000000000e+00
1.000000000000000000e+00
1.000000000000000000e+00
7.970342040061950684e-01
7.227027416229248047e-01
6.717620491981506348e-01
6.510219573974609375e-01
6.337717771530151367e-01
6.918532848358154297e-01
6.806777119636535645e-01
6.790450215339660645e-01
6.801718473434448242e-01
7.335742712020874023e-01
7.223013043403625488e-01
7.181013822555541992e-01
7.131700515747070312e-01
7.725289463996887207e-01
7.651163339614868164e-01
7.594692111015319824e-01
7.520772814750671387e-01
8.147830367088317871e-01
8.116277456283569336e-01
8.076859116554260254e-01
8.003367185592651367e-01
8.539229035377502441e-01
8.255602717399597168e-01
7.564287185668945312e-01
6.773393750190734863e-01
6.060393452644348145e-01
6.228809952735900879e-01
5.269726514816284180e-01
4.671957492828369141e-01
4.105120301246643066e-01
6.038923263549804688e-01
4.971738457679748535e-01
4.304157495498657227e-01
3.662956058979034424e-01
6.084761619567871094e-01
5.101320147514343262e-01
4.472361207008361816e-01
3.881587982177734375e-01
6.292765736579895020e-01
5.513791441917419434e-01
5.004715323448181152e-01
4.508564472198486328e-01
1.000000000000000000e+00
1.000000000000000000e+00
1.000000000000000000e+00
1.000000000000000000e+00
1.000000000000000000e+00
