-1.000000000000000000e+00
3.534390628337860107e-01
4.283686876296997070e-01
4.799340069293975830e-01
4.971207082271575928e-01
4.773834049701690674e-01
4.435059428215026855e-01
4.551927149295806885e-01
4.545788466930389404e-01
4.510400891304016113e-01
4.037514626979827881e-01
4.148504436016082764e-01
4.171205163002014160e-01
4.164970517158508301e-01
3.649522066116333008e-01
3.742673993110656738e-01
3.785867393016815186e-01
3.812102973461151123e-01
3.234307169914245605e-01
3.291219472885131836e-01
3.352882564067840576e-01
3.417986929416656494e-01
8.679171800613403320e-01
8.306257724761962891e-01
7.516412138938903809e-01
6.758089661598205566e-01
6.366304755210876465e-01
6.277343630790710449e-01
5.321505069732666016e-01
4.724169671535491943e-01
4.175349473953247070e-01
6.149133443832397461e-01
5.072846412658691406e-01
4.372989237308502197e-01
3.772977292537689209e-01
6.217995285987854004e-01
5.206379890441894531e-01
4.559295773506164551e-01
4.012582600116729736e-01
6.435474753379821777e-01
5.622889399528503418e-01
5.108406543731689453e-01
4.646294116973876953e-01
1.000000000000000000e+00
1.000000000000000000e+00
1.000000000000000000e+00
1.000000000000000000e+00
1.000000000000000000e+00
1.000000000000000000e+00
7.915204763412475586e-01
7.171387672424316406e-01
6.662100553512573242e-01
6.436383724212646484e-01
6.224191188812255859e-01
6.848434209823608398e-01
6.717574000358581543e-01
6.691616773605346680e-01
6.696565151214599609e-01
7.260614037513732910e-01
7.115761637687683105e-01
7.057127356529235840e-01
7.006598711013793945e-01
7.656117677688598633e-01
7.541956901550292969e-01
7.459496855735778809e-01
7.383390665054321289e-01
8.084961771965026855e-01
8.012771010398864746e-01
7.959550619125366211e-01
7.890486121177673340e-01
8.395526409149169922e-01
8.153213262557983398e-01
7.492618560791015625e-01
6.723151803016662598e-01
6.034075617790222168e-01
6.236283779144287109e-01
5.237820744514465332e-01
4.629443585872650146e-01
4.060714542865753174e-01
6.052855849266052246e-01
4.941509068012237549e-01
4.256631731986999512e-01
3.617770671844482422e-01
6.086323857307434082e-01
5.067307353019714355e-01
4.430615603923797607e-01
3.841292262077331543e-01
6.269034743309020996e-01
5.473293662071228027e-01
4.958121776580810547e-01
4.458504021167755127e-01
1.000000000000000000e+00
1.000000000000000000e+00
1.000000000000000000e+00
1.000000000000000000e+00
1.000000000000000000e+00
