-1.000000000000000000e+00
3.451981544494628906e-01
4.156977534294128418e-01
4.696038961410522461e-01
4.926906228065490723e-01
4.752484560012817383e-01
4.411888122558593750e-01
4.531691074371337891e-01
4.541535377502441406e-01
4.526349604129791260e-01
4.032095074653625488e-01
4.158908426761627197e-01
4.190130829811096191e-01
4.191881418228149414e-01
3.649442493915557861e-01
3.768080174922943115e-01
3.818183541297912598e-01
3.843111395835876465e-01
3.231902420520782471e-01
3.306127488613128662e-01
3.377713561058044434e-01
3.449175059795379639e-01
8.499459028244018555e-01
8.209773302078247070e-01
7.523841857910156250e-01
6.791878342628479004e-01
6.366363763809204102e-01
6.225541830062866211e-01
5.288743972778320312e-01
4.707080125808715820e-01
4.173830151557922363e-01
6.084440946578979492e-01
5.025546550750732422e-01
4.343904852867126465e-01
3.760221600532531738e-01
6.129672527313232422e-01
5.125658512115478516e-01
4.489580392837524414e-01
3.955956697463989258e-01
6.321982741355895996e-01
5.526419281959533691e-01
5.017079114913940430e-01
4.558386206626892090e-01
1.000000000000000000e+00
1.000000000000000000e+00
1.000000000000000000e+00
1.000000000000000000e+00
1.000000000000000000e+00
1.000000000000000000e+00
7.910763025283813477e-01
7.175984978675842285e-01
6.658189296722412109e-01
6.426605582237243652e-01
6.217474937438964844e-01
6.830738186836242676e-01
6.665372848510742188e-01
6.625279784202575684e-01
6.621204614639282227e-01
7.225520014762878418e-01
7.051786184310913086e-01
6.979141235351562500e-01
6.922146677970886230e-01
7.615165710449218750e-01
7.475628852844238281e-01
7.401822209358215332e-01
7.326116561889648438e-01
8.039187788963317871e-01
7.965842485427856445e-01
7.908623814582824707e-01
7.828384041786193848e-01
8.431509137153625488e-01
8.204938173294067383e-01
7.550021409988403320e-01
6.803425550460815430e-01
6.136955022811889648e-01
6.288714408874511719e-01
5.322110652923583984e-01
4.725573658943176270e-01
4.179679155349731445e-01
6.095401644706726074e-01
5.020155906677246094e-01
4.345739483833312988e-01
3.732193708419799805e-01
6.124414205551147461e-01
5.112681984901428223e-01
4.499177932739257812e-01
3.938564658164978027e-01
6.308351159095764160e-01
5.510947108268737793e-01
5.008177757263183594e-01
4.534676969051361084e-01
1.000000000000000000e+00
1.000000000000000000e+00
1.000000000000000000e+00
1.000000000000000000e+00
1.000000000000000000e+00
