-1.000000000000000000e+00
3.735246360301971436e-01
4.484214186668395996e-01
5.064883232116699219e-01
5.315442085266113281e-01
5.315069556236267090e-01
4.881916642189025879e-01
5.063375234603881836e-01
5.099253654479980469e-01
5.103323459625244141e-01
4.450708925724029541e-01
4.638761878013610840e-01
4.711859822273254395e-01
4.769289195537567139e-01
4.001295864582061768e-01
4.184402525424957275e-01
4.299697875976562500e-01
4.398728609085083008e-01
3.523256182670593262e-01
3.669955730438232422e-01
3.787439465522766113e-01
3.902893364429473877e-01
1.001285552978515625e+00
9.744253158569335938e-01
9.156937003135681152e-01
8.433151245117187500e-01
7.725566625595092773e-01
7.652732133865356445e-01
6.636506319046020508e-01
5.986522436141967773e-01
5.370233654975891113e-01
7.462151646614074707e-01
6.310395002365112305e-01
5.532842278480529785e-01
4.839856326580047607e-01
7.474181056022644043e-01
6.395481228828430176e-01
5.659354329109191895e-01
5.023890137672424316e-01
7.634137868881225586e-01
6.767464876174926758e-01
6.182167530059814453e-01
5.651724934577941895e-01
1.000000000000000000e+00
1.000000000000000000e+00
1.000000000000000000e+00
1.000000000000000000e+00
1.000000000000000000e+00
1.000000000000000000e+00
8.043131232261657715e-01
7.273603081703186035e-01
6.640189886093139648e-01
6.306390166282653809e-01
6.061799526214599609e-01
6.655998826026916504e-01
6.457061171531677246e-01
6.378511786460876465e-01
6.337084770202636719e-01
7.103819847106933594e-01
6.855846643447875977e-01
6.745287775993347168e-01
6.642786860466003418e-01
7.552929520606994629e-01
7.321281433105468750e-01
7.200884819030761719e-01
7.072470188140869141e-01
8.051189780235290527e-01
7.864215373992919922e-01
7.743391990661621094e-01
7.600535154342651367e-01
9.892077445983886719e-01
9.743957519531250000e-01
9.160571098327636719e-01
8.387349247932434082e-01
7.606816291809082031e-01
7.664777636528015137e-01
6.557235121726989746e-01
5.883680582046508789e-01
5.264304876327514648e-01
7.393600940704345703e-01
6.200501918792724609e-01
5.468155145645141602e-01
4.798409938812255859e-01
7.373046875000000000e-01
6.277861595153808594e-01
5.603255629539489746e-01
4.981959164142608643e-01
7.517184615135192871e-01
6.681873798370361328e-01
6.130533814430236816e-01
5.618084669113159180e-01
1.000000000000000000e+00
1.000000000000000000e+00
1.000000000000000000e+00
1.000000000000000000e+00
1.000000000000000000e+00
