-1.000000000000000000e+00
3.813279271125793457e-01
4.435973167419433594e-01
4.980607628822326660e-01
5.422157049179077148e-01
5.817443132400512695e-01
4.577147662639617920e-01
4.831346869468688965e-01
4.950211048126220703e-01
5.031859874725341797e-01
4.145598411560058594e-01
4.166269004344940186e-01
4.168002307415008545e-01
4.146906435489654541e-01
3.755498230457305908e-01
3.634638190269470215e-01
3.552099466323852539e-01
3.486759364604949951e-01
3.401372432708740234e-01
3.090319037437438965e-01
2.885745167732238770e-01
2.721353173255920410e-01
6.581377387046813965e-01
6.357424259185791016e-01
5.920561552047729492e-01
5.516442060470581055e-01
5.343108773231506348e-01
4.558908641338348389e-01
3.763828277587890625e-01
3.258292675018310547e-01
2.809304893016815186e-01
4.389811456203460693e-01
3.420417308807373047e-01
2.829741537570953369e-01
2.353152632713317871e-01
4.470199346542358398e-01
3.622401356697082520e-01
3.076353073120117188e-01
2.609984576702117920e-01
4.743638634681701660e-01
4.197251200675964355e-01
3.826518356800079346e-01
3.472361564636230469e-01
0.000000000000000000e+00
1.000000000000000000e+00
1.000000000000000000e+00
1.000000000000000000e+00
1.000000000000000000e+00
1.000000000000000000e+00
8.152945637702941895e-01
7.764921784400939941e-01
7.540718913078308105e-01
7.808198928833007812e-01
8.058133721351623535e-01
7.139714360237121582e-01
6.815006732940673828e-01
6.622166037559509277e-01
6.466282606124877930e-01
7.463153600692749023e-01
7.294401526451110840e-01
7.229266762733459473e-01
7.176880836486816406e-01
7.797354459762573242e-01
7.850561141967773438e-01
7.928920388221740723e-01
7.993401288986206055e-01
8.141317963600158691e-01
8.065914511680603027e-01
8.038640022277832031e-01
8.029829859733581543e-01
7.041804194450378418e-01
6.996302008628845215e-01
6.669161915779113770e-01
6.196265220642089844e-01
5.753027796745300293e-01
5.542934536933898926e-01
4.858377575874328613e-01
4.390755891799926758e-01
3.967750668525695801e-01
5.229167938232421875e-01
4.349681735038757324e-01
3.761270642280578613e-01
3.264153003692626953e-01
5.250861048698425293e-01
4.517359137535095215e-01
3.945963382720947266e-01
3.427836298942565918e-01
5.487841367721557617e-01
5.434569716453552246e-01
5.799545645713806152e-01
6.121169924736022949e-01
0.000000000000000000e+00
1.000000000000000000e+00
1.000000000000000000e+00
1.000000000000000000e+00
0.000000000000000000e+00
