-1.000000000000000000e+00
3.793838620185852051e-01
4.417915344238281250e-01
4.953018128871917725e-01
5.392469167709350586e-01
5.791954994201660156e-01
4.520199298858642578e-01
4.772353172302246094e-01
4.891656637191772461e-01
4.973015189170837402e-01
4.085496664047241211e-01
4.085615575313568115e-01
4.083859026432037354e-01
4.058582782745361328e-01
3.698117733001708984e-01
3.566612005233764648e-01
3.482216000556945801e-01
3.413618206977844238e-01
3.352220654487609863e-01
3.027051687240600586e-01
2.812446951866149902e-01
2.636565566062927246e-01
6.578192114830017090e-01
6.338257193565368652e-01
5.884019136428833008e-01
5.493716597557067871e-01
5.341613888740539551e-01
4.517797529697418213e-01
3.732743859291076660e-01
3.234820961952209473e-01
2.795452773571014404e-01
4.366072714328765869e-01
3.405347466468811035e-01
2.813278734683990479e-01
2.334601879119873047e-01
4.458624720573425293e-01
3.614053130149841309e-01
3.077185750007629395e-01
2.614917159080505371e-01
4.742259681224822998e-01
4.194611907005310059e-01
3.836859762668609619e-01
3.494512438774108887e-01
0.000000000000000000e+00
1.000000000000000000e+00
1.000000000000000000e+00
1.000000000000000000e+00
1.000000000000000000e+00
1.000000000000000000e+00
8.177750110626220703e-01
7.787351608276367188e-01
7.566643953323364258e-01
7.833612561225891113e-01
8.086939454078674316e-01
7.197100520133972168e-01
6.887708306312561035e-01
6.693143248558044434e-01
6.523632407188415527e-01
7.527235746383666992e-01
7.382289171218872070e-01
7.315080761909484863e-01
7.251018881797790527e-01
7.858919501304626465e-01
7.912986278533935547e-01
7.996810078620910645e-01
8.064596652984619141e-01
8.189719319343566895e-01
8.120527267456054688e-01
8.080397248268127441e-01
8.049638867378234863e-01
6.964040994644165039e-01
6.915422677993774414e-01
6.581391692161560059e-01
6.127954721450805664e-01
5.694776773452758789e-01
5.427789092063903809e-01
4.753526747226715088e-01
4.298360347747802734e-01
3.878735899925231934e-01
5.128551125526428223e-01
4.255918860435485840e-01
3.667373359203338623e-01
3.167631030082702637e-01
5.170575976371765137e-01
4.427209496498107910e-01
3.862328529357910156e-01
3.358489274978637695e-01
5.418993830680847168e-01
5.375396013259887695e-01
5.755415558815002441e-01
6.091567277908325195e-01
0.000000000000000000e+00
1.000000000000000000e+00
1.000000000000000000e+00
1.000000000000000000e+00
0.000000000000000000e+00
