-1.000000000000000000e+00
3.751212954521179199e-01
4.375886917114257812e-01
4.907334446907043457e-01
5.339641571044921875e-01
5.730801224708557129e-01
4.436604976654052734e-01
4.684243202209472656e-01
4.793844521045684814e-01
4.864675998687744141e-01
4.000520408153533936e-01
3.986832797527313232e-01
3.965879380702972412e-01
3.923623263835906982e-01
3.617443144321441650e-01
3.480641245841979980e-01
3.383548557758331299e-01
3.300507664680480957e-01
3.278062343597412109e-01
2.960507869720458984e-01
2.749891877174377441e-01
2.574751377105712891e-01
6.498463749885559082e-01
6.241179704666137695e-01
5.759005546569824219e-01
5.322476029396057129e-01
5.140094161033630371e-01
4.422533214092254639e-01
3.630553483963012695e-01
3.126638233661651611e-01
2.679171860218048096e-01
4.291396737098693848e-01
3.330127298831939697e-01
2.739054560661315918e-01
2.253693640232086182e-01
4.399329423904418945e-01
3.561726212501525879e-01
3.024544119834899902e-01
2.559021711349487305e-01
4.694670736789703369e-01
4.148685336112976074e-01
3.785396814346313477e-01
3.433275818824768066e-01
0.000000000000000000e+00
1.000000000000000000e+00
1.000000000000000000e+00
1.000000000000000000e+00
1.000000000000000000e+00
1.000000000000000000e+00
8.184442520141601562e-01
7.815452814102172852e-01
7.595859169960021973e-01
7.874539494514465332e-01
8.161503076553344727e-01
7.228074073791503906e-01
6.922801733016967773e-01
6.733103394508361816e-01
6.571547985076904297e-01
7.555892467498779297e-01
7.410368323326110840e-01
7.354239225387573242e-01
7.298688888549804688e-01
7.878565788269042969e-01
7.951157689094543457e-01
8.048408627510070801e-01
8.115828037261962891e-01
8.204120397567749023e-01
8.153054714202880859e-01
8.123599290847778320e-01
8.097022771835327148e-01
6.878134012222290039e-01
6.825096011161804199e-01
6.501200795173645020e-01
6.013349294662475586e-01
5.550357103347778320e-01
5.330820083618164062e-01
4.632264673709869385e-01
4.165470898151397705e-01
3.740580081939697266e-01
5.036957859992980957e-01
4.153707027435302734e-01
3.568082451820373535e-01
3.071388602256774902e-01
5.083720088005065918e-01
4.324426054954528809e-01
3.767739534378051758e-01
3.267804682254791260e-01
5.344442129135131836e-01
5.209798812866210938e-01
5.566207170486450195e-01
5.902410149574279785e-01
0.000000000000000000e+00
1.000000000000000000e+00
1.000000000000000000e+00
1.000000000000000000e+00
0.000000000000000000e+00
