-1.000000000000000000e+00
3.672291040420532227e-01
4.282334148883819580e-01
4.793157279491424561e-01
5.189846754074096680e-01
5.536302328109741211e-01
4.253365397453308105e-01
4.469492137432098389e-01
4.561033248901367188e-01
4.617365598678588867e-01
3.818317949771881104e-01
3.757024407386779785e-01
3.703173696994781494e-01
3.635506331920623779e-01
3.446755707263946533e-01
3.264584541320800781e-01
3.141428232192993164e-01
3.038251698017120361e-01
3.124035596847534180e-01
2.780777812004089355e-01
2.552235424518585205e-01
2.361561506986618042e-01
6.354504823684692383e-01
6.028223633766174316e-01
5.540809035301208496e-01
5.106155872344970703e-01
4.871923625469207764e-01
4.256188869476318359e-01
3.439831137657165527e-01
2.929295301437377930e-01
2.479094266891479492e-01
4.163539111614227295e-01
3.199676275253295898e-01
2.614325284957885742e-01
2.149470001459121704e-01
4.306572377681732178e-01
3.483366370201110840e-01
2.961099445819854736e-01
2.515383958816528320e-01
4.630025029182434082e-01
4.119293689727783203e-01
3.773904442787170410e-01
3.435489237308502197e-01
0.000000000000000000e+00
1.000000000000000000e+00
1.000000000000000000e+00
1.000000000000000000e+00
1.000000000000000000e+00
1.000000000000000000e+00
8.182169198989868164e-01
7.800552248954772949e-01
7.613265514373779297e-01
7.941681146621704102e-01
8.251808285713195801e-01
7.368476986885070801e-01
7.143275141716003418e-01
7.028768062591552734e-01
6.931223869323730469e-01
7.733242511749267578e-01
7.683105468750000000e-01
7.684326767921447754e-01
7.680603265762329102e-01
8.070872426033020020e-01
8.206562399864196777e-01
8.348969221115112305e-01
8.464726805686950684e-01
8.389136195182800293e-01
8.311189413070678711e-01
8.217681646347045898e-01
8.141000270843505859e-01
6.720392704010009766e-01
6.563982963562011719e-01
6.157763004302978516e-01
5.738578438758850098e-01
5.373855829238891602e-01
5.034978985786437988e-01
4.291846454143524170e-01
3.793966770172119141e-01
3.357635140419006348e-01
4.808894097805023193e-01
3.902213573455810547e-01
3.306965231895446777e-01
2.815623879432678223e-01
4.912481307983398438e-01
4.162458479404449463e-01
3.600358963012695312e-01
3.093914985656738281e-01
5.221076011657714844e-01
5.108541846275329590e-01
5.457235574722290039e-01
5.766944885253906250e-01
0.000000000000000000e+00
1.000000000000000000e+00
1.000000000000000000e+00
1.000000000000000000e+00
0.000000000000000000e+00
