-1.000000000000000000e+00
3.139548301696777344e-01
3.753222525119781494e-01
4.246979355812072754e-01
4.640102982521057129e-01
4.991792738437652588e-01
3.715918064117431641e-01
3.916794657707214355e-01
3.997009396553039551e-01
4.049740135669708252e-01
3.289322555065155029e-01
3.212377429008483887e-01
3.162257671356201172e-01
3.114266395568847656e-01
2.931181788444519043e-01
2.749342322349548340e-01
2.641128897666931152e-01
2.557333111763000488e-01
2.626653313636779785e-01
2.283691167831420898e-01
2.048723250627517700e-01
1.854212284088134766e-01
6.339727640151977539e-01
6.026435494422912598e-01
5.560221672058105469e-01
5.134882330894470215e-01
4.937272369861602783e-01
4.287446439266204834e-01
3.512012362480163574e-01
3.010081350803375244e-01
2.577020823955535889e-01
4.193079471588134766e-01
3.273487091064453125e-01
2.705551385879516602e-01
2.257274985313415527e-01
4.333348572254180908e-01
3.544111549854278564e-01
3.040780723094940186e-01
2.618231773376464844e-01
4.652609825134277344e-01
4.186316430568695068e-01
3.849940001964569092e-01
3.524077236652374268e-01
0.000000000000000000e+00
1.000000000000000000e+00
1.000000000000000000e+00
1.000000000000000000e+00
1.000000000000000000e+00
1.000000000000000000e+00
8.753247261047363281e-01
8.441836833953857422e-01
8.331944942474365234e-01
8.715087771415710449e-01
9.055262207984924316e-01
8.068608641624450684e-01
7.838347554206848145e-01
7.718380093574523926e-01
7.611345648765563965e-01
8.419574499130249023e-01
8.348067998886108398e-01
8.342030048370361328e-01
8.314093351364135742e-01
8.729426860809326172e-01
8.880247473716735840e-01
9.000956416130065918e-01
9.072389602661132812e-01
9.030002355575561523e-01
9.097849726676940918e-01
9.064216017723083496e-01
9.019045829772949219e-01
6.567318439483642578e-01
6.434218883514404297e-01
6.036485433578491211e-01
5.567578673362731934e-01
5.154311656951904297e-01
4.899321794509887695e-01
4.144430756568908691e-01
3.656297624111175537e-01
3.222637176513671875e-01
4.672991037368774414e-01
3.744691610336303711e-01
3.151207566261291504e-01
2.671133279800415039e-01
4.768830239772796631e-01
3.978253602981567383e-01
3.419268727302551270e-01
2.915530204772949219e-01
5.076702237129211426e-01
4.850360751152038574e-01
5.155639052391052246e-01
5.471006631851196289e-01
0.000000000000000000e+00
1.000000000000000000e+00
1.000000000000000000e+00
1.000000000000000000e+00
0.000000000000000000e+00
