-1.000000000000000000e+00
3.870783448219299316e-01
4.485247433185577393e-01
5.019382834434509277e-01
5.464055538177490234e-01
5.874275565147399902e-01
4.637773931026458740e-01
4.892569780349731445e-01
5.013027191162109375e-01
5.097876787185668945e-01
4.209857881069183350e-01
4.232395589351654053e-01
4.229497909545898438e-01
4.204789400100708008e-01
3.822503983974456787e-01
3.744872808456420898e-01
3.686608672142028809e-01
3.638120591640472412e-01
3.473300635814666748e-01
3.184071779251098633e-01
3.000358343124389648e-01
2.855105996131896973e-01
6.549248099327087402e-01
6.341743469238281250e-01
5.926030874252319336e-01
5.538063049316406250e-01
5.362923741340637207e-01
4.559395313262939453e-01
3.789066970348358154e-01
3.294131159782409668e-01
2.845117449760437012e-01
4.399047493934631348e-01
3.455632925033569336e-01
2.866450846195220947e-01
2.373450249433517456e-01
4.483952820301055908e-01
3.647903203964233398e-01
3.099786937236785889e-01
2.619938850402832031e-01
4.752143919467926025e-01
4.184357821941375732e-01
3.799552917480468750e-01
3.423980474472045898e-01
0.000000000000000000e+00
1.000000000000000000e+00
1.000000000000000000e+00
1.000000000000000000e+00
1.000000000000000000e+00
1.000000000000000000e+00
8.156359791755676270e-01
7.764176130294799805e-01
7.518368959426879883e-01
7.782772779464721680e-01
8.023442625999450684e-01
7.111894488334655762e-01
6.800932288169860840e-01
6.594704389572143555e-01
6.412713527679443359e-01
7.433416843414306641e-01
7.261404395103454590e-01
7.190085053443908691e-01
7.115878462791442871e-01
7.769445776939392090e-01
7.811455130577087402e-01
7.874965071678161621e-01
7.906574010848999023e-01
8.124449253082275391e-01
8.064982295036315918e-01
8.047764301300048828e-01
8.032165169715881348e-01
7.108646631240844727e-01
7.078410387039184570e-01
6.750235557556152344e-01
6.262404918670654297e-01
5.811261534690856934e-01
5.642708539962768555e-01
4.966324865818023682e-01
4.509556293487548828e-01
4.092121720314025879e-01
5.319254398345947266e-01
4.438974857330322266e-01
3.859936296939849854e-01
3.356595039367675781e-01
5.332600474357604980e-01
4.588792324066162109e-01
4.020389914512634277e-01
3.490799069404602051e-01
5.561746954917907715e-01
5.494325757026672363e-01
5.875898599624633789e-01
6.207156777381896973e-01
0.000000000000000000e+00
1.000000000000000000e+00
1.000000000000000000e+00
1.000000000000000000e+00
0.000000000000000000e+00
