-1.000000000000000000e+00
3.382692039012908936e-01
3.966380059719085693e-01
4.451229274272918701e-01
4.837553501129150391e-01
5.184304118156433105e-01
3.930267095565795898e-01
4.131118357181549072e-01
4.223015904426574707e-01
4.279846251010894775e-01
3.509167730808258057e-01
3.468759059906005859e-01
3.436692655086517334e-01
3.395160436630249023e-01
3.149341046810150146e-01
3.026060760021209717e-01
2.942019104957580566e-01
2.875487804412841797e-01
2.841607928276062012e-01
2.533047497272491455e-01
2.330325543880462646e-01
2.165509462356567383e-01
6.661025285720825195e-01
6.392835378646850586e-01
5.956801176071166992e-01
5.551200509071350098e-01
5.327148437500000000e-01
4.698001146316528320e-01
3.938921689987182617e-01
3.442907929420471191e-01
3.000545799732208252e-01
4.592127501964569092e-01
3.669443428516387939e-01
3.107240796089172363e-01
2.642342448234558105e-01
4.711731970310211182e-01
3.913180530071258545e-01
3.405064940452575684e-01
2.963988184928894043e-01
4.999616146087646484e-01
4.490680694580078125e-01
4.153298735618591309e-01
3.824939429759979248e-01
0.000000000000000000e+00
1.000000000000000000e+00
1.000000000000000000e+00
1.000000000000000000e+00
1.000000000000000000e+00
1.000000000000000000e+00
8.459134101867675781e-01
8.109490275382995605e-01
7.957032322883605957e-01
8.278874158859252930e-01
8.575447797775268555e-01
7.736110091209411621e-01
7.507513761520385742e-01
7.382951378822326660e-01
7.275945544242858887e-01
8.070135116577148438e-01
8.015138506889343262e-01
8.018340468406677246e-01
8.016909360885620117e-01
8.382157087326049805e-01
8.521245718002319336e-01
8.646991848945617676e-01
8.753134608268737793e-01
8.681861162185668945e-01
8.642454147338867188e-01
8.544701933860778809e-01
8.469393253326416016e-01
6.943426728248596191e-01
6.773386001586914062e-01
6.360194087028503418e-01
5.986892580986022949e-01
5.663212537765502930e-01
5.317324995994567871e-01
4.605342447757720947e-01
4.132269322872161865e-01
3.724463880062103271e-01
5.097187161445617676e-01
4.226565659046173096e-01
3.649982213973999023e-01
3.181410431861877441e-01
5.186755061149597168e-01
4.459436237812042236e-01
3.922749161720275879e-01
3.452931344509124756e-01
5.473745465278625488e-01
5.377079248428344727e-01
5.702537894248962402e-01
6.011174917221069336e-01
0.000000000000000000e+00
1.000000000000000000e+00
1.000000000000000000e+00
1.000000000000000000e+00
0.000000000000000000e+00
