-1.000000000000000000e+00
3.712823390960693359e-01
4.279150664806365967e-01
4.756851792335510254e-01
5.092857480049133301e-01
5.415495038032531738e-01
4.284690916538238525e-01
4.481503367424011230e-01
4.569040834903717041e-01
4.624421596527099609e-01
3.910977244377136230e-01
3.904387652873992920e-01
3.877142965793609619e-01
3.830797672271728516e-01
3.578819930553436279e-01
3.483541309833526611e-01
3.402143716812133789e-01
3.329222202301025391e-01
3.271946310997009277e-01
2.983963787555694580e-01
2.792245745658874512e-01
2.630648016929626465e-01
7.280865907669067383e-01
7.036691308021545410e-01
6.615185141563415527e-01
6.215985417366027832e-01
6.002503037452697754e-01
5.404767990112304688e-01
4.700193703174591064e-01
4.260152578353881836e-01
3.870668113231658936e-01
5.283477306365966797e-01
4.410860240459442139e-01
3.899039030075073242e-01
3.487891554832458496e-01
5.370085835456848145e-01
4.597271084785461426e-01
4.120882153511047363e-01
3.730725049972534180e-01
5.625085830688476562e-01
5.121621489524841309e-01
4.793843030929565430e-01
4.494388997554779053e-01
0.000000000000000000e+00
1.000000000000000000e+00
1.000000000000000000e+00
1.000000000000000000e+00
1.000000000000000000e+00
1.000000000000000000e+00
8.371697068214416504e-01
8.004509210586547852e-01
7.814443111419677734e-01
8.070974349975585938e-01
8.309673070907592773e-01
7.563078999519348145e-01
7.322108745574951172e-01
7.200523018836975098e-01
7.102864384651184082e-01
7.881021499633789062e-01
7.819624543190002441e-01
7.807527184486389160e-01
7.806004285812377930e-01
8.192089796066284180e-01
8.286565542221069336e-01
8.387013673782348633e-01
8.489543199539184570e-01
8.488957285881042480e-01
8.371018171310424805e-01
8.281618356704711914e-01
8.237295746803283691e-01
7.575771212577819824e-01
7.405605316162109375e-01
7.007584571838378906e-01
6.666978597640991211e-01
6.370669603347778320e-01
6.036438345909118652e-01
5.384526848793029785e-01
4.954710006713867188e-01
4.577569663524627686e-01
5.825350284576416016e-01
5.008080005645751953e-01
4.474350810050964355e-01
4.027636647224426270e-01
5.892224311828613281e-01
5.247368216514587402e-01
4.733129143714904785e-01
4.261585474014282227e-01
6.137596368789672852e-01
6.115742921829223633e-01
6.454015970230102539e-01
6.738544106483459473e-01
0.000000000000000000e+00
1.000000000000000000e+00
1.000000000000000000e+00
1.000000000000000000e+00
0.000000000000000000e+00
