-1.000000000000000000e+00
3.924963474273681641e-01
4.455865919589996338e-01
4.899607598781585693e-01
5.242393016815185547e-01
5.549563169479370117e-01
4.523433446884155273e-01
4.724828898906707764e-01
4.812379777431488037e-01
4.861929416656494141e-01
4.168591797351837158e-01
4.174973964691162109e-01
4.153838157653808594e-01
4.110181629657745361e-01
3.851718604564666748e-01
3.783605992794036865e-01
3.729889094829559326e-01
3.674294650554656982e-01
3.558915257453918457e-01
3.306562304496765137e-01
3.140700459480285645e-01
3.003213703632354736e-01
7.218245267868041992e-01
7.019716501235961914e-01
6.600461602210998535e-01
6.233085393905639648e-01
6.077672839164733887e-01
5.493608713150024414e-01
4.834485054016113281e-01
4.413744211196899414e-01
4.046626687049865723e-01
5.377227663993835449e-01
4.574582576751708984e-01
4.099919795989990234e-01
3.718478679656982422e-01
5.453697443008422852e-01
4.739973843097686768e-01
4.290696382522583008e-01
3.913500905036926270e-01
5.683293938636779785e-01
5.216518044471740723e-01
4.901830554008483887e-01
4.608376622200012207e-01
0.000000000000000000e+00
1.000000000000000000e+00
1.000000000000000000e+00
1.000000000000000000e+00
1.000000000000000000e+00
1.000000000000000000e+00
8.150292038917541504e-01
7.799367308616638184e-01
7.596470713615417480e-01
7.811757922172546387e-01
8.036861419677734375e-01
7.334258556365966797e-01
7.096589207649230957e-01
6.965636014938354492e-01
6.851935982704162598e-01
7.624194622039794922e-01
7.513945102691650391e-01
7.474895715713500977e-01
7.444218993186950684e-01
7.914012074470520020e-01
7.967731952667236328e-01
8.040924668312072754e-01
8.110424876213073730e-01
8.200902342796325684e-01
8.123010993003845215e-01
8.059793710708618164e-01
8.019464015960693359e-01
7.329841256141662598e-01
7.220783233642578125e-01
6.848082542419433594e-01
6.454030275344848633e-01
6.146313548088073730e-01
5.917578935623168945e-01
5.302822589874267578e-01
4.903482198715209961e-01
4.558115601539611816e-01
5.698204040527343750e-01
4.946061968803405762e-01
4.450400769710540771e-01
4.040129482746124268e-01
5.749787688255310059e-01
5.125045776367187500e-01
4.661700129508972168e-01
4.240725040435791016e-01
5.976168513298034668e-01
5.926890373229980469e-01
6.242731213569641113e-01
6.510700583457946777e-01
0.000000000000000000e+00
1.000000000000000000e+00
1.000000000000000000e+00
1.000000000000000000e+00
0.000000000000000000e+00
