-1.000000000000000000e+00
3.601256310939788818e-01
4.234749376773834229e-01
4.748858809471130371e-01
5.147957801818847656e-01
5.536806583404541016e-01
4.329147636890411377e-01
4.593500196933746338e-01
4.727394580841064453e-01
4.810277819633483887e-01
3.920683562755584717e-01
3.944206535816192627e-01
3.941894471645355225e-01
3.917843103408813477e-01
3.541344404220581055e-01
3.489380776882171631e-01
3.449472784996032715e-01
3.413467705249786377e-01
3.195585310459136963e-01
2.938422262668609619e-01
2.766154408454895020e-01
2.631694674491882324e-01
7.042312622070312500e-01
6.840649843215942383e-01
6.398985385894775391e-01
5.986896157264709473e-01
5.783556699752807617e-01
5.062699913978576660e-01
4.305188655853271484e-01
3.799682259559631348e-01
3.358342647552490234e-01
4.900697767734527588e-01
3.956087827682495117e-01
3.365369439125061035e-01
2.878389060497283936e-01
4.978151619434356689e-01
4.103718101978302002e-01
3.552833795547485352e-01
3.074446618556976318e-01
5.249945521354675293e-01
4.652399420738220215e-01
4.261159598827362061e-01
3.870118856430053711e-01
0.000000000000000000e+00
1.000000000000000000e+00
1.000000000000000000e+00
1.000000000000000000e+00
1.000000000000000000e+00
1.000000000000000000e+00
8.555211424827575684e-01
8.140590786933898926e-01
7.968491315841674805e-01
8.326821327209472656e-01
8.645605444908142090e-01
7.804459333419799805e-01
7.580755949020385742e-01
7.447798252105712891e-01
7.324112653732299805e-01
8.194315433502197266e-01
8.137654662132263184e-01
8.137497901916503906e-01
8.136844038963317871e-01
8.560271263122558594e-01
8.690793514251708984e-01
8.799162507057189941e-01
8.895097970962524414e-01
8.883488774299621582e-01
8.748820424079895020e-01
8.606196641921997070e-01
8.514872193336486816e-01
7.175551056861877441e-01
7.013577818870544434e-01
6.681157946586608887e-01
6.415677666664123535e-01
6.162596940994262695e-01
5.575274229049682617e-01
4.828908741474151611e-01
4.359363913536071777e-01
3.923691511154174805e-01
5.346183776855468750e-01
4.413046538829803467e-01
3.782335221767425537e-01
3.251504898071289062e-01
5.453606843948364258e-01
4.732057452201843262e-01
4.086034297943115234e-01
3.512828946113586426e-01
5.761947631835937500e-01
5.732942819595336914e-01
6.108469367027282715e-01
6.445717215538024902e-01
0.000000000000000000e+00
1.000000000000000000e+00
1.000000000000000000e+00
1.000000000000000000e+00
0.000000000000000000e+00
