-1.000000000000000000e+00
3.236424624919891357e-01
3.872034847736358643e-01
4.378730058670043945e-01
4.788541197776794434e-01
5.181740522384643555e-01
3.801548480987548828e-01
3.991314172744750977e-01
4.065274894237518311e-01
4.104889929294586182e-01
3.363633155822753906e-01
3.288220167160034180e-01
3.226497471332550049e-01
3.154946565628051758e-01
2.989553809165954590e-01
2.861474156379699707e-01
2.769410014152526855e-01
2.684287726879119873e-01
2.667349278926849365e-01
2.321433126926422119e-01
2.091487795114517212e-01
1.891332268714904785e-01
7.003386020660400391e-01
6.670685410499572754e-01
6.125966310501098633e-01
5.641323924064636230e-01
5.402463674545288086e-01
4.798356294631958008e-01
3.976460695266723633e-01
3.438211381435394287e-01
2.956560552120208740e-01
4.713249206542968750e-01
3.739195764064788818e-01
3.136513829231262207e-01
2.638651132583618164e-01
4.870787560939788818e-01
3.992579877376556396e-01
3.424849510192871094e-01
2.932913601398468018e-01
5.206056833267211914e-01
4.645659029483795166e-01
4.263924956321716309e-01
3.897352218627929688e-01
0.000000000000000000e+00
1.000000000000000000e+00
1.000000000000000000e+00
1.000000000000000000e+00
1.000000000000000000e+00
1.000000000000000000e+00
7.831423282623291016e-01
7.389210462570190430e-01
7.117934226989746094e-01
7.313286066055297852e-01
7.592518925666809082e-01
6.947836875915527344e-01
6.666145324707031250e-01
6.507020592689514160e-01
6.380171179771423340e-01
7.354341745376586914e-01
7.351506948471069336e-01
7.365916371345520020e-01
7.387099862098693848e-01
7.739825248718261719e-01
7.768660783767700195e-01
7.640756368637084961e-01
7.567262053489685059e-01
8.063840866088867188e-01
8.005909919738769531e-01
7.876937985420227051e-01
7.807333469390869141e-01
6.748843193054199219e-01
6.509011983871459961e-01
5.953736305236816406e-01
5.392124056816101074e-01
5.020745992660522461e-01
4.974643290042877197e-01
4.213516116142272949e-01
3.724537193775177002e-01
3.310582637786865234e-01
4.847565889358520508e-01
3.859534263610839844e-01
3.265501260757446289e-01
2.769691348075866699e-01
5.010024905204772949e-01
4.602148532867431641e-01
5.058477520942687988e-01
5.370124578475952148e-01
5.347582101821899414e-01
5.190272927284240723e-01
5.479511618614196777e-01
5.674382448196411133e-01
0.000000000000000000e+00
1.000000000000000000e+00
1.000000000000000000e+00
0.000000000000000000e+00
0.000000000000000000e+00
