-1.000000000000000000e+00
3.387192487716674805e-01
3.976594805717468262e-01
4.468124508857727051e-01
4.865772426128387451e-01
5.224835872650146484e-01
3.941789269447326660e-01
4.125568568706512451e-01
4.202221930027008057e-01
4.245890378952026367e-01
3.541541695594787598e-01
3.480706214904785156e-01
3.433817923069000244e-01
3.379226922988891602e-01
3.192981481552124023e-01
3.089849054813385010e-01
3.025367856025695801e-01
2.968985140323638916e-01
2.883634269237518311e-01
2.620930671691894531e-01
2.444160580635070801e-01
2.292424440383911133e-01
6.766445636749267578e-01
6.454012989997863770e-01
5.952998995780944824e-01
5.521982908248901367e-01
5.297180414199829102e-01
4.728007614612579346e-01
3.964306414127349854e-01
3.470969498157501221e-01
3.027274310588836670e-01
4.642518460750579834e-01
3.759377598762512207e-01
3.211250305175781250e-01
2.756987512111663818e-01
4.769945740699768066e-01
3.972522616386413574e-01
3.458140790462493896e-01
2.997605502605438232e-01
5.061495900154113770e-01
4.535413980484008789e-01
4.184704720973968506e-01
3.836247026920318604e-01
0.000000000000000000e+00
1.000000000000000000e+00
1.000000000000000000e+00
1.000000000000000000e+00
1.000000000000000000e+00
1.000000000000000000e+00
7.635365128517150879e-01
7.251000404357910156e-01
7.010862827301025391e-01
7.135274410247802734e-01
7.353267669677734375e-01
6.823805570602416992e-01
6.559482216835021973e-01
6.410145163536071777e-01
6.294670701026916504e-01
7.189167141914367676e-01
7.163116335868835449e-01
7.179231047630310059e-01
7.208514809608459473e-01
7.543867230415344238e-01
7.547065615653991699e-01
7.439580559730529785e-01
7.383848428726196289e-01
7.842392921447753906e-01
7.762478590011596680e-01
7.662900090217590332e-01
7.618686556816101074e-01
6.584113240242004395e-01
6.351152658462524414e-01
5.835934877395629883e-01
5.304906368255615234e-01
4.935598671436309814e-01
4.930128753185272217e-01
4.217063784599304199e-01
3.782787919044494629e-01
3.414594531059265137e-01
4.835314154624938965e-01
3.905393481254577637e-01
3.377495408058166504e-01
2.938316464424133301e-01
5.001441240310668945e-01
4.610362350940704346e-01
5.052794218063354492e-01
5.334177017211914062e-01
5.311143398284912109e-01
5.134635567665100098e-01
5.390336513519287109e-01
5.553704500198364258e-01
0.000000000000000000e+00
1.000000000000000000e+00
1.000000000000000000e+00
0.000000000000000000e+00
0.000000000000000000e+00
