-1.000000000000000000e+00
3.378260731697082520e-01
3.977147936820983887e-01
4.466602802276611328e-01
4.846850037574768066e-01
5.201966762542724609e-01
3.951587378978729248e-01
4.144763350486755371e-01
4.230849146842956543e-01
4.285376667976379395e-01
3.560294210910797119e-01
3.512939214706420898e-01
3.473982810974121094e-01
3.429604172706604004e-01
3.218029439449310303e-01
3.122736811637878418e-01
3.059468865394592285e-01
3.004208803176879883e-01
2.911886572837829590e-01
2.635129988193511963e-01
2.453978061676025391e-01
2.302584797143936157e-01
6.608519554138183594e-01
6.331540942192077637e-01
5.854521393775939941e-01
5.414652824401855469e-01
5.198271274566650391e-01
4.615992307662963867e-01
3.873767256736755371e-01
3.393030762672424316e-01
2.963994145393371582e-01
4.518775045871734619e-01
3.637377619743347168e-01
3.085710704326629639e-01
2.627556324005126953e-01
4.636096656322479248e-01
3.842933773994445801e-01
3.330996036529541016e-01
2.883373200893402100e-01
4.921014010906219482e-01
4.409627914428710938e-01
4.052152335643768311e-01
3.697816729545593262e-01
0.000000000000000000e+00
1.000000000000000000e+00
1.000000000000000000e+00
1.000000000000000000e+00
1.000000000000000000e+00
1.000000000000000000e+00
7.611308097839355469e-01
7.185905575752258301e-01
6.926128864288330078e-01
7.086006402969360352e-01
7.339055538177490234e-01
6.771681904792785645e-01
6.506647467613220215e-01
6.349170804023742676e-01
6.228792667388916016e-01
7.141825556755065918e-01
7.121929526329040527e-01
7.130221724510192871e-01
7.161300182342529297e-01
7.500500082969665527e-01
7.519161105155944824e-01
7.400527000427246094e-01
7.348971962928771973e-01
7.798767089843750000e-01
7.702649831771850586e-01
7.576293349266052246e-01
7.525832653045654297e-01
6.557798385620117188e-01
6.335363388061523438e-01
5.801286101341247559e-01
5.254289507865905762e-01
4.897234737873077393e-01
4.911000132560729980e-01
4.210094213485717773e-01
3.764412403106689453e-01
3.386408984661102295e-01
4.807962477207183838e-01
3.891417980194091797e-01
3.335344791412353516e-01
2.883676886558532715e-01
4.966866374015808105e-01
4.529647827148437500e-01
4.949506223201751709e-01
5.256769061088562012e-01
5.278970599174499512e-01
5.097643733024597168e-01
5.352036952972412109e-01
5.545276403427124023e-01
0.000000000000000000e+00
1.000000000000000000e+00
1.000000000000000000e+00
0.000000000000000000e+00
0.000000000000000000e+00
