-1.000000000000000000e+00
3.185554742813110352e-01
3.779135346412658691e-01
4.278215765953063965e-01
4.689123034477233887e-01
5.046536326408386230e-01
3.779607415199279785e-01
3.977280855178833008e-01
4.063869714736938477e-01
4.115402400493621826e-01
3.355714976787567139e-01
3.329051733016967773e-01
3.309806883335113525e-01
3.271839916706085205e-01
2.988498806953430176e-01
2.804085910320281982e-01
2.674494087696075439e-01
2.567901015281677246e-01
2.667346000671386719e-01
2.313072085380554199e-01
2.065186649560928345e-01
1.858451813459396362e-01
6.694554090499877930e-01
6.395423412322998047e-01
5.932653546333312988e-01
5.505870580673217773e-01
5.286973714828491211e-01
4.658023118972778320e-01
3.871168494224548340e-01
3.365511894226074219e-01
2.921036481857299805e-01
4.547482132911682129e-01
3.625543117523193359e-01
3.052381277084350586e-01
2.583779096603393555e-01
4.677097201347351074e-01
3.887794911861419678e-01
3.361631929874420166e-01
2.907406687736511230e-01
4.988155663013458252e-01
4.507986903190612793e-01
4.180631935596466064e-01
3.857203722000122070e-01
0.000000000000000000e+00
1.000000000000000000e+00
1.000000000000000000e+00
1.000000000000000000e+00
1.000000000000000000e+00
1.000000000000000000e+00
7.523584365844726562e-01
7.103664278984069824e-01
6.825941205024719238e-01
6.977452039718627930e-01
7.222272157669067383e-01
6.652970314025878906e-01
6.357378363609313965e-01
6.182693243026733398e-01
6.046904921531677246e-01
7.029692530632019043e-01
6.985082626342773438e-01
6.972215175628662109e-01
6.980165839195251465e-01
7.396595478057861328e-01
7.405259013175964355e-01
7.292395830154418945e-01
7.241254448890686035e-01
7.706461548805236816e-01
7.596972584724426270e-01
7.481276392936706543e-01
7.440964579582214355e-01
6.551596522331237793e-01
6.375511884689331055e-01
5.861763954162597656e-01
5.314952731132507324e-01
4.951126575469970703e-01
4.934498667716979980e-01
4.257302880287170410e-01
3.821052312850952148e-01
3.457192480564117432e-01
4.814918041229248047e-01
3.899466395378112793e-01
3.357043266296386719e-01
2.907727360725402832e-01
4.963377416133880615e-01
4.556758701801300049e-01
5.005125403404235840e-01
5.297622084617614746e-01
5.269795656204223633e-01
5.154179334640502930e-01
5.472002625465393066e-01
5.672848224639892578e-01
0.000000000000000000e+00
1.000000000000000000e+00
1.000000000000000000e+00
0.000000000000000000e+00
0.000000000000000000e+00
