-1.000000000000000000e+00
3.114083111286163330e-01
3.710561692714691162e-01
4.216490685939788818e-01
4.652351737022399902e-01
5.019879341125488281e-01
3.687482178211212158e-01
3.887460231781005859e-01
3.983267247676849365e-01
4.042509794235229492e-01
3.259896039962768555e-01
3.227173089981079102e-01
3.205274939537048340e-01
3.163172900676727295e-01
2.891450524330139160e-01
2.657988071441650391e-01
2.499915063381195068e-01
2.373364865779876709e-01
2.568913698196411133e-01
2.169629037380218506e-01
1.889381110668182373e-01
1.655391305685043335e-01
6.725257635116577148e-01
6.393505334854125977e-01
5.926966667175292969e-01
5.523338913917541504e-01
5.312824845314025879e-01
4.642027020454406738e-01
3.844101428985595703e-01
3.339865803718566895e-01
2.891499400138854980e-01
4.535947442054748535e-01
3.584025204181671143e-01
3.004662990570068359e-01
2.524654269218444824e-01
4.690181016921997070e-01
3.895617723464965820e-01
3.366124629974365234e-01
2.904518842697143555e-01
5.038820505142211914e-01
4.569675624370574951e-01
4.258979260921478271e-01
3.946893513202667236e-01
0.000000000000000000e+00
1.000000000000000000e+00
1.000000000000000000e+00
1.000000000000000000e+00
1.000000000000000000e+00
1.000000000000000000e+00
7.518264651298522949e-01
7.106188535690307617e-01
6.819813251495361328e-01
6.962326169013977051e-01
7.216434478759765625e-01
6.626470088958740234e-01
6.315148472785949707e-01
6.131701469421386719e-01
5.988051295280456543e-01
7.001147270202636719e-01
6.950393319129943848e-01
6.938805580139160156e-01
6.943507194519042969e-01
7.371042966842651367e-01
7.374901175498962402e-01
7.269067168235778809e-01
7.221356630325317383e-01
7.686652541160583496e-01
7.576808333396911621e-01
7.465795278549194336e-01
7.429530024528503418e-01
6.555757522583007812e-01
6.384841203689575195e-01
5.885389447212219238e-01
5.328589677810668945e-01
4.953308701515197754e-01
4.959388971328735352e-01
4.283839166164398193e-01
3.852294087409973145e-01
3.486369848251342773e-01
4.825883805751800537e-01
3.895720243453979492e-01
3.350486755371093750e-01
2.888457179069519043e-01
4.961872100830078125e-01
4.552068412303924561e-01
5.012320876121520996e-01
5.303611159324645996e-01
5.259693264961242676e-01
5.139639973640441895e-01
5.468462705612182617e-01
5.670893788337707520e-01
0.000000000000000000e+00
1.000000000000000000e+00
1.000000000000000000e+00
0.000000000000000000e+00
0.000000000000000000e+00
