-1.000000000000000000e+00
3.088417351245880127e-01
3.694210350513458252e-01
4.201076328754425049e-01
4.628491401672363281e-01
4.997918903827667236e-01
3.661967813968658447e-01
3.864582777023315430e-01
3.957391381263732910e-01
4.012653529644012451e-01
3.229790925979614258e-01
3.199504315853118896e-01
3.179013133049011230e-01
3.134357631206512451e-01
2.853420972824096680e-01
2.621204853057861328e-01
2.464103102684020996e-01
2.333643883466720581e-01
2.526346743106842041e-01
2.131983041763305664e-01
1.849472969770431519e-01
1.609695255756378174e-01
6.739877462387084961e-01
6.409709453582763672e-01
5.928567647933959961e-01
5.514997243881225586e-01
5.310918688774108887e-01
4.634388089179992676e-01
3.822436928749084473e-01
3.320723772048950195e-01
2.870661616325378418e-01
4.522947669029235840e-01
3.567188382148742676e-01
2.983860373497009277e-01
2.508367002010345459e-01
4.672622978687286377e-01
3.871516287326812744e-01
3.340991437435150146e-01
2.884348630905151367e-01
5.019575953483581543e-01
4.556262791156768799e-01
4.254102706909179688e-01
3.953047096729278564e-01
0.000000000000000000e+00
1.000000000000000000e+00
1.000000000000000000e+00
1.000000000000000000e+00
1.000000000000000000e+00
1.000000000000000000e+00
7.518137693405151367e-01
7.109454274177551270e-01
6.818689703941345215e-01
6.956475377082824707e-01
7.215656042098999023e-01
6.616439223289489746e-01
6.298230290412902832e-01
6.111333370208740234e-01
5.968942642211914062e-01
6.992938518524169922e-01
6.940677762031555176e-01
6.926746964454650879e-01
6.932280063629150391e-01
7.364721298217773438e-01
7.372118234634399414e-01
7.255808711051940918e-01
7.199324965476989746e-01
7.683007121086120605e-01
7.578246593475341797e-01
7.462689280509948730e-01
7.421858310699462891e-01
6.563061475753784180e-01
6.397801637649536133e-01
5.898691415786743164e-01
5.342979431152343750e-01
4.971548914909362793e-01
4.967198669910430908e-01
4.289632439613342285e-01
3.858571052551269531e-01
3.493766486644744873e-01
4.835180938243865967e-01
3.901338577270507812e-01
3.342519402503967285e-01
2.872713208198547363e-01
4.968457520008087158e-01
4.548062384128570557e-01
5.004325509071350098e-01
5.305557250976562500e-01
5.261318683624267578e-01
5.134432315826416016e-01
5.457311868667602539e-01
5.665695667266845703e-01
0.000000000000000000e+00
1.000000000000000000e+00
1.000000000000000000e+00
0.000000000000000000e+00
0.000000000000000000e+00
