-1.000000000000000000e+00
2.982221245765686035e-01
3.597896695137023926e-01
4.135926663875579834e-01
4.606782793998718262e-01
5.012085437774658203e-01
3.614151775836944580e-01
3.834166228771209717e-01
3.939426839351654053e-01
4.000518023967742920e-01
3.163222372531890869e-01
3.136531710624694824e-01
3.109916448593139648e-01
3.055023252964019775e-01
2.767468690872192383e-01
2.554689645767211914e-01
2.396196424961090088e-01
2.257947623729705811e-01
2.418267577886581421e-01
2.031522095203399658e-01
1.743980497121810913e-01
1.494823545217514038e-01
6.650165915489196777e-01
6.335058212280273438e-01
5.851260423660278320e-01
5.452532768249511719e-01
5.275651216506958008e-01
4.482317268848419189e-01
3.642192482948303223e-01
3.119724988937377930e-01
2.652882337570190430e-01
4.367779493331909180e-01
3.365899920463562012e-01
2.751557826995849609e-01
2.242526412010192871e-01
4.520158171653747559e-01
3.680086433887481689e-01
3.113858699798583984e-01
2.619892358779907227e-01
4.870783388614654541e-01
4.350324869155883789e-01
4.030385911464691162e-01
3.711537718772888184e-01
0.000000000000000000e+00
1.000000000000000000e+00
1.000000000000000000e+00
1.000000000000000000e+00
1.000000000000000000e+00
1.000000000000000000e+00
7.584376931190490723e-01
7.155479788780212402e-01
6.923506855964660645e-01
7.138525247573852539e-01
7.364377975463867188e-01
6.628042459487915039e-01
6.266237497329711914e-01
6.049996614456176758e-01
5.878726840019226074e-01
6.992822289466857910e-01
6.905089616775512695e-01
6.868449449539184570e-01
6.845511198043823242e-01
7.352231144905090332e-01
7.413436174392700195e-01
7.336180806159973145e-01
7.280041575431823730e-01
7.668467164039611816e-01
7.644370794296264648e-01
7.552447319030761719e-01
7.486268281936645508e-01
6.334670186042785645e-01
6.174458265304565430e-01
5.703784823417663574e-01
5.145007371902465820e-01
4.702333211898803711e-01
4.801166951656341553e-01
4.167373776435852051e-01
3.749848306179046631e-01
3.382893204689025879e-01
4.591102004051208496e-01
3.683127164840698242e-01
3.137315213680267334e-01
2.673780322074890137e-01
4.682468175888061523e-01
4.286514520645141602e-01
4.761022627353668213e-01
5.085816383361816406e-01
4.952166974544525146e-01
4.835111796855926514e-01
5.150637626647949219e-01
5.373250246047973633e-01
0.000000000000000000e+00
1.000000000000000000e+00
1.000000000000000000e+00
0.000000000000000000e+00
0.000000000000000000e+00
