-1.000000000000000000e+00
3.497850000858306885e-01
4.707148075103759766e-01
5.581713318824768066e-01
6.233331561088562012e-01
6.933146715164184570e-01
4.967678785324096680e-01
5.440284013748168945e-01
5.695195794105529785e-01
5.846797823905944824e-01
4.244429171085357666e-01
4.346392452716827393e-01
4.375681281089782715e-01
4.354601204395294189e-01
3.546083569526672363e-01
3.543410301208496094e-01
3.566866815090179443e-01
3.570008873939514160e-01
2.881727218627929688e-01
2.449612319469451904e-01
2.153853774070739746e-01
1.957839131355285645e-01
9.415071010589599609e-01
9.120531082153320312e-01
8.233423829078674316e-01
7.449613809585571289e-01
6.943796277046203613e-01
5.985393524169921875e-01
4.583771228790283203e-01
3.639650940895080566e-01
2.794115841388702393e-01
5.712162256240844727e-01
4.019363224506378174e-01
2.878500521183013916e-01
1.937853097915649414e-01
5.842947363853454590e-01
4.264706075191497803e-01
3.238539397716522217e-01
2.339822947978973389e-01
6.270283460617065430e-01
5.107554793357849121e-01
4.322888851165771484e-01
3.526964187622070312e-01
0.000000000000000000e+00
1.000000000000000000e+00
1.000000000000000000e+00
1.000000000000000000e+00
1.000000000000000000e+00
0.000000000000000000e+00
0.000000000000000000e+00
0.000000000000000000e+00
0.000000000000000000e+00
0.000000000000000000e+00
0.000000000000000000e+00
0.000000000000000000e+00
0.000000000000000000e+00
0.000000000000000000e+00
0.000000000000000000e+00
0.000000000000000000e+00
0.000000000000000000e+00
0.000000000000000000e+00
0.000000000000000000e+00
0.000000000000000000e+00
0.000000000000000000e+00
0.000000000000000000e+00
0.000000000000000000e+00
0.000000000000000000e+00
0.000000000000000000e+00
0.000000000000000000e+00
0.000000000000000000e+00
0.000000000000000000e+00
0.000000000000000000e+00
0.000000000000000000e+00
0.000000000000000000e+00
0.000000000000000000e+00
0.000000000000000000e+00
0.000000000000000000e+00
0.000000000000000000e+00
0.000000000000000000e+00
0.000000000000000000e+00
0.000000000000000000e+00
0.000000000000000000e+00
0.000000000000000000e+00
0.000000000000000000e+00
0.000000000000000000e+00
0.000000000000000000e+00
0.000000000000000000e+00
0.000000000000000000e+00
0.000000000000000000e+00
0.000000000000000000e+00
0.000000000000000000e+00
0.000000000000000000e+00
0.000000000000000000e+00
0.000000000000000000e+00
0.000000000000000000e+00
0.000000000000000000e+00
