-1.000000000000000000e+00
3.498013615608215332e-01
4.719601869583129883e-01
5.663826465606689453e-01
6.327078342437744141e-01
7.000427246093750000e-01
5.040164589881896973e-01
5.537544488906860352e-01
5.824005603790283203e-01
6.002342104911804199e-01
4.347314238548278809e-01
4.466924071311950684e-01
4.511409103870391846e-01
4.506093859672546387e-01
3.676033318042755127e-01
3.703033924102783203e-01
3.753288984298706055e-01
3.780640363693237305e-01
3.005183935165405273e-01
2.594601511955261230e-01
2.319915443658828735e-01
2.124974578619003296e-01
9.363929033279418945e-01
9.059342741966247559e-01
8.149575591087341309e-01
7.331383228302001953e-01
6.867053508758544922e-01
5.908375978469848633e-01
4.574876129627227783e-01
3.595099747180938721e-01
2.746970951557159424e-01
5.610952973365783691e-01
3.903254270553588867e-01
2.776309251785278320e-01
1.825050413608551025e-01
5.710749030113220215e-01
4.193744957447052002e-01
3.118715286254882812e-01
2.188289761543273926e-01
6.064796447753906250e-01
4.929438829421997070e-01
4.130561947822570801e-01
3.337528109550476074e-01
0.000000000000000000e+00
1.000000000000000000e+00
1.000000000000000000e+00
1.000000000000000000e+00
1.000000000000000000e+00
0.000000000000000000e+00
0.000000000000000000e+00
0.000000000000000000e+00
0.000000000000000000e+00
0.000000000000000000e+00
0.000000000000000000e+00
0.000000000000000000e+00
0.000000000000000000e+00
0.000000000000000000e+00
0.000000000000000000e+00
0.000000000000000000e+00
0.000000000000000000e+00
0.000000000000000000e+00
0.000000000000000000e+00
0.000000000000000000e+00
0.000000000000000000e+00
0.000000000000000000e+00
0.000000000000000000e+00
0.000000000000000000e+00
0.000000000000000000e+00
0.000000000000000000e+00
0.000000000000000000e+00
0.000000000000000000e+00
0.000000000000000000e+00
0.000000000000000000e+00
0.000000000000000000e+00
0.000000000000000000e+00
0.000000000000000000e+00
0.000000000000000000e+00
0.000000000000000000e+00
0.000000000000000000e+00
0.000000000000000000e+00
0.000000000000000000e+00
0.000000000000000000e+00
0.000000000000000000e+00
0.000000000000000000e+00
0.000000000000000000e+00
0.000000000000000000e+00
0.000000000000000000e+00
0.000000000000000000e+00
0.000000000000000000e+00
0.000000000000000000e+00
0.000000000000000000e+00
0.000000000000000000e+00
0.000000000000000000e+00
0.000000000000000000e+00
0.000000000000000000e+00
0.000000000000000000e+00
