-1.000000000000000000e+00
4.329826533794403076e-01
5.174275040626525879e-01
5.647863149642944336e-01
5.863977074623107910e-01
5.772355794906616211e-01
5.094078779220581055e-01
5.250809192657470703e-01
5.364946126937866211e-01
5.471528768539428711e-01
4.762093126773834229e-01
4.739781618118286133e-01
4.799234569072723389e-01
4.822236597537994385e-01
4.460991621017456055e-01
4.353237152099609375e-01
4.353025853633880615e-01
4.343937635421752930e-01
4.196328818798065186e-01
3.934953510761260986e-01
3.852814137935638428e-01
3.774756193161010742e-01
8.951237797737121582e-01
8.259387612342834473e-01
7.053284645080566406e-01
6.192973852157592773e-01
6.040298342704772949e-01
5.603467822074890137e-01
4.397695660591125488e-01
3.689108490943908691e-01
3.061360120773315430e-01
5.568268299102783203e-01
4.127251207828521729e-01
3.167613744735717773e-01
2.344462573528289795e-01
5.827710628509521484e-01
4.430217146873474121e-01
3.524768054485321045e-01
2.720977962017059326e-01
6.316631436347961426e-01
5.332841873168945312e-01
4.635124802589416504e-01
3.989954590797424316e-01
1.000000000000000000e+00
1.000000000000000000e+00
1.000000000000000000e+00
1.000000000000000000e+00
1.000000000000000000e+00
0.000000000000000000e+00
0.000000000000000000e+00
0.000000000000000000e+00
0.000000000000000000e+00
0.000000000000000000e+00
0.000000000000000000e+00
0.000000000000000000e+00
0.000000000000000000e+00
0.000000000000000000e+00
0.000000000000000000e+00
0.000000000000000000e+00
0.000000000000000000e+00
0.000000000000000000e+00
0.000000000000000000e+00
0.000000000000000000e+00
0.000000000000000000e+00
0.000000000000000000e+00
0.000000000000000000e+00
0.000000000000000000e+00
0.000000000000000000e+00
0.000000000000000000e+00
0.000000000000000000e+00
0.000000000000000000e+00
0.000000000000000000e+00
0.000000000000000000e+00
0.000000000000000000e+00
0.000000000000000000e+00
0.000000000000000000e+00
0.000000000000000000e+00
0.000000000000000000e+00
0.000000000000000000e+00
0.000000000000000000e+00
0.000000000000000000e+00
0.000000000000000000e+00
0.000000000000000000e+00
0.000000000000000000e+00
0.000000000000000000e+00
0.000000000000000000e+00
0.000000000000000000e+00
0.000000000000000000e+00
0.000000000000000000e+00
0.000000000000000000e+00
0.000000000000000000e+00
0.000000000000000000e+00
0.000000000000000000e+00
0.000000000000000000e+00
0.000000000000000000e+00
0.000000000000000000e+00
