1.000000000000000000e+00
4.021643102169036865e-01
3.436897397041320801e-01
3.054186701774597168e-01
2.742398381233215332e-01
2.421209216117858887e-01
3.593610525131225586e-01
3.472059071063995361e-01
3.467814922332763672e-01
3.504350781440734863e-01
4.073390364646911621e-01
4.248761236667633057e-01
4.353010952472686768e-01
4.425303936004638672e-01
4.554955959320068359e-01
4.969812631607055664e-01
5.227025747299194336e-01
5.403609275817871094e-01
4.989855587482452393e-01
5.610543489456176758e-01
5.971902608871459961e-01
6.259943246841430664e-01
8.600572943687438965e-01
7.889598011970520020e-01
7.008923888206481934e-01
6.318736672401428223e-01
5.893445014953613281e-01
5.947381258010864258e-01
4.600050151348114014e-01
3.808870315551757812e-01
3.208476305007934570e-01
5.915316343307495117e-01
4.429350793361663818e-01
3.519525825977325439e-01
2.867044508457183838e-01
6.148464679718017578e-01
4.896231293678283691e-01
4.067773818969726562e-01
3.460310101509094238e-01
6.585214734077453613e-01
5.881432890892028809e-01
5.388090610504150391e-01
4.956022202968597412e-01
1.000000000000000000e+00
1.000000000000000000e+00
1.000000000000000000e+00
1.000000000000000000e+00
1.000000000000000000e+00
0.000000000000000000e+00
0.000000000000000000e+00
0.000000000000000000e+00
0.000000000000000000e+00
0.000000000000000000e+00
0.000000000000000000e+00
0.000000000000000000e+00
0.000000000000000000e+00
0.000000000000000000e+00
0.000000000000000000e+00
0.000000000000000000e+00
0.000000000000000000e+00
0.000000000000000000e+00
0.000000000000000000e+00
0.000000000000000000e+00
0.000000000000000000e+00
0.000000000000000000e+00
0.000000000000000000e+00
0.000000000000000000e+00
0.000000000000000000e+00
0.000000000000000000e+00
0.000000000000000000e+00
0.000000000000000000e+00
0.000000000000000000e+00
0.000000000000000000e+00
0.000000000000000000e+00
0.000000000000000000e+00
0.000000000000000000e+00
0.000000000000000000e+00
0.000000000000000000e+00
0.000000000000000000e+00
0.000000000000000000e+00
0.000000000000000000e+00
0.000000000000000000e+00
0.000000000000000000e+00
0.000000000000000000e+00
0.000000000000000000e+00
0.000000000000000000e+00
0.000000000000000000e+00
0.000000000000000000e+00
0.000000000000000000e+00
0.000000000000000000e+00
0.000000000000000000e+00
0.000000000000000000e+00
0.000000000000000000e+00
0.000000000000000000e+00
0.000000000000000000e+00
0.000000000000000000e+00
