1.000000000000000000e+00
4.325339794158935547e-01
3.565210700035095215e-01
2.997948527336120605e-01
2.510256171226501465e-01
2.120066434144973755e-01
3.724906146526336670e-01
3.514851033687591553e-01
3.446937799453735352e-01
3.443461656570434570e-01
4.255973994731903076e-01
4.347117841243743896e-01
4.406863749027252197e-01
4.478459358215332031e-01
4.734205603599548340e-01
5.047385096549987793e-01
5.263878107070922852e-01
5.435755848884582520e-01
5.126277804374694824e-01
5.596968531608581543e-01
5.881069302558898926e-01
6.122899055480957031e-01
8.773158788681030273e-01
8.144160509109497070e-01
7.409743666648864746e-01
6.798883080482482910e-01
6.385629177093505859e-01
6.094959974288940430e-01
4.775300323963165283e-01
4.037901163101196289e-01
3.457942306995391846e-01
6.073313355445861816e-01
4.608482122421264648e-01
3.731673955917358398e-01
3.094906210899353027e-01
6.305390000343322754e-01
5.086095333099365234e-01
4.328285157680511475e-01
3.748859763145446777e-01
6.706965565681457520e-01
5.998475551605224609e-01
5.528652667999267578e-01
5.090184807777404785e-01
1.000000000000000000e+00
1.000000000000000000e+00
1.000000000000000000e+00
1.000000000000000000e+00
1.000000000000000000e+00
0.000000000000000000e+00
0.000000000000000000e+00
0.000000000000000000e+00
0.000000000000000000e+00
0.000000000000000000e+00
0.000000000000000000e+00
0.000000000000000000e+00
0.000000000000000000e+00
0.000000000000000000e+00
0.000000000000000000e+00
0.000000000000000000e+00
0.000000000000000000e+00
0.000000000000000000e+00
0.000000000000000000e+00
0.000000000000000000e+00
0.000000000000000000e+00
0.000000000000000000e+00
0.000000000000000000e+00
0.000000000000000000e+00
0.000000000000000000e+00
0.000000000000000000e+00
0.000000000000000000e+00
0.000000000000000000e+00
0.000000000000000000e+00
0.000000000000000000e+00
0.000000000000000000e+00
0.000000000000000000e+00
0.000000000000000000e+00
0.000000000000000000e+00
0.000000000000000000e+00
0.000000000000000000e+00
0.000000000000000000e+00
0.000000000000000000e+00
0.000000000000000000e+00
0.000000000000000000e+00
0.000000000000000000e+00
0.000000000000000000e+00
0.000000000000000000e+00
0.000000000000000000e+00
0.000000000000000000e+00
0.000000000000000000e+00
0.000000000000000000e+00
0.000000000000000000e+00
0.000000000000000000e+00
0.000000000000000000e+00
0.000000000000000000e+00
0.000000000000000000e+00
0.000000000000000000e+00
