-1.000000000000000000e+00
4.526953995227813721e-01
5.063148736953735352e-01
5.160347223281860352e-01
5.180538296699523926e-01
5.247539281845092773e-01
4.780417084693908691e-01
4.783594906330108643e-01
4.811877310276031494e-01
4.827569425106048584e-01
4.610896110534667969e-01
4.521048069000244141e-01
4.484201371669769287e-01
4.441480636596679688e-01
4.460071921348571777e-01
4.329174757003784180e-01
4.260463118553161621e-01
4.193444252014160156e-01
4.338828325271606445e-01
4.157184958457946777e-01
4.055280983448028564e-01
3.960565030574798584e-01
8.139683008193969727e-01
7.553129196166992188e-01
6.682462692260742188e-01
6.124978065490722656e-01
5.885688662528991699e-01
5.452163219451904297e-01
4.446290135383605957e-01
3.832725286483764648e-01
3.310841023921966553e-01
5.435580611228942871e-01
4.243629276752471924e-01
3.448406457901000977e-01
2.806868255138397217e-01
5.636197328567504883e-01
4.490702152252197266e-01
3.774437904357910156e-01
3.176164627075195312e-01
6.043031215667724609e-01
5.286213159561157227e-01
4.730629622936248779e-01
4.231868088245391846e-01
0.000000000000000000e+00
1.000000000000000000e+00
1.000000000000000000e+00
1.000000000000000000e+00
1.000000000000000000e+00
0.000000000000000000e+00
0.000000000000000000e+00
0.000000000000000000e+00
0.000000000000000000e+00
0.000000000000000000e+00
0.000000000000000000e+00
0.000000000000000000e+00
0.000000000000000000e+00
0.000000000000000000e+00
0.000000000000000000e+00
0.000000000000000000e+00
0.000000000000000000e+00
0.000000000000000000e+00
0.000000000000000000e+00
0.000000000000000000e+00
0.000000000000000000e+00
0.000000000000000000e+00
0.000000000000000000e+00
0.000000000000000000e+00
0.000000000000000000e+00
0.000000000000000000e+00
0.000000000000000000e+00
0.000000000000000000e+00
0.000000000000000000e+00
0.000000000000000000e+00
0.000000000000000000e+00
0.000000000000000000e+00
0.000000000000000000e+00
0.000000000000000000e+00
0.000000000000000000e+00
0.000000000000000000e+00
0.000000000000000000e+00
0.000000000000000000e+00
0.000000000000000000e+00
0.000000000000000000e+00
0.000000000000000000e+00
0.000000000000000000e+00
0.000000000000000000e+00
0.000000000000000000e+00
0.000000000000000000e+00
0.000000000000000000e+00
0.000000000000000000e+00
0.000000000000000000e+00
0.000000000000000000e+00
0.000000000000000000e+00
0.000000000000000000e+00
0.000000000000000000e+00
0.000000000000000000e+00
