-1.000000000000000000e+00
3.943141996860504150e-01
4.949681758880615234e-01
5.817583799362182617e-01
6.420436501502990723e-01
6.977447271347045898e-01
5.342766046524047852e-01
5.826236009597778320e-01
6.096147894859313965e-01
6.288977861404418945e-01
4.770635664463043213e-01
4.990912079811096191e-01
5.072392225265502930e-01
5.107653141021728516e-01
4.199570119380950928e-01
4.232489764690399170e-01
4.236724674701690674e-01
4.240190982818603516e-01
3.623103499412536621e-01
3.277732729911804199e-01
3.059622645378112793e-01
2.901147305965423584e-01
8.556239604949951172e-01
8.363757729530334473e-01
7.791959047317504883e-01
7.269495725631713867e-01
7.059304714202880859e-01
5.679043531417846680e-01
4.630107879638671875e-01
3.927112519741058350e-01
3.287605643272399902e-01
5.329592823982238770e-01
4.002775549888610840e-01
3.132516443729400635e-01
2.377502620220184326e-01
5.332968831062316895e-01
4.086365401744842529e-01
3.262560665607452393e-01
2.541125416755676270e-01
5.632978081703186035e-01
4.706143736839294434e-01
4.081705808639526367e-01
3.469076752662658691e-01
0.000000000000000000e+00
1.000000000000000000e+00
1.000000000000000000e+00
1.000000000000000000e+00
1.000000000000000000e+00
0.000000000000000000e+00
0.000000000000000000e+00
0.000000000000000000e+00
0.000000000000000000e+00
0.000000000000000000e+00
0.000000000000000000e+00
0.000000000000000000e+00
0.000000000000000000e+00
0.000000000000000000e+00
0.000000000000000000e+00
0.000000000000000000e+00
0.000000000000000000e+00
0.000000000000000000e+00
0.000000000000000000e+00
0.000000000000000000e+00
0.000000000000000000e+00
0.000000000000000000e+00
0.000000000000000000e+00
0.000000000000000000e+00
0.000000000000000000e+00
0.000000000000000000e+00
0.000000000000000000e+00
0.000000000000000000e+00
0.000000000000000000e+00
0.000000000000000000e+00
0.000000000000000000e+00
0.000000000000000000e+00
0.000000000000000000e+00
0.000000000000000000e+00
0.000000000000000000e+00
0.000000000000000000e+00
0.000000000000000000e+00
0.000000000000000000e+00
0.000000000000000000e+00
0.000000000000000000e+00
0.000000000000000000e+00
0.000000000000000000e+00
0.000000000000000000e+00
0.000000000000000000e+00
0.000000000000000000e+00
0.000000000000000000e+00
0.000000000000000000e+00
0.000000000000000000e+00
0.000000000000000000e+00
0.000000000000000000e+00
0.000000000000000000e+00
0.000000000000000000e+00
0.000000000000000000e+00
