-1.000000000000000000e+00
3.886071443557739258e-01
4.932233095169067383e-01
5.841144323348999023e-01
6.480960249900817871e-01
7.062571048736572266e-01
5.318577289581298828e-01
5.804970860481262207e-01
6.077921390533447266e-01
6.276820898056030273e-01
4.725970029830932617e-01
4.986386299133300781e-01
5.092695355415344238e-01
5.124726295471191406e-01
4.134164452552795410e-01
4.114934802055358887e-01
4.065633714199066162e-01
4.006842672824859619e-01
3.526934981346130371e-01
3.133800625801086426e-01
2.886491417884826660e-01
2.710852026939392090e-01
8.729640245437622070e-01
8.501801490783691406e-01
7.857249975204467773e-01
7.258366346359252930e-01
7.041105031967163086e-01
5.709335803985595703e-01
4.556238949298858643e-01
3.801050186157226562e-01
3.085501790046691895e-01
5.355765819549560547e-01
3.959044814109802246e-01
3.007149696350097656e-01
2.177310883998870850e-01
5.381136536598205566e-01
4.063539505004882812e-01
3.152954876422882080e-01
2.347759604454040527e-01
5.703569054603576660e-01
4.729210138320922852e-01
4.051121473312377930e-01
3.380398452281951904e-01
0.000000000000000000e+00
1.000000000000000000e+00
1.000000000000000000e+00
1.000000000000000000e+00
1.000000000000000000e+00
0.000000000000000000e+00
0.000000000000000000e+00
0.000000000000000000e+00
0.000000000000000000e+00
0.000000000000000000e+00
0.000000000000000000e+00
0.000000000000000000e+00
0.000000000000000000e+00
0.000000000000000000e+00
0.000000000000000000e+00
0.000000000000000000e+00
0.000000000000000000e+00
0.000000000000000000e+00
0.000000000000000000e+00
0.000000000000000000e+00
0.000000000000000000e+00
0.000000000000000000e+00
0.000000000000000000e+00
0.000000000000000000e+00
0.000000000000000000e+00
0.000000000000000000e+00
0.000000000000000000e+00
0.000000000000000000e+00
0.000000000000000000e+00
0.000000000000000000e+00
0.000000000000000000e+00
0.000000000000000000e+00
0.000000000000000000e+00
0.000000000000000000e+00
0.000000000000000000e+00
0.000000000000000000e+00
0.000000000000000000e+00
0.000000000000000000e+00
0.000000000000000000e+00
0.000000000000000000e+00
0.000000000000000000e+00
0.000000000000000000e+00
0.000000000000000000e+00
0.000000000000000000e+00
0.000000000000000000e+00
0.000000000000000000e+00
0.000000000000000000e+00
0.000000000000000000e+00
0.000000000000000000e+00
0.000000000000000000e+00
0.000000000000000000e+00
0.000000000000000000e+00
0.000000000000000000e+00
