-1.000000000000000000e+00
4.284505844116210938e-01
5.171078443527221680e-01
5.948954224586486816e-01
6.510094404220581055e-01
7.000815272331237793e-01
5.557194948196411133e-01
5.983442068099975586e-01
6.197528243064880371e-01
6.353895664215087891e-01
5.084255933761596680e-01
5.302659273147583008e-01
5.383102893829345703e-01
5.405560135841369629e-01
4.602085351943969727e-01
4.619453847408294678e-01
4.598040580749511719e-01
4.574876725673675537e-01
4.093742668628692627e-01
3.792215585708618164e-01
3.590660095214843750e-01
3.436253070831298828e-01
8.380725383758544922e-01
8.205550312995910645e-01
7.720185518264770508e-01
7.271378636360168457e-01
7.181462645530700684e-01
5.899022221565246582e-01
4.963683187961578369e-01
4.370640516281127930e-01
3.816159367561340332e-01
5.600449442863464355e-01
4.434393942356109619e-01
3.705672621726989746e-01
3.093995153903961182e-01
5.597916841506958008e-01
4.515932202339172363e-01
3.811823427677154541e-01
3.203271031379699707e-01
5.830546617507934570e-01
5.026680827140808105e-01
4.465349614620208740e-01
3.936507999897003174e-01
0.000000000000000000e+00
1.000000000000000000e+00
1.000000000000000000e+00
1.000000000000000000e+00
1.000000000000000000e+00
0.000000000000000000e+00
0.000000000000000000e+00
0.000000000000000000e+00
0.000000000000000000e+00
0.000000000000000000e+00
0.000000000000000000e+00
0.000000000000000000e+00
0.000000000000000000e+00
0.000000000000000000e+00
0.000000000000000000e+00
0.000000000000000000e+00
0.000000000000000000e+00
0.000000000000000000e+00
0.000000000000000000e+00
0.000000000000000000e+00
0.000000000000000000e+00
0.000000000000000000e+00
0.000000000000000000e+00
0.000000000000000000e+00
0.000000000000000000e+00
0.000000000000000000e+00
0.000000000000000000e+00
0.000000000000000000e+00
0.000000000000000000e+00
0.000000000000000000e+00
0.000000000000000000e+00
0.000000000000000000e+00
0.000000000000000000e+00
0.000000000000000000e+00
0.000000000000000000e+00
0.000000000000000000e+00
0.000000000000000000e+00
0.000000000000000000e+00
0.000000000000000000e+00
0.000000000000000000e+00
0.000000000000000000e+00
0.000000000000000000e+00
0.000000000000000000e+00
0.000000000000000000e+00
0.000000000000000000e+00
0.000000000000000000e+00
0.000000000000000000e+00
0.000000000000000000e+00
0.000000000000000000e+00
0.000000000000000000e+00
0.000000000000000000e+00
0.000000000000000000e+00
0.000000000000000000e+00
