1.000000000000000000e+00
4.478862285614013672e-01
4.838402271270751953e-01
4.836048781871795654e-01
4.815953075885772705e-01
4.848288297653198242e-01
4.448641836643218994e-01
4.606966674327850342e-01
4.718077480792999268e-01
4.786871075630187988e-01
4.411213696002960205e-01
4.592867791652679443e-01
4.713444113731384277e-01
4.795969128608703613e-01
4.462030827999114990e-01
4.642331898212432861e-01
4.759109914302825928e-01
4.827473461627960205e-01
4.610221087932586670e-01
4.727567136287689209e-01
4.789019525051116943e-01
4.835628271102905273e-01
7.899140119552612305e-01
7.061330080032348633e-01
6.231411099433898926e-01
5.652629733085632324e-01
5.169861316680908203e-01
5.773340463638305664e-01
4.961601197719573975e-01
4.351440370082855225e-01
3.838713467121124268e-01
5.799252986907958984e-01
4.888064563274383545e-01
4.243319630622863770e-01
3.674837946891784668e-01
5.909587740898132324e-01
5.006731152534484863e-01
4.408546090126037598e-01
3.902747035026550293e-01
6.067818403244018555e-01
5.437666773796081543e-01
4.995765686035156250e-01
4.621570408344268799e-01
0.000000000000000000e+00
1.000000000000000000e+00
1.000000000000000000e+00
1.000000000000000000e+00
1.000000000000000000e+00
0.000000000000000000e+00
0.000000000000000000e+00
0.000000000000000000e+00
0.000000000000000000e+00
0.000000000000000000e+00
0.000000000000000000e+00
0.000000000000000000e+00
0.000000000000000000e+00
0.000000000000000000e+00
0.000000000000000000e+00
0.000000000000000000e+00
0.000000000000000000e+00
0.000000000000000000e+00
0.000000000000000000e+00
0.000000000000000000e+00
0.000000000000000000e+00
0.000000000000000000e+00
0.000000000000000000e+00
0.000000000000000000e+00
0.000000000000000000e+00
0.000000000000000000e+00
0.000000000000000000e+00
0.000000000000000000e+00
0.000000000000000000e+00
0.000000000000000000e+00
0.000000000000000000e+00
0.000000000000000000e+00
0.000000000000000000e+00
0.000000000000000000e+00
0.000000000000000000e+00
0.000000000000000000e+00
0.000000000000000000e+00
0.000000000000000000e+00
0.000000000000000000e+00
0.000000000000000000e+00
0.000000000000000000e+00
0.000000000000000000e+00
0.000000000000000000e+00
0.000000000000000000e+00
0.000000000000000000e+00
0.000000000000000000e+00
0.000000000000000000e+00
0.000000000000000000e+00
0.000000000000000000e+00
0.000000000000000000e+00
0.000000000000000000e+00
0.000000000000000000e+00
0.000000000000000000e+00
