1.000000000000000000e+00
4.715252518653869629e-01
4.287423193454742432e-01
3.976407647132873535e-01
3.747054934501647949e-01
3.519420623779296875e-01
4.448498785495758057e-01
4.372748136520385742e-01
4.366102218627929688e-01
4.390297532081604004e-01
4.795274138450622559e-01
4.904820322990417480e-01
4.978545308113098145e-01
5.035473704338073730e-01
5.134002566337585449e-01
5.400806665420532227e-01
5.559849739074707031e-01
5.668003559112548828e-01
5.445783734321594238e-01
5.837679505348205566e-01
6.067459583282470703e-01
6.249323487281799316e-01
7.863755822181701660e-01
7.352566719055175781e-01
6.717746257781982422e-01
6.223957538604736328e-01
5.867638587951660156e-01
5.750904679298400879e-01
4.829001128673553467e-01
4.287070035934448242e-01
3.864266276359558105e-01
5.721476078033447266e-01
4.699195325374603271e-01
4.066691994667053223e-01
3.587465882301330566e-01
5.892105698585510254e-01
4.998472630977630615e-01
4.432739615440368652e-01
3.991962075233459473e-01
6.220228075981140137e-01
5.698531866073608398e-01
5.338122844696044922e-01
5.024226307868957520e-01
1.000000000000000000e+00
1.000000000000000000e+00
1.000000000000000000e+00
1.000000000000000000e+00
1.000000000000000000e+00
0.000000000000000000e+00
0.000000000000000000e+00
0.000000000000000000e+00
0.000000000000000000e+00
0.000000000000000000e+00
0.000000000000000000e+00
0.000000000000000000e+00
0.000000000000000000e+00
0.000000000000000000e+00
0.000000000000000000e+00
0.000000000000000000e+00
0.000000000000000000e+00
0.000000000000000000e+00
0.000000000000000000e+00
0.000000000000000000e+00
0.000000000000000000e+00
0.000000000000000000e+00
0.000000000000000000e+00
0.000000000000000000e+00
0.000000000000000000e+00
0.000000000000000000e+00
0.000000000000000000e+00
0.000000000000000000e+00
0.000000000000000000e+00
0.000000000000000000e+00
0.000000000000000000e+00
0.000000000000000000e+00
0.000000000000000000e+00
0.000000000000000000e+00
0.000000000000000000e+00
0.000000000000000000e+00
0.000000000000000000e+00
0.000000000000000000e+00
0.000000000000000000e+00
0.000000000000000000e+00
0.000000000000000000e+00
0.000000000000000000e+00
0.000000000000000000e+00
0.000000000000000000e+00
0.000000000000000000e+00
0.000000000000000000e+00
0.000000000000000000e+00
0.000000000000000000e+00
0.000000000000000000e+00
0.000000000000000000e+00
0.000000000000000000e+00
0.000000000000000000e+00
0.000000000000000000e+00
