1.000000000000000000e+00
3.518923521041870117e-01
3.773466944694519043e-01
3.715285956859588623e-01
3.658403158187866211e-01
3.767710328102111816e-01
2.856146991252899170e-01
2.571777999401092529e-01
2.887636423110961914e-01
3.072584569454193115e-01
2.500528693199157715e-01
2.278058975934982300e-01
2.730575501918792725e-01
2.876164317131042480e-01
2.240904271602630615e-01
1.940751820802688599e-01
2.377711832523345947e-01
2.611128687858581543e-01
2.029028683900833130e-01
1.386301070451736450e-01
9.753814339637756348e-02
5.544446408748626709e-02
7.629615068435668945e-01
6.670889854431152344e-01
5.674415230751037598e-01
4.793474078178405762e-01
4.207792878150939941e-01
5.468740463256835938e-01
5.189943313598632812e-01
5.647796988487243652e-01
5.857565402984619141e-01
5.898828506469726562e-01
5.760918855667114258e-01
6.235442161560058594e-01
6.221699714660644531e-01
6.375473141670227051e-01
6.226936578750610352e-01
6.568095088005065918e-01
6.619741916656494141e-01
6.869303584098815918e-01
6.716743111610412598e-01
6.679647564888000488e-01
6.514847278594970703e-01
0.000000000000000000e+00
0.000000000000000000e+00
0.000000000000000000e+00
0.000000000000000000e+00
1.000000000000000000e+00
0.000000000000000000e+00
0.000000000000000000e+00
0.000000000000000000e+00
0.000000000000000000e+00
0.000000000000000000e+00
0.000000000000000000e+00
0.000000000000000000e+00
0.000000000000000000e+00
0.000000000000000000e+00
0.000000000000000000e+00
0.000000000000000000e+00
0.000000000000000000e+00
0.000000000000000000e+00
0.000000000000000000e+00
0.000000000000000000e+00
0.000000000000000000e+00
0.000000000000000000e+00
0.000000000000000000e+00
0.000000000000000000e+00
0.000000000000000000e+00
0.000000000000000000e+00
0.000000000000000000e+00
0.000000000000000000e+00
0.000000000000000000e+00
0.000000000000000000e+00
0.000000000000000000e+00
0.000000000000000000e+00
0.000000000000000000e+00
0.000000000000000000e+00
0.000000000000000000e+00
0.000000000000000000e+00
0.000000000000000000e+00
0.000000000000000000e+00
0.000000000000000000e+00
0.000000000000000000e+00
0.000000000000000000e+00
0.000000000000000000e+00
0.000000000000000000e+00
0.000000000000000000e+00
0.000000000000000000e+00
0.000000000000000000e+00
0.000000000000000000e+00
0.000000000000000000e+00
0.000000000000000000e+00
0.000000000000000000e+00
0.000000000000000000e+00
0.000000000000000000e+00
0.000000000000000000e+00
