1.000000000000000000e+00
3.568363487720489502e-01
3.755967020988464355e-01
3.722210526466369629e-01
3.647434115409851074e-01
3.689038753509521484e-01
2.830461263656616211e-01
2.493703067302703857e-01
2.826815545558929443e-01
3.018696010112762451e-01
2.491465210914611816e-01
2.214965224266052246e-01
2.682517766952514648e-01
2.861106693744659424e-01
2.245247960090637207e-01
1.899670362472534180e-01
2.364677190780639648e-01
2.648138403892517090e-01
2.051691114902496338e-01
1.420384496450424194e-01
9.938718378543853760e-02
5.708250403404235840e-02
8.712251186370849609e-01
7.698483467102050781e-01
6.688185930252075195e-01
5.802440643310546875e-01
5.208353400230407715e-01
6.562407612800598145e-01
6.361004710197448730e-01
6.857423782348632812e-01
7.009401321411132812e-01
7.014951705932617188e-01
6.973717212677001953e-01
7.449171543121337891e-01
7.407853603363037109e-01
7.513509988784790039e-01
7.500211000442504883e-01
7.850863933563232422e-01
7.852783203125000000e-01
8.011584877967834473e-01
8.029248714447021484e-01
8.116278648376464844e-01
8.030951023101806641e-01
0.000000000000000000e+00
0.000000000000000000e+00
0.000000000000000000e+00
0.000000000000000000e+00
0.000000000000000000e+00
0.000000000000000000e+00
0.000000000000000000e+00
0.000000000000000000e+00
0.000000000000000000e+00
0.000000000000000000e+00
0.000000000000000000e+00
0.000000000000000000e+00
0.000000000000000000e+00
0.000000000000000000e+00
0.000000000000000000e+00
0.000000000000000000e+00
0.000000000000000000e+00
0.000000000000000000e+00
0.000000000000000000e+00
0.000000000000000000e+00
0.000000000000000000e+00
0.000000000000000000e+00
0.000000000000000000e+00
0.000000000000000000e+00
0.000000000000000000e+00
0.000000000000000000e+00
0.000000000000000000e+00
0.000000000000000000e+00
0.000000000000000000e+00
0.000000000000000000e+00
0.000000000000000000e+00
0.000000000000000000e+00
0.000000000000000000e+00
0.000000000000000000e+00
0.000000000000000000e+00
0.000000000000000000e+00
0.000000000000000000e+00
0.000000000000000000e+00
0.000000000000000000e+00
0.000000000000000000e+00
0.000000000000000000e+00
0.000000000000000000e+00
0.000000000000000000e+00
0.000000000000000000e+00
0.000000000000000000e+00
0.000000000000000000e+00
0.000000000000000000e+00
0.000000000000000000e+00
0.000000000000000000e+00
0.000000000000000000e+00
0.000000000000000000e+00
0.000000000000000000e+00
0.000000000000000000e+00
