1.000000000000000000e+00
4.466946423053741455e-01
5.038756132125854492e-01
5.258738994598388672e-01
5.446212291717529297e-01
5.708559751510620117e-01
4.420582354068756104e-01
4.207393229007720947e-01
4.462771415710449219e-01
4.521970152854919434e-01
3.929168283939361572e-01
3.742634654045104980e-01
4.155562520027160645e-01
4.226716756820678711e-01
3.506494164466857910e-01
3.248402774333953857e-01
3.709679245948791504e-01
3.918004035949707031e-01
3.114709258079528809e-01
2.512245774269104004e-01
2.135038077831268311e-01
1.734496653079986572e-01
6.894008517265319824e-01
6.046575307846069336e-01
4.892991185188293457e-01
3.917020559310913086e-01
3.360274434089660645e-01
4.292586743831634521e-01
3.863325417041778564e-01
4.567937850952148438e-01
4.739038050174713135e-01
4.583976566791534424e-01
4.241263568401336670e-01
5.103944540023803711e-01
5.037949681282043457e-01
4.942396283149719238e-01
4.578534960746765137e-01
5.231989622116088867e-01
5.355015397071838379e-01
5.292246341705322266e-01
4.785240292549133301e-01
4.577903151512145996e-01
4.179030954837799072e-01
0.000000000000000000e+00
0.000000000000000000e+00
0.000000000000000000e+00
0.000000000000000000e+00
1.000000000000000000e+00
0.000000000000000000e+00
0.000000000000000000e+00
0.000000000000000000e+00
0.000000000000000000e+00
0.000000000000000000e+00
0.000000000000000000e+00
0.000000000000000000e+00
0.000000000000000000e+00
0.000000000000000000e+00
0.000000000000000000e+00
0.000000000000000000e+00
0.000000000000000000e+00
0.000000000000000000e+00
0.000000000000000000e+00
0.000000000000000000e+00
0.000000000000000000e+00
0.000000000000000000e+00
0.000000000000000000e+00
0.000000000000000000e+00
0.000000000000000000e+00
0.000000000000000000e+00
0.000000000000000000e+00
0.000000000000000000e+00
0.000000000000000000e+00
0.000000000000000000e+00
0.000000000000000000e+00
0.000000000000000000e+00
0.000000000000000000e+00
0.000000000000000000e+00
0.000000000000000000e+00
0.000000000000000000e+00
0.000000000000000000e+00
0.000000000000000000e+00
0.000000000000000000e+00
0.000000000000000000e+00
0.000000000000000000e+00
0.000000000000000000e+00
0.000000000000000000e+00
0.000000000000000000e+00
0.000000000000000000e+00
0.000000000000000000e+00
0.000000000000000000e+00
0.000000000000000000e+00
0.000000000000000000e+00
0.000000000000000000e+00
0.000000000000000000e+00
0.000000000000000000e+00
0.000000000000000000e+00
