-1.000000000000000000e+00
0.000000000000000000e+00
5.799959334966959396e-02
1.279772514248816440e-01
2.167157681011483428e-01
3.463024658723964921e-01
4.516443845635322307e-01
6.466448981423612574e-01
7.708007012073171405e-01
8.880954960439785273e-01
4.749042364674749273e-01
7.073993030777669944e-01
8.624087197598178101e-01
1.000000000000000000e+00
4.423223038913967065e-01
6.369247759437955958e-01
7.828933009938051635e-01
9.095078643224702164e-01
3.657722474558242065e-01
3.985831721734020561e-01
3.159863589318531174e-01
2.301740105867519648e-01
1.000000000000000000e+00
1.000000000000000000e+00
1.000000000000000000e+00
1.000000000000000000e+00
0.000000000000000000e+00
0.000000000000000000e+00
0.000000000000000000e+00
0.000000000000000000e+00
0.000000000000000000e+00
0.000000000000000000e+00
0.000000000000000000e+00
0.000000000000000000e+00
0.000000000000000000e+00
0.000000000000000000e+00
0.000000000000000000e+00
0.000000000000000000e+00
0.000000000000000000e+00
0.000000000000000000e+00
0.000000000000000000e+00
0.000000000000000000e+00
0.000000000000000000e+00
0.000000000000000000e+00
0.000000000000000000e+00
0.000000000000000000e+00
0.000000000000000000e+00
0.000000000000000000e+00
0.000000000000000000e+00
0.000000000000000000e+00
0.000000000000000000e+00
0.000000000000000000e+00
0.000000000000000000e+00
0.000000000000000000e+00
