-1.000000000000000000e+00
0.000000000000000000e+00
9.763944705355610820e-02
2.130324641536932573e-01
2.673443307073649633e-01
3.467531912318478904e-01
4.965991418777401245e-01
6.918840433506743270e-01
8.120279120493100189e-01
9.265966181589715411e-01
5.045310478295905732e-01
7.336364481789269254e-01
8.749069841346939214e-01
1.000000000000000000e+00
4.623963778022403548e-01
6.499709609637622787e-01
7.911597136647747774e-01
9.154964752329125544e-01
3.810528231445408642e-01
4.152408743836294436e-01
3.145875924612757113e-01
2.171947610068777623e-01
1.000000000000000000e+00
1.000000000000000000e+00
1.000000000000000000e+00
1.000000000000000000e+00
0.000000000000000000e+00
0.000000000000000000e+00
0.000000000000000000e+00
0.000000000000000000e+00
0.000000000000000000e+00
0.000000000000000000e+00
0.000000000000000000e+00
0.000000000000000000e+00
0.000000000000000000e+00
0.000000000000000000e+00
0.000000000000000000e+00
0.000000000000000000e+00
0.000000000000000000e+00
0.000000000000000000e+00
0.000000000000000000e+00
0.000000000000000000e+00
0.000000000000000000e+00
0.000000000000000000e+00
0.000000000000000000e+00
0.000000000000000000e+00
0.000000000000000000e+00
0.000000000000000000e+00
0.000000000000000000e+00
0.000000000000000000e+00
0.000000000000000000e+00
0.000000000000000000e+00
0.000000000000000000e+00
0.000000000000000000e+00
