-1.000000000000000000e+00
0.000000000000000000e+00
1.105186897920018702e-01
2.526160982609073069e-01
3.231985476811385372e-01
3.800536729939357761e-01
5.107843462196597351e-01
6.998453171259187977e-01
8.185420298299393993e-01
9.320241002426625787e-01
5.098975128891983788e-01
7.383011539065603701e-01
8.745668177526569886e-01
1.000000000000000000e+00
4.615656308425863941e-01
6.223344596457788258e-01
7.635378612029145584e-01
8.936094618866281536e-01
3.825442955377972298e-01
4.388201895583558887e-01
3.868854041229962126e-01
3.347211695060750003e-01
1.000000000000000000e+00
1.000000000000000000e+00
1.000000000000000000e+00
1.000000000000000000e+00
0.000000000000000000e+00
0.000000000000000000e+00
0.000000000000000000e+00
0.000000000000000000e+00
0.000000000000000000e+00
0.000000000000000000e+00
0.000000000000000000e+00
0.000000000000000000e+00
0.000000000000000000e+00
0.000000000000000000e+00
0.000000000000000000e+00
0.000000000000000000e+00
0.000000000000000000e+00
0.000000000000000000e+00
0.000000000000000000e+00
0.000000000000000000e+00
0.000000000000000000e+00
0.000000000000000000e+00
0.000000000000000000e+00
0.000000000000000000e+00
0.000000000000000000e+00
0.000000000000000000e+00
0.000000000000000000e+00
0.000000000000000000e+00
0.000000000000000000e+00
0.000000000000000000e+00
0.000000000000000000e+00
0.000000000000000000e+00
