1.000000000000000000e+00
4.223074615001678467e-01
4.751578569412231445e-01
4.816595315933227539e-01
4.701905250549316406e-01
4.559706747531890869e-01
3.817046284675598145e-01
4.478924870491027832e-01
4.858899116516113281e-01
4.860996305942535400e-01
3.645109534263610840e-01
4.456741809844970703e-01
4.829803705215454102e-01
4.762476086616516113e-01
3.596422672271728516e-01
4.393457472324371338e-01
4.700509905815124512e-01
4.612040519714355469e-01
3.633319437503814697e-01
4.335030317306518555e-01
4.611624479293823242e-01
4.573545455932617188e-01
5.877236723899841309e-01
4.963603913784027100e-01
4.070697128772735596e-01
3.522148132324218750e-01
3.036918640136718750e-01
3.333761096000671387e-01
2.821645438671112061e-01
3.370321393013000488e-01
3.835401535034179688e-01
3.444324135780334473e-01
2.897141873836517334e-01
3.577096164226531982e-01
4.034723639488220215e-01
3.675157725811004639e-01
3.182377219200134277e-01
3.794833719730377197e-01
4.199110865592956543e-01
4.015584290027618408e-01
3.700520694255828857e-01
4.095637500286102295e-01
4.402177631855010986e-01
1.000000000000000000e+00
0.000000000000000000e+00
0.000000000000000000e+00
0.000000000000000000e+00
0.000000000000000000e+00
0.000000000000000000e+00
0.000000000000000000e+00
0.000000000000000000e+00
0.000000000000000000e+00
0.000000000000000000e+00
0.000000000000000000e+00
0.000000000000000000e+00
0.000000000000000000e+00
0.000000000000000000e+00
0.000000000000000000e+00
0.000000000000000000e+00
0.000000000000000000e+00
0.000000000000000000e+00
0.000000000000000000e+00
0.000000000000000000e+00
0.000000000000000000e+00
0.000000000000000000e+00
0.000000000000000000e+00
0.000000000000000000e+00
0.000000000000000000e+00
0.000000000000000000e+00
0.000000000000000000e+00
0.000000000000000000e+00
0.000000000000000000e+00
0.000000000000000000e+00
0.000000000000000000e+00
0.000000000000000000e+00
0.000000000000000000e+00
0.000000000000000000e+00
0.000000000000000000e+00
0.000000000000000000e+00
0.000000000000000000e+00
0.000000000000000000e+00
0.000000000000000000e+00
0.000000000000000000e+00
0.000000000000000000e+00
0.000000000000000000e+00
0.000000000000000000e+00
0.000000000000000000e+00
0.000000000000000000e+00
0.000000000000000000e+00
0.000000000000000000e+00
0.000000000000000000e+00
0.000000000000000000e+00
0.000000000000000000e+00
0.000000000000000000e+00
0.000000000000000000e+00
0.000000000000000000e+00
