-1.000000000000000000e+00
3.088859915733337402e-01
3.620109260082244873e-01
4.052481055259704590e-01
3.858999311923980713e-01
3.557001054286956787e-01
3.912967741489410400e-01
3.985366821289062500e-01
3.908214569091796875e-01
3.823419809341430664e-01
3.431431055068969727e-01
3.481599390506744385e-01
3.491697907447814941e-01
3.481032848358154297e-01
2.980177402496337891e-01
3.001171052455902100e-01
3.079380691051483154e-01
3.074992001056671143e-01
2.520713806152343750e-01
2.616363763809204102e-01
2.733530402183532715e-01
2.743661403656005859e-01
6.395627260208129883e-01
6.024038791656494141e-01
5.249348878860473633e-01
4.638878107070922852e-01
4.294883906841278076e-01
4.365191757678985596e-01
3.663065433502197266e-01
4.358188807964324951e-01
4.804582297801971436e-01
4.338721036911010742e-01
3.613470196723937988e-01
4.464908242225646973e-01
4.788617491722106934e-01
4.447809457778930664e-01
3.879622817039489746e-01
4.678241014480590820e-01
4.905113875865936279e-01
4.666350483894348145e-01
4.323907792568206787e-01
4.850630462169647217e-01
4.983024597167968750e-01
1.000000000000000000e+00
0.000000000000000000e+00
0.000000000000000000e+00
0.000000000000000000e+00
0.000000000000000000e+00
0.000000000000000000e+00
0.000000000000000000e+00
0.000000000000000000e+00
0.000000000000000000e+00
0.000000000000000000e+00
0.000000000000000000e+00
0.000000000000000000e+00
0.000000000000000000e+00
0.000000000000000000e+00
0.000000000000000000e+00
0.000000000000000000e+00
0.000000000000000000e+00
0.000000000000000000e+00
0.000000000000000000e+00
0.000000000000000000e+00
0.000000000000000000e+00
0.000000000000000000e+00
0.000000000000000000e+00
0.000000000000000000e+00
0.000000000000000000e+00
0.000000000000000000e+00
0.000000000000000000e+00
0.000000000000000000e+00
0.000000000000000000e+00
0.000000000000000000e+00
0.000000000000000000e+00
0.000000000000000000e+00
0.000000000000000000e+00
0.000000000000000000e+00
0.000000000000000000e+00
0.000000000000000000e+00
0.000000000000000000e+00
0.000000000000000000e+00
0.000000000000000000e+00
0.000000000000000000e+00
0.000000000000000000e+00
0.000000000000000000e+00
0.000000000000000000e+00
0.000000000000000000e+00
0.000000000000000000e+00
0.000000000000000000e+00
0.000000000000000000e+00
0.000000000000000000e+00
0.000000000000000000e+00
0.000000000000000000e+00
0.000000000000000000e+00
0.000000000000000000e+00
0.000000000000000000e+00
