-1.000000000000000000e+00
3.031581640243530273e-01
3.614006638526916504e-01
4.113128781318664551e-01
3.908835053443908691e-01
3.634997308254241943e-01
4.084926843643188477e-01
4.232832193374633789e-01
4.051755070686340332e-01
3.924491405487060547e-01
3.584572672843933105e-01
3.716139793395996094e-01
3.631533980369567871e-01
3.598459064960479736e-01
3.119004368782043457e-01
3.195553123950958252e-01
3.205254375934600830e-01
3.195362687110900879e-01
2.642342746257781982e-01
2.772197127342224121e-01
2.843408882617950439e-01
2.848021686077117920e-01
6.495575904846191406e-01
6.182560920715332031e-01
5.424935221672058105e-01
4.696758389472961426e-01
4.245662093162536621e-01
4.575732052326202393e-01
3.884154260158538818e-01
4.593006372451782227e-01
5.019261837005615234e-01
4.475385844707489014e-01
3.751237392425537109e-01
4.640996754169464111e-01
4.927616715431213379e-01
4.498401880264282227e-01
3.889284133911132812e-01
4.736773669719696045e-01
4.934847056865692139e-01
4.616837501525878906e-01
4.270538687705993652e-01
4.841538667678833008e-01
4.974029064178466797e-01
1.000000000000000000e+00
0.000000000000000000e+00
0.000000000000000000e+00
0.000000000000000000e+00
0.000000000000000000e+00
0.000000000000000000e+00
0.000000000000000000e+00
0.000000000000000000e+00
0.000000000000000000e+00
0.000000000000000000e+00
0.000000000000000000e+00
0.000000000000000000e+00
0.000000000000000000e+00
0.000000000000000000e+00
0.000000000000000000e+00
0.000000000000000000e+00
0.000000000000000000e+00
0.000000000000000000e+00
0.000000000000000000e+00
0.000000000000000000e+00
0.000000000000000000e+00
0.000000000000000000e+00
0.000000000000000000e+00
0.000000000000000000e+00
0.000000000000000000e+00
0.000000000000000000e+00
0.000000000000000000e+00
0.000000000000000000e+00
0.000000000000000000e+00
0.000000000000000000e+00
0.000000000000000000e+00
0.000000000000000000e+00
0.000000000000000000e+00
0.000000000000000000e+00
0.000000000000000000e+00
0.000000000000000000e+00
0.000000000000000000e+00
0.000000000000000000e+00
0.000000000000000000e+00
0.000000000000000000e+00
0.000000000000000000e+00
0.000000000000000000e+00
0.000000000000000000e+00
0.000000000000000000e+00
0.000000000000000000e+00
0.000000000000000000e+00
0.000000000000000000e+00
0.000000000000000000e+00
0.000000000000000000e+00
0.000000000000000000e+00
0.000000000000000000e+00
0.000000000000000000e+00
0.000000000000000000e+00
