1.000000000000000000e+00
3.579629063606262207e-01
2.795488238334655762e-01
2.535098791122436523e-01
2.811158299446105957e-01
3.184573948383331299e-01
2.688392698764801025e-01
2.338016182184219360e-01
2.156962156295776367e-01
2.042797505855560303e-01
3.270287513732910156e-01
3.254754245281219482e-01
3.251078128814697266e-01
3.254586458206176758e-01
3.791857063770294189e-01
3.928465247154235840e-01
4.004076123237609863e-01
4.062865376472473145e-01
4.224958717823028564e-01
4.610224068164825439e-01
4.857195019721984863e-01
5.055744647979736328e-01
8.732711672782897949e-01
7.935440540313720703e-01
6.974943876266479492e-01
6.247966289520263672e-01
5.879287123680114746e-01
6.219750642776489258e-01
4.856464862823486328e-01
4.048843979835510254e-01
3.425995409488677979e-01
6.150836944580078125e-01
4.540265202522277832e-01
3.650450706481933594e-01
3.000196814537048340e-01
6.317186355590820312e-01
4.876936972141265869e-01
4.011287689208984375e-01
3.403902649879455566e-01
6.648356914520263672e-01
5.707694292068481445e-01
5.168384313583374023e-01
4.727376103401184082e-01
0.000000000000000000e+00
1.000000000000000000e+00
1.000000000000000000e+00
1.000000000000000000e+00
1.000000000000000000e+00
0.000000000000000000e+00
0.000000000000000000e+00
0.000000000000000000e+00
0.000000000000000000e+00
0.000000000000000000e+00
0.000000000000000000e+00
0.000000000000000000e+00
0.000000000000000000e+00
0.000000000000000000e+00
0.000000000000000000e+00
0.000000000000000000e+00
0.000000000000000000e+00
0.000000000000000000e+00
0.000000000000000000e+00
0.000000000000000000e+00
0.000000000000000000e+00
0.000000000000000000e+00
0.000000000000000000e+00
0.000000000000000000e+00
0.000000000000000000e+00
0.000000000000000000e+00
0.000000000000000000e+00
0.000000000000000000e+00
0.000000000000000000e+00
0.000000000000000000e+00
0.000000000000000000e+00
0.000000000000000000e+00
0.000000000000000000e+00
0.000000000000000000e+00
0.000000000000000000e+00
0.000000000000000000e+00
0.000000000000000000e+00
0.000000000000000000e+00
0.000000000000000000e+00
0.000000000000000000e+00
0.000000000000000000e+00
0.000000000000000000e+00
0.000000000000000000e+00
0.000000000000000000e+00
0.000000000000000000e+00
0.000000000000000000e+00
0.000000000000000000e+00
0.000000000000000000e+00
0.000000000000000000e+00
0.000000000000000000e+00
0.000000000000000000e+00
0.000000000000000000e+00
0.000000000000000000e+00
