-1.000000000000000000e+00
3.030489087104797363e-01
3.748599290847778320e-01
4.312167763710021973e-01
4.084498882293701172e-01
3.553948104381561279e-01
4.376815259456634521e-01
4.899037182331085205e-01
5.142853260040283203e-01
5.314942598342895508e-01
3.832477331161499023e-01
4.097062349319458008e-01
4.203314185142517090e-01
4.254988133907318115e-01
3.271804451942443848e-01
3.363952338695526123e-01
3.426122069358825684e-01
3.474035263061523438e-01
2.679049074649810791e-01
2.315569519996643066e-01
2.039272636175155640e-01
1.804701238870620728e-01
8.677906990051269531e-01
8.329333066940307617e-01
7.564642429351806641e-01
6.670458912849426270e-01
6.260913610458374023e-01
5.902320146560668945e-01
4.794512391090393066e-01
4.055888652801513672e-01
3.416524529457092285e-01
5.512009859085083008e-01
4.116740822792053223e-01
3.204385340213775635e-01
2.464979887008666992e-01
5.548847317695617676e-01
4.295739829540252686e-01
3.415365815162658691e-01
2.683112323284149170e-01
5.888662338256835938e-01
5.049636960029602051e-01
4.486844539642333984e-01
3.958325684070587158e-01
1.000000000000000000e+00
1.000000000000000000e+00
1.000000000000000000e+00
1.000000000000000000e+00
1.000000000000000000e+00
0.000000000000000000e+00
0.000000000000000000e+00
0.000000000000000000e+00
0.000000000000000000e+00
0.000000000000000000e+00
0.000000000000000000e+00
0.000000000000000000e+00
0.000000000000000000e+00
0.000000000000000000e+00
0.000000000000000000e+00
0.000000000000000000e+00
0.000000000000000000e+00
0.000000000000000000e+00
0.000000000000000000e+00
0.000000000000000000e+00
0.000000000000000000e+00
0.000000000000000000e+00
0.000000000000000000e+00
0.000000000000000000e+00
0.000000000000000000e+00
0.000000000000000000e+00
0.000000000000000000e+00
0.000000000000000000e+00
0.000000000000000000e+00
0.000000000000000000e+00
0.000000000000000000e+00
0.000000000000000000e+00
0.000000000000000000e+00
0.000000000000000000e+00
0.000000000000000000e+00
0.000000000000000000e+00
0.000000000000000000e+00
0.000000000000000000e+00
0.000000000000000000e+00
0.000000000000000000e+00
0.000000000000000000e+00
0.000000000000000000e+00
0.000000000000000000e+00
0.000000000000000000e+00
0.000000000000000000e+00
0.000000000000000000e+00
0.000000000000000000e+00
0.000000000000000000e+00
0.000000000000000000e+00
0.000000000000000000e+00
0.000000000000000000e+00
0.000000000000000000e+00
0.000000000000000000e+00
