-1.000000000000000000e+00
2.541152834892272949e-01
3.344118893146514893e-01
3.999140560626983643e-01
3.884633481502532959e-01
3.373414278030395508e-01
4.057711958885192871e-01
4.766613245010375977e-01
5.134633183479309082e-01
5.407056808471679688e-01
3.563315868377685547e-01
4.056382775306701660e-01
4.298198819160461426e-01
4.439893662929534912e-01
3.013251721858978271e-01
3.196842968463897705e-01
3.309609591960906982e-01
3.397941887378692627e-01
2.403548359870910645e-01
2.032894194126129150e-01
1.761317998170852661e-01
1.542224735021591187e-01
8.925485610961914062e-01
8.577073812484741211e-01
7.838560938835144043e-01
6.927374005317687988e-01
6.563794016838073730e-01
6.283825039863586426e-01
5.280199646949768066e-01
4.603379964828491211e-01
4.021474719047546387e-01
5.855479836463928223e-01
4.542272984981536865e-01
3.647729754447937012e-01
2.931324839591979980e-01
5.833241343498229980e-01
4.542484879493713379e-01
3.656733036041259766e-01
2.947980463504791260e-01
6.126589179039001465e-01
5.197132229804992676e-01
4.579130709171295166e-01
4.028443694114685059e-01
1.000000000000000000e+00
1.000000000000000000e+00
1.000000000000000000e+00
1.000000000000000000e+00
1.000000000000000000e+00
0.000000000000000000e+00
0.000000000000000000e+00
0.000000000000000000e+00
0.000000000000000000e+00
0.000000000000000000e+00
0.000000000000000000e+00
0.000000000000000000e+00
0.000000000000000000e+00
0.000000000000000000e+00
0.000000000000000000e+00
0.000000000000000000e+00
0.000000000000000000e+00
0.000000000000000000e+00
0.000000000000000000e+00
0.000000000000000000e+00
0.000000000000000000e+00
0.000000000000000000e+00
0.000000000000000000e+00
0.000000000000000000e+00
0.000000000000000000e+00
0.000000000000000000e+00
0.000000000000000000e+00
0.000000000000000000e+00
0.000000000000000000e+00
0.000000000000000000e+00
0.000000000000000000e+00
0.000000000000000000e+00
0.000000000000000000e+00
0.000000000000000000e+00
0.000000000000000000e+00
0.000000000000000000e+00
0.000000000000000000e+00
0.000000000000000000e+00
0.000000000000000000e+00
0.000000000000000000e+00
0.000000000000000000e+00
0.000000000000000000e+00
0.000000000000000000e+00
0.000000000000000000e+00
0.000000000000000000e+00
0.000000000000000000e+00
0.000000000000000000e+00
0.000000000000000000e+00
0.000000000000000000e+00
0.000000000000000000e+00
0.000000000000000000e+00
0.000000000000000000e+00
0.000000000000000000e+00
