-1.000000000000000000e+00
2.003830373287200928e-01
2.737832665443420410e-01
3.224329650402069092e-01
2.789627313613891602e-01
2.144335359334945679e-01
2.906723320484161377e-01
3.250727057456970215e-01
3.402961492538452148e-01
3.479064702987670898e-01
2.241753786802291870e-01
2.334999591112136841e-01
2.331463992595672607e-01
2.270169109106063843e-01
1.644982844591140747e-01
1.419447958469390869e-01
1.257857382297515869e-01
1.114845201373100281e-01
1.084195524454116821e-01
4.913297295570373535e-02
2.722457051277160645e-03
-3.902003169059753418e-02
9.193137884140014648e-01
8.560422658920288086e-01
7.518931627273559570e-01
6.681685447692871094e-01
6.479918956756591797e-01
5.974314212799072266e-01
4.618722498416900635e-01
3.780519366264343262e-01
3.048791587352752686e-01
5.756244659423828125e-01
4.215891063213348389e-01
3.182859122753143311e-01
2.353920936584472656e-01
5.983660221099853516e-01
4.560886621475219727e-01
3.581441342830657959e-01
2.766209840774536133e-01
6.558616161346435547e-01
5.756863355636596680e-01
5.325298905372619629e-01
4.932297468185424805e-01
1.000000000000000000e+00
1.000000000000000000e+00
1.000000000000000000e+00
1.000000000000000000e+00
1.000000000000000000e+00
0.000000000000000000e+00
0.000000000000000000e+00
0.000000000000000000e+00
0.000000000000000000e+00
0.000000000000000000e+00
0.000000000000000000e+00
0.000000000000000000e+00
0.000000000000000000e+00
0.000000000000000000e+00
0.000000000000000000e+00
0.000000000000000000e+00
0.000000000000000000e+00
0.000000000000000000e+00
0.000000000000000000e+00
0.000000000000000000e+00
0.000000000000000000e+00
0.000000000000000000e+00
0.000000000000000000e+00
0.000000000000000000e+00
0.000000000000000000e+00
0.000000000000000000e+00
0.000000000000000000e+00
0.000000000000000000e+00
0.000000000000000000e+00
0.000000000000000000e+00
0.000000000000000000e+00
0.000000000000000000e+00
0.000000000000000000e+00
0.000000000000000000e+00
0.000000000000000000e+00
0.000000000000000000e+00
0.000000000000000000e+00
0.000000000000000000e+00
0.000000000000000000e+00
0.000000000000000000e+00
0.000000000000000000e+00
0.000000000000000000e+00
0.000000000000000000e+00
0.000000000000000000e+00
0.000000000000000000e+00
0.000000000000000000e+00
0.000000000000000000e+00
0.000000000000000000e+00
0.000000000000000000e+00
0.000000000000000000e+00
0.000000000000000000e+00
0.000000000000000000e+00
0.000000000000000000e+00
