-1.000000000000000000e+00
2.019562423229217529e-01
2.726172804832458496e-01
3.321628570556640625e-01
3.096199035644531250e-01
2.583376765251159668e-01
3.046297430992126465e-01
3.408982157707214355e-01
3.572397232055664062e-01
3.653843998908996582e-01
2.401653230190277100e-01
2.530205547809600830e-01
2.527638077735900879e-01
2.475726306438446045e-01
1.790719330310821533e-01
1.706269234418869019e-01
1.604453772306442261e-01
1.516947299242019653e-01
1.172590926289558411e-01
6.837829947471618652e-02
3.398302197456359863e-02
5.441784858703613281e-03
9.113715887069702148e-01
8.473566770553588867e-01
7.449877858161926270e-01
6.505402922630310059e-01
6.196835041046142578e-01
5.629152059555053711e-01
4.265621900558471680e-01
3.378122448921203613e-01
2.601033747196197510e-01
5.408808588981628418e-01
3.838533461093902588e-01
2.811015248298645020e-01
1.966791749000549316e-01
5.614027976989746094e-01
4.089686870574951172e-01
3.072892129421234131e-01
2.234392464160919189e-01
6.159970164299011230e-01
5.087239146232604980e-01
4.392117857933044434e-01
3.759768605232238770e-01
1.000000000000000000e+00
1.000000000000000000e+00
1.000000000000000000e+00
1.000000000000000000e+00
1.000000000000000000e+00
0.000000000000000000e+00
0.000000000000000000e+00
0.000000000000000000e+00
0.000000000000000000e+00
0.000000000000000000e+00
0.000000000000000000e+00
0.000000000000000000e+00
0.000000000000000000e+00
0.000000000000000000e+00
0.000000000000000000e+00
0.000000000000000000e+00
0.000000000000000000e+00
0.000000000000000000e+00
0.000000000000000000e+00
0.000000000000000000e+00
0.000000000000000000e+00
0.000000000000000000e+00
0.000000000000000000e+00
0.000000000000000000e+00
0.000000000000000000e+00
0.000000000000000000e+00
0.000000000000000000e+00
0.000000000000000000e+00
0.000000000000000000e+00
0.000000000000000000e+00
0.000000000000000000e+00
0.000000000000000000e+00
0.000000000000000000e+00
0.000000000000000000e+00
0.000000000000000000e+00
0.000000000000000000e+00
0.000000000000000000e+00
0.000000000000000000e+00
0.000000000000000000e+00
0.000000000000000000e+00
0.000000000000000000e+00
0.000000000000000000e+00
0.000000000000000000e+00
0.000000000000000000e+00
0.000000000000000000e+00
0.000000000000000000e+00
0.000000000000000000e+00
0.000000000000000000e+00
0.000000000000000000e+00
0.000000000000000000e+00
0.000000000000000000e+00
0.000000000000000000e+00
0.000000000000000000e+00
