-1.000000000000000000e+00
1.777841299772262573e-01
2.658036053180694580e-01
3.340240120887756348e-01
3.031809329986572266e-01
2.362761497497558594e-01
3.033646941184997559e-01
3.382916450500488281e-01
3.546184897422790527e-01
3.654798269271850586e-01
2.349542230367660522e-01
2.507452070713043213e-01
2.545132339000701904e-01
2.559672296047210693e-01
1.699233800172805786e-01
1.690658330917358398e-01
1.688781082630157471e-01
1.700007170438766479e-01
1.017787903547286987e-01
6.653957068920135498e-02
4.340198636054992676e-02
2.612414956092834473e-02
9.130202531814575195e-01
8.545983433723449707e-01
7.381187677383422852e-01
6.342566609382629395e-01
6.138722896575927734e-01
5.469143986701965332e-01
4.047482609748840332e-01
3.111698031425476074e-01
2.269456684589385986e-01
5.218448638916015625e-01
3.576441109180450439e-01
2.432541847229003906e-01
1.455633640289306641e-01
5.392169952392578125e-01
3.821380734443664551e-01
2.711910307407379150e-01
1.778112649917602539e-01
5.881877541542053223e-01
4.710217714309692383e-01
3.883802592754364014e-01
3.104658722877502441e-01
1.000000000000000000e+00
1.000000000000000000e+00
1.000000000000000000e+00
1.000000000000000000e+00
1.000000000000000000e+00
0.000000000000000000e+00
0.000000000000000000e+00
0.000000000000000000e+00
0.000000000000000000e+00
0.000000000000000000e+00
0.000000000000000000e+00
0.000000000000000000e+00
0.000000000000000000e+00
0.000000000000000000e+00
0.000000000000000000e+00
0.000000000000000000e+00
0.000000000000000000e+00
0.000000000000000000e+00
0.000000000000000000e+00
0.000000000000000000e+00
0.000000000000000000e+00
0.000000000000000000e+00
0.000000000000000000e+00
0.000000000000000000e+00
0.000000000000000000e+00
0.000000000000000000e+00
0.000000000000000000e+00
0.000000000000000000e+00
0.000000000000000000e+00
0.000000000000000000e+00
0.000000000000000000e+00
0.000000000000000000e+00
0.000000000000000000e+00
0.000000000000000000e+00
0.000000000000000000e+00
0.000000000000000000e+00
0.000000000000000000e+00
0.000000000000000000e+00
0.000000000000000000e+00
0.000000000000000000e+00
0.000000000000000000e+00
0.000000000000000000e+00
0.000000000000000000e+00
0.000000000000000000e+00
0.000000000000000000e+00
0.000000000000000000e+00
0.000000000000000000e+00
0.000000000000000000e+00
0.000000000000000000e+00
0.000000000000000000e+00
0.000000000000000000e+00
0.000000000000000000e+00
0.000000000000000000e+00
