-1.000000000000000000e+00
0.000000000000000000e+00
1.530826478177029770e-01
3.163387297148960720e-01
4.609037012836753044e-01
5.626746317243015438e-01
4.987877619847180810e-01
6.883991923446133310e-01
8.071875806262608366e-01
9.191198154545330290e-01
5.143441957289326405e-01
7.318491852991731994e-01
8.746139789654782115e-01
1.000000000000000000e+00
4.974555516490141160e-01
7.021631729984856296e-01
8.310041214019682210e-01
9.437049616307673361e-01
4.585690594143116972e-01
6.163959961934135645e-01
7.201008502038093173e-01
8.152843697241303200e-01
1.000000000000000000e+00
1.000000000000000000e+00
1.000000000000000000e+00
1.000000000000000000e+00
1.000000000000000000e+00
0.000000000000000000e+00
0.000000000000000000e+00
0.000000000000000000e+00
0.000000000000000000e+00
0.000000000000000000e+00
0.000000000000000000e+00
0.000000000000000000e+00
0.000000000000000000e+00
0.000000000000000000e+00
0.000000000000000000e+00
0.000000000000000000e+00
0.000000000000000000e+00
0.000000000000000000e+00
0.000000000000000000e+00
0.000000000000000000e+00
0.000000000000000000e+00
0.000000000000000000e+00
0.000000000000000000e+00
0.000000000000000000e+00
0.000000000000000000e+00
0.000000000000000000e+00
0.000000000000000000e+00
0.000000000000000000e+00
0.000000000000000000e+00
0.000000000000000000e+00
0.000000000000000000e+00
0.000000000000000000e+00
