-1.000000000000000000e+00
0.000000000000000000e+00
1.403781268708810259e-01
2.870352705486444167e-01
4.277499599312138412e-01
5.431081877700739691e-01
4.878203118519298664e-01
6.726964176190985967e-01
7.937859824208012283e-01
9.098490437629115357e-01
5.103619441094118248e-01
7.227625098372612023e-01
8.669021748203772360e-01
1.000000000000000000e+00
5.008464246704112943e-01
6.982922697211316754e-01
8.310671580961916938e-01
9.464505568441353711e-01
4.746745190674135362e-01
6.279252395645044116e-01
7.324803528743031311e-01
8.274108812412126479e-01
0.000000000000000000e+00
1.000000000000000000e+00
1.000000000000000000e+00
1.000000000000000000e+00
1.000000000000000000e+00
0.000000000000000000e+00
0.000000000000000000e+00
0.000000000000000000e+00
0.000000000000000000e+00
0.000000000000000000e+00
0.000000000000000000e+00
0.000000000000000000e+00
0.000000000000000000e+00
0.000000000000000000e+00
0.000000000000000000e+00
0.000000000000000000e+00
0.000000000000000000e+00
0.000000000000000000e+00
0.000000000000000000e+00
0.000000000000000000e+00
0.000000000000000000e+00
0.000000000000000000e+00
0.000000000000000000e+00
0.000000000000000000e+00
0.000000000000000000e+00
0.000000000000000000e+00
0.000000000000000000e+00
0.000000000000000000e+00
0.000000000000000000e+00
0.000000000000000000e+00
0.000000000000000000e+00
0.000000000000000000e+00
