-1.000000000000000000e+00
0.000000000000000000e+00
1.395047861881284212e-01
2.955391237911815239e-01
4.381956153259661257e-01
5.353462897622783823e-01
5.063968349310841166e-01
6.918154152414286440e-01
8.070736547054906396e-01
9.156232334065425027e-01
5.285204111887717993e-01
7.346535146672914518e-01
8.732765280469727553e-01
1.000000000000000000e+00
5.192938091463680239e-01
7.144733444906979924e-01
8.372223986580423771e-01
9.447633782115434364e-01
4.878001190676886645e-01
6.385802867776898539e-01
7.384594626291447472e-01
8.268223438824380267e-01
0.000000000000000000e+00
1.000000000000000000e+00
1.000000000000000000e+00
1.000000000000000000e+00
1.000000000000000000e+00
0.000000000000000000e+00
0.000000000000000000e+00
0.000000000000000000e+00
0.000000000000000000e+00
0.000000000000000000e+00
0.000000000000000000e+00
0.000000000000000000e+00
0.000000000000000000e+00
0.000000000000000000e+00
0.000000000000000000e+00
0.000000000000000000e+00
0.000000000000000000e+00
0.000000000000000000e+00
0.000000000000000000e+00
0.000000000000000000e+00
0.000000000000000000e+00
0.000000000000000000e+00
0.000000000000000000e+00
0.000000000000000000e+00
0.000000000000000000e+00
0.000000000000000000e+00
0.000000000000000000e+00
0.000000000000000000e+00
0.000000000000000000e+00
0.000000000000000000e+00
0.000000000000000000e+00
0.000000000000000000e+00
