-1.000000000000000000e+00
0.000000000000000000e+00
1.636496256684748241e-01
3.366585345599574786e-01
4.843700493214449510e-01
5.794885893384810194e-01
5.179406097903807016e-01
7.053222182139043950e-01
8.205015918500156991e-01
9.272533609992846815e-01
5.200971196369920113e-01
7.379643319191430129e-01
8.781044210521991022e-01
1.000000000000000000e+00
4.917369895995277185e-01
6.959948126947265168e-01
8.277719045435839584e-01
9.410827345114581854e-01
4.418765336276774258e-01
6.019923608022442751e-01
7.074262613550610368e-01
8.030267235698376194e-01
1.000000000000000000e+00
1.000000000000000000e+00
1.000000000000000000e+00
1.000000000000000000e+00
1.000000000000000000e+00
0.000000000000000000e+00
0.000000000000000000e+00
0.000000000000000000e+00
0.000000000000000000e+00
0.000000000000000000e+00
0.000000000000000000e+00
0.000000000000000000e+00
0.000000000000000000e+00
0.000000000000000000e+00
0.000000000000000000e+00
0.000000000000000000e+00
0.000000000000000000e+00
0.000000000000000000e+00
0.000000000000000000e+00
0.000000000000000000e+00
0.000000000000000000e+00
0.000000000000000000e+00
0.000000000000000000e+00
0.000000000000000000e+00
0.000000000000000000e+00
0.000000000000000000e+00
0.000000000000000000e+00
0.000000000000000000e+00
0.000000000000000000e+00
0.000000000000000000e+00
0.000000000000000000e+00
0.000000000000000000e+00
