-1.000000000000000000e+00
0.000000000000000000e+00
1.611610552017670450e-01
3.245198943884918807e-01
4.683457181303358197e-01
5.781566521774637035e-01
5.084925443867569506e-01
6.964230540310692996e-01
8.146710914115522506e-01
9.265175942436464362e-01
5.158612679992634620e-01
7.323054436666630584e-01
8.746494766946216748e-01
1.000000000000000000e+00
4.926823108638676563e-01
6.955090849894757232e-01
8.300592411600584697e-01
9.490053725498368564e-01
4.515490500707681765e-01
6.119913411941148018e-01
7.161277394024356813e-01
8.134770519497264152e-01
0.000000000000000000e+00
1.000000000000000000e+00
1.000000000000000000e+00
1.000000000000000000e+00
1.000000000000000000e+00
0.000000000000000000e+00
0.000000000000000000e+00
0.000000000000000000e+00
0.000000000000000000e+00
0.000000000000000000e+00
0.000000000000000000e+00
0.000000000000000000e+00
0.000000000000000000e+00
0.000000000000000000e+00
0.000000000000000000e+00
0.000000000000000000e+00
0.000000000000000000e+00
0.000000000000000000e+00
0.000000000000000000e+00
0.000000000000000000e+00
0.000000000000000000e+00
0.000000000000000000e+00
0.000000000000000000e+00
0.000000000000000000e+00
0.000000000000000000e+00
0.000000000000000000e+00
0.000000000000000000e+00
0.000000000000000000e+00
0.000000000000000000e+00
0.000000000000000000e+00
0.000000000000000000e+00
0.000000000000000000e+00
