-1.000000000000000000e+00
0.000000000000000000e+00
1.641362953361896748e-01
3.268888432448500136e-01
4.684781948828983800e-01
5.751706411434250876e-01
5.042602474131313572e-01
6.936402090323170455e-01
8.086989102140870189e-01
9.203184652588624060e-01
5.124491551689202007e-01
7.280513888997058869e-01
8.714400960914677752e-01
1.000000000000000000e+00
4.906921921301684031e-01
6.931176181783872403e-01
8.290263968143651852e-01
9.463131057964135895e-01
4.527107917585689312e-01
6.101292150757049448e-01
7.186545920601709048e-01
8.205716298728492619e-01
1.000000000000000000e+00
1.000000000000000000e+00
1.000000000000000000e+00
1.000000000000000000e+00
1.000000000000000000e+00
0.000000000000000000e+00
0.000000000000000000e+00
0.000000000000000000e+00
0.000000000000000000e+00
0.000000000000000000e+00
0.000000000000000000e+00
0.000000000000000000e+00
0.000000000000000000e+00
0.000000000000000000e+00
0.000000000000000000e+00
0.000000000000000000e+00
0.000000000000000000e+00
0.000000000000000000e+00
0.000000000000000000e+00
0.000000000000000000e+00
0.000000000000000000e+00
0.000000000000000000e+00
0.000000000000000000e+00
0.000000000000000000e+00
0.000000000000000000e+00
0.000000000000000000e+00
0.000000000000000000e+00
0.000000000000000000e+00
0.000000000000000000e+00
0.000000000000000000e+00
0.000000000000000000e+00
0.000000000000000000e+00
