-1.000000000000000000e+00
0.000000000000000000e+00
1.636293251477153599e-01
3.280500879758482258e-01
4.696197369670960797e-01
5.739459143502503302e-01
5.017967753405987441e-01
6.891953402247165128e-01
8.070054376873688762e-01
9.201345391784598871e-01
5.111387695643604401e-01
7.272488848660736416e-01
8.720975033674651655e-01
1.000000000000000000e+00
4.902843614529619476e-01
6.905632456477868164e-01
8.275572507177720860e-01
9.461516206538190810e-01
4.530041598525620383e-01
6.117317955425900511e-01
7.196240685425695505e-01
8.197449269436662966e-01
1.000000000000000000e+00
1.000000000000000000e+00
1.000000000000000000e+00
1.000000000000000000e+00
1.000000000000000000e+00
0.000000000000000000e+00
0.000000000000000000e+00
0.000000000000000000e+00
0.000000000000000000e+00
0.000000000000000000e+00
0.000000000000000000e+00
0.000000000000000000e+00
0.000000000000000000e+00
0.000000000000000000e+00
0.000000000000000000e+00
0.000000000000000000e+00
0.000000000000000000e+00
0.000000000000000000e+00
0.000000000000000000e+00
0.000000000000000000e+00
0.000000000000000000e+00
0.000000000000000000e+00
0.000000000000000000e+00
0.000000000000000000e+00
0.000000000000000000e+00
0.000000000000000000e+00
0.000000000000000000e+00
0.000000000000000000e+00
0.000000000000000000e+00
0.000000000000000000e+00
0.000000000000000000e+00
0.000000000000000000e+00
