-1.000000000000000000e+00
0.000000000000000000e+00
1.684918376096072867e-01
3.435665648140026063e-01
4.877903354232420718e-01
5.775697030145748867e-01
5.224549889115573942e-01
7.065961110878208329e-01
8.146086818324671519e-01
9.172675981692517411e-01
5.255955170028419055e-01
7.394890341011703949e-01
8.753244443134347019e-01
1.000000000000000000e+00
5.052913207229657866e-01
7.055437074642425532e-01
8.308857576701792480e-01
9.437139546537764989e-01
4.664536132319315742e-01
6.205264479766627872e-01
7.210980902993063824e-01
8.187891351214557911e-01
1.000000000000000000e+00
1.000000000000000000e+00
1.000000000000000000e+00
1.000000000000000000e+00
1.000000000000000000e+00
0.000000000000000000e+00
0.000000000000000000e+00
0.000000000000000000e+00
0.000000000000000000e+00
0.000000000000000000e+00
0.000000000000000000e+00
0.000000000000000000e+00
0.000000000000000000e+00
0.000000000000000000e+00
0.000000000000000000e+00
0.000000000000000000e+00
0.000000000000000000e+00
0.000000000000000000e+00
0.000000000000000000e+00
0.000000000000000000e+00
0.000000000000000000e+00
0.000000000000000000e+00
0.000000000000000000e+00
0.000000000000000000e+00
0.000000000000000000e+00
0.000000000000000000e+00
0.000000000000000000e+00
0.000000000000000000e+00
0.000000000000000000e+00
0.000000000000000000e+00
0.000000000000000000e+00
0.000000000000000000e+00
