-1.000000000000000000e+00
0.000000000000000000e+00
1.705422328303038415e-01
3.416336579831160680e-01
4.862470490999925565e-01
5.724911896871022199e-01
5.206034389192577549e-01
7.047002066231530248e-01
8.159675368823955388e-01
9.215135896675696880e-01
5.296602124742376683e-01
7.409183750920045330e-01
8.765898544062775688e-01
1.000000000000000000e+00
5.122254210253698314e-01
7.125533729790559656e-01
8.385719947557419562e-01
9.519228067375620217e-01
4.746942778161447607e-01
6.339335988630899754e-01
7.346731461480010550e-01
8.295681814368525142e-01
1.000000000000000000e+00
1.000000000000000000e+00
1.000000000000000000e+00
1.000000000000000000e+00
1.000000000000000000e+00
0.000000000000000000e+00
0.000000000000000000e+00
0.000000000000000000e+00
0.000000000000000000e+00
0.000000000000000000e+00
0.000000000000000000e+00
0.000000000000000000e+00
0.000000000000000000e+00
0.000000000000000000e+00
0.000000000000000000e+00
0.000000000000000000e+00
0.000000000000000000e+00
0.000000000000000000e+00
0.000000000000000000e+00
0.000000000000000000e+00
0.000000000000000000e+00
0.000000000000000000e+00
0.000000000000000000e+00
0.000000000000000000e+00
0.000000000000000000e+00
0.000000000000000000e+00
0.000000000000000000e+00
0.000000000000000000e+00
0.000000000000000000e+00
0.000000000000000000e+00
0.000000000000000000e+00
0.000000000000000000e+00
