-1.000000000000000000e+00
0.000000000000000000e+00
1.690111406738232236e-01
3.359698531007121458e-01
4.830295595585987756e-01
5.720028018832929995e-01
5.165841025725841362e-01
7.057076899206404796e-01
8.215537945337072490e-01
9.295288252815884222e-01
5.278122585810947065e-01
7.445954383469007842e-01
8.817851229186413065e-01
1.000000000000000000e+00
5.118258812447470385e-01
7.159950876167080480e-01
8.433448687911109243e-01
9.514846378407529892e-01
4.760285869073574427e-01
6.395781155202467927e-01
7.427370580821043289e-01
8.369987937344530726e-01
1.000000000000000000e+00
1.000000000000000000e+00
1.000000000000000000e+00
1.000000000000000000e+00
1.000000000000000000e+00
0.000000000000000000e+00
0.000000000000000000e+00
0.000000000000000000e+00
0.000000000000000000e+00
0.000000000000000000e+00
0.000000000000000000e+00
0.000000000000000000e+00
0.000000000000000000e+00
0.000000000000000000e+00
0.000000000000000000e+00
0.000000000000000000e+00
0.000000000000000000e+00
0.000000000000000000e+00
0.000000000000000000e+00
0.000000000000000000e+00
0.000000000000000000e+00
0.000000000000000000e+00
0.000000000000000000e+00
0.000000000000000000e+00
0.000000000000000000e+00
0.000000000000000000e+00
0.000000000000000000e+00
0.000000000000000000e+00
0.000000000000000000e+00
0.000000000000000000e+00
0.000000000000000000e+00
0.000000000000000000e+00
