-1.000000000000000000e+00
0.000000000000000000e+00
1.721467428795415699e-01
3.417338534049724208e-01
4.874393115610035632e-01
5.785727500717280369e-01
5.185696944629941685e-01
7.002740065901809086e-01
8.134665815461895599e-01
9.214949736471498287e-01
5.315881829863330355e-01
7.426651306673882624e-01
8.789264027221723730e-01
1.000000000000000000e+00
5.151472364969282847e-01
7.157884028151295652e-01
8.448811409238018433e-01
9.601776957018979264e-01
4.773337038919621689e-01
6.369134137037248955e-01
7.365177926682587861e-01
8.304590725604121815e-01
1.000000000000000000e+00
1.000000000000000000e+00
1.000000000000000000e+00
1.000000000000000000e+00
1.000000000000000000e+00
0.000000000000000000e+00
0.000000000000000000e+00
0.000000000000000000e+00
0.000000000000000000e+00
0.000000000000000000e+00
0.000000000000000000e+00
0.000000000000000000e+00
0.000000000000000000e+00
0.000000000000000000e+00
0.000000000000000000e+00
0.000000000000000000e+00
0.000000000000000000e+00
0.000000000000000000e+00
0.000000000000000000e+00
0.000000000000000000e+00
0.000000000000000000e+00
0.000000000000000000e+00
0.000000000000000000e+00
0.000000000000000000e+00
0.000000000000000000e+00
0.000000000000000000e+00
0.000000000000000000e+00
0.000000000000000000e+00
0.000000000000000000e+00
0.000000000000000000e+00
0.000000000000000000e+00
0.000000000000000000e+00
