-1.000000000000000000e+00
0.000000000000000000e+00
1.714291963101440275e-01
3.389551739012832132e-01
4.881546349717834077e-01
5.821437133441307310e-01
5.167810357616757777e-01
6.984230257984753720e-01
8.106346600425480275e-01
9.193099952008140230e-01
5.288918105073630027e-01
7.401780383752442072e-01
8.771441236427256483e-01
1.000000000000000000e+00
5.101792110912868328e-01
7.078955823315051799e-01
8.395880406453494205e-01
9.574138076302171063e-01
4.710086929135335332e-01
6.290930364131607222e-01
7.302916507928677303e-01
8.270010598159270865e-01
1.000000000000000000e+00
1.000000000000000000e+00
1.000000000000000000e+00
1.000000000000000000e+00
1.000000000000000000e+00
0.000000000000000000e+00
0.000000000000000000e+00
0.000000000000000000e+00
0.000000000000000000e+00
0.000000000000000000e+00
0.000000000000000000e+00
0.000000000000000000e+00
0.000000000000000000e+00
0.000000000000000000e+00
0.000000000000000000e+00
0.000000000000000000e+00
0.000000000000000000e+00
0.000000000000000000e+00
0.000000000000000000e+00
0.000000000000000000e+00
0.000000000000000000e+00
0.000000000000000000e+00
0.000000000000000000e+00
0.000000000000000000e+00
0.000000000000000000e+00
0.000000000000000000e+00
0.000000000000000000e+00
0.000000000000000000e+00
0.000000000000000000e+00
0.000000000000000000e+00
0.000000000000000000e+00
0.000000000000000000e+00
