-1.000000000000000000e+00
4.030283391475677490e-01
4.486440718173980713e-01
4.710215330123901367e-01
4.447830915451049805e-01
4.098024070262908936e-01
4.693869352340698242e-01
4.832611382007598877e-01
4.877213239669799805e-01
4.864696562290191650e-01
4.303717315196990967e-01
4.408062100410461426e-01
4.480174183845520020e-01
4.514304101467132568e-01
3.915999531745910645e-01
4.041037857532501221e-01
4.168608784675598145e-01
4.203790128231048584e-01
3.540153503417968750e-01
3.627096116542816162e-01
3.814472556114196777e-01
3.933697640895843506e-01
7.971083521842956543e-01
7.629959583282470703e-01
6.963863372802734375e-01
6.483975052833557129e-01
6.116113066673278809e-01
5.744406580924987793e-01
4.795203208923339844e-01
4.181893467903137207e-01
3.672355115413665771e-01
5.697677135467529297e-01
4.617402553558349609e-01
3.896231055259704590e-01
3.321243524551391602e-01
5.908810496330261230e-01
5.560126304626464844e-01
6.154187321662902832e-01
6.599766016006469727e-01
6.247947812080383301e-01
5.785809159278869629e-01
6.106066703796386719e-01
6.454986929893493652e-01
1.000000000000000000e+00
1.000000000000000000e+00
1.000000000000000000e+00
0.000000000000000000e+00
0.000000000000000000e+00
0.000000000000000000e+00
0.000000000000000000e+00
0.000000000000000000e+00
0.000000000000000000e+00
0.000000000000000000e+00
0.000000000000000000e+00
0.000000000000000000e+00
0.000000000000000000e+00
0.000000000000000000e+00
0.000000000000000000e+00
0.000000000000000000e+00
0.000000000000000000e+00
0.000000000000000000e+00
0.000000000000000000e+00
0.000000000000000000e+00
0.000000000000000000e+00
0.000000000000000000e+00
0.000000000000000000e+00
0.000000000000000000e+00
0.000000000000000000e+00
0.000000000000000000e+00
0.000000000000000000e+00
0.000000000000000000e+00
0.000000000000000000e+00
0.000000000000000000e+00
0.000000000000000000e+00
0.000000000000000000e+00
0.000000000000000000e+00
0.000000000000000000e+00
0.000000000000000000e+00
0.000000000000000000e+00
0.000000000000000000e+00
0.000000000000000000e+00
0.000000000000000000e+00
0.000000000000000000e+00
0.000000000000000000e+00
0.000000000000000000e+00
0.000000000000000000e+00
0.000000000000000000e+00
0.000000000000000000e+00
0.000000000000000000e+00
0.000000000000000000e+00
0.000000000000000000e+00
0.000000000000000000e+00
0.000000000000000000e+00
0.000000000000000000e+00
0.000000000000000000e+00
0.000000000000000000e+00
