-1.000000000000000000e+00
4.228181838989257812e-01
4.719387292861938477e-01
5.205264687538146973e-01
5.240575671195983887e-01
5.113597512245178223e-01
5.576308369636535645e-01
6.065222620964050293e-01
6.343913674354553223e-01
6.555749177932739258e-01
5.278660058975219727e-01
5.780941247940063477e-01
6.093133687973022461e-01
6.309835910797119141e-01
4.902533292770385742e-01
5.174739956855773926e-01
5.054068565368652344e-01
4.898078739643096924e-01
4.481918811798095703e-01
4.789289832115173340e-01
4.793876409530639648e-01
4.705961048603057861e-01
7.166718840599060059e-01
7.174155116081237793e-01
6.790364384651184082e-01
6.082280278205871582e-01
5.453242063522338867e-01
5.718524456024169922e-01
4.988712966442108154e-01
4.494636654853820801e-01
4.063980579376220703e-01
5.440130233764648438e-01
4.625124931335449219e-01
4.091142117977142334e-01
3.684562444686889648e-01
5.343626737594604492e-01
5.126951336860656738e-01
5.714274048805236816e-01
6.129911541938781738e-01
5.349942445755004883e-01
5.099169015884399414e-01
5.588926672935485840e-01
6.015676259994506836e-01
1.000000000000000000e+00
1.000000000000000000e+00
1.000000000000000000e+00
0.000000000000000000e+00
0.000000000000000000e+00
0.000000000000000000e+00
0.000000000000000000e+00
0.000000000000000000e+00
0.000000000000000000e+00
0.000000000000000000e+00
0.000000000000000000e+00
0.000000000000000000e+00
0.000000000000000000e+00
0.000000000000000000e+00
0.000000000000000000e+00
0.000000000000000000e+00
0.000000000000000000e+00
0.000000000000000000e+00
0.000000000000000000e+00
0.000000000000000000e+00
0.000000000000000000e+00
0.000000000000000000e+00
0.000000000000000000e+00
0.000000000000000000e+00
0.000000000000000000e+00
0.000000000000000000e+00
0.000000000000000000e+00
0.000000000000000000e+00
0.000000000000000000e+00
0.000000000000000000e+00
0.000000000000000000e+00
0.000000000000000000e+00
0.000000000000000000e+00
0.000000000000000000e+00
0.000000000000000000e+00
0.000000000000000000e+00
0.000000000000000000e+00
0.000000000000000000e+00
0.000000000000000000e+00
0.000000000000000000e+00
0.000000000000000000e+00
0.000000000000000000e+00
0.000000000000000000e+00
0.000000000000000000e+00
0.000000000000000000e+00
0.000000000000000000e+00
0.000000000000000000e+00
0.000000000000000000e+00
0.000000000000000000e+00
0.000000000000000000e+00
0.000000000000000000e+00
0.000000000000000000e+00
0.000000000000000000e+00
