1.000000000000000000e+00
4.030720591545104980e-01
4.334940612316131592e-01
4.300997853279113770e-01
3.882860541343688965e-01
3.434315323829650879e-01
3.759903311729431152e-01
3.413465619087219238e-01
3.141992986202239990e-01
2.890802323818206787e-01
3.413366377353668213e-01
3.007948398590087891e-01
2.732725143432617188e-01
2.515383362770080566e-01
3.177571892738342285e-01
3.081745505332946777e-01
3.391509354114532471e-01
3.593983948230743408e-01
3.002401590347290039e-01
2.872510254383087158e-01
3.155534863471984863e-01
3.390381038188934326e-01
7.709054350852966309e-01
7.105747461318969727e-01
6.426177024841308594e-01
6.176645755767822266e-01
6.104797720909118652e-01
5.303651094436645508e-01
4.488072097301483154e-01
3.988593220710754395e-01
3.590427637100219727e-01
5.556450486183166504e-01
4.648662507534027100e-01
4.022103548049926758e-01
3.523451089859008789e-01
6.014810800552368164e-01
5.667711496353149414e-01
6.094019412994384766e-01
6.432795524597167969e-01
6.576910614967346191e-01
6.173347830772399902e-01
6.380206346511840820e-01
6.619395017623901367e-01
1.000000000000000000e+00
1.000000000000000000e+00
1.000000000000000000e+00
0.000000000000000000e+00
0.000000000000000000e+00
0.000000000000000000e+00
0.000000000000000000e+00
0.000000000000000000e+00
0.000000000000000000e+00
0.000000000000000000e+00
0.000000000000000000e+00
0.000000000000000000e+00
0.000000000000000000e+00
0.000000000000000000e+00
0.000000000000000000e+00
0.000000000000000000e+00
0.000000000000000000e+00
0.000000000000000000e+00
0.000000000000000000e+00
0.000000000000000000e+00
0.000000000000000000e+00
0.000000000000000000e+00
0.000000000000000000e+00
0.000000000000000000e+00
0.000000000000000000e+00
0.000000000000000000e+00
0.000000000000000000e+00
0.000000000000000000e+00
0.000000000000000000e+00
0.000000000000000000e+00
0.000000000000000000e+00
0.000000000000000000e+00
0.000000000000000000e+00
0.000000000000000000e+00
0.000000000000000000e+00
0.000000000000000000e+00
0.000000000000000000e+00
0.000000000000000000e+00
0.000000000000000000e+00
0.000000000000000000e+00
0.000000000000000000e+00
0.000000000000000000e+00
0.000000000000000000e+00
0.000000000000000000e+00
0.000000000000000000e+00
0.000000000000000000e+00
0.000000000000000000e+00
0.000000000000000000e+00
0.000000000000000000e+00
0.000000000000000000e+00
0.000000000000000000e+00
0.000000000000000000e+00
0.000000000000000000e+00
