1.000000000000000000e+00
3.881400227546691895e-01
4.224537909030914307e-01
4.306972026824951172e-01
3.930677473545074463e-01
3.497334420680999756e-01
3.861297667026519775e-01
3.625075221061706543e-01
3.442818522453308105e-01
3.256331086158752441e-01
3.485370576381683350e-01
3.214613497257232666e-01
3.005701601505279541e-01
2.830540537834167480e-01
3.190711438655853271e-01
3.158371448516845703e-01
3.417916893959045410e-01
3.597387671470642090e-01
2.941297590732574463e-01
2.955760359764099121e-01
3.196280002593994141e-01
3.380074203014373779e-01
7.691189050674438477e-01
7.152817249298095703e-01
6.433237791061401367e-01
6.111662387847900391e-01
5.939182043075561523e-01
5.315403342247009277e-01
4.476812779903411865e-01
3.984388411045074463e-01
3.585091233253479004e-01
5.449943542480468750e-01
4.502731561660766602e-01
3.901018202304840088e-01
3.418069481849670410e-01
5.798710584640502930e-01
5.551492571830749512e-01
6.054182052612304688e-01
6.408393383026123047e-01
6.248775720596313477e-01
6.056761741638183594e-01
6.346006989479064941e-01
6.569000482559204102e-01
1.000000000000000000e+00
1.000000000000000000e+00
1.000000000000000000e+00
0.000000000000000000e+00
0.000000000000000000e+00
0.000000000000000000e+00
0.000000000000000000e+00
0.000000000000000000e+00
0.000000000000000000e+00
0.000000000000000000e+00
0.000000000000000000e+00
0.000000000000000000e+00
0.000000000000000000e+00
0.000000000000000000e+00
0.000000000000000000e+00
0.000000000000000000e+00
0.000000000000000000e+00
0.000000000000000000e+00
0.000000000000000000e+00
0.000000000000000000e+00
0.000000000000000000e+00
0.000000000000000000e+00
0.000000000000000000e+00
0.000000000000000000e+00
0.000000000000000000e+00
0.000000000000000000e+00
0.000000000000000000e+00
0.000000000000000000e+00
0.000000000000000000e+00
0.000000000000000000e+00
0.000000000000000000e+00
0.000000000000000000e+00
0.000000000000000000e+00
0.000000000000000000e+00
0.000000000000000000e+00
0.000000000000000000e+00
0.000000000000000000e+00
0.000000000000000000e+00
0.000000000000000000e+00
0.000000000000000000e+00
0.000000000000000000e+00
0.000000000000000000e+00
0.000000000000000000e+00
0.000000000000000000e+00
0.000000000000000000e+00
0.000000000000000000e+00
0.000000000000000000e+00
0.000000000000000000e+00
0.000000000000000000e+00
0.000000000000000000e+00
0.000000000000000000e+00
0.000000000000000000e+00
0.000000000000000000e+00
