-1.000000000000000000e+00
3.864830434322357178e-01
4.298679530620574951e-01
4.559666812419891357e-01
4.378712773323059082e-01
4.125167131423950195e-01
4.599889516830444336e-01
4.732674956321716309e-01
4.777329564094543457e-01
4.763419032096862793e-01
4.237123429775238037e-01
4.370505213737487793e-01
4.453528821468353271e-01
4.492181539535522461e-01
3.865069746971130371e-01
3.941489458084106445e-01
4.015242159366607666e-01
4.038980305194854736e-01
3.494155406951904297e-01
3.590521514415740967e-01
3.735032081604003906e-01
3.831700980663299561e-01
7.112101316452026367e-01
6.848196983337402344e-01
6.307386755943298340e-01
5.818657279014587402e-01
5.391756296157836914e-01
5.073432326316833496e-01
4.159476757049560547e-01
3.562923073768615723e-01
3.053980171680450439e-01
4.999743700027465820e-01
3.966706395149230957e-01
3.270577490329742432e-01
2.710262537002563477e-01
5.160747170448303223e-01
4.889889657497406006e-01
5.378422737121582031e-01
5.730748176574707031e-01
5.430920124053955078e-01
5.139109492301940918e-01
5.413957834243774414e-01
5.659314990043640137e-01
1.000000000000000000e+00
1.000000000000000000e+00
1.000000000000000000e+00
0.000000000000000000e+00
0.000000000000000000e+00
0.000000000000000000e+00
0.000000000000000000e+00
0.000000000000000000e+00
0.000000000000000000e+00
0.000000000000000000e+00
0.000000000000000000e+00
0.000000000000000000e+00
0.000000000000000000e+00
0.000000000000000000e+00
0.000000000000000000e+00
0.000000000000000000e+00
0.000000000000000000e+00
0.000000000000000000e+00
0.000000000000000000e+00
0.000000000000000000e+00
0.000000000000000000e+00
0.000000000000000000e+00
0.000000000000000000e+00
0.000000000000000000e+00
0.000000000000000000e+00
0.000000000000000000e+00
0.000000000000000000e+00
0.000000000000000000e+00
0.000000000000000000e+00
0.000000000000000000e+00
0.000000000000000000e+00
0.000000000000000000e+00
0.000000000000000000e+00
0.000000000000000000e+00
0.000000000000000000e+00
0.000000000000000000e+00
0.000000000000000000e+00
0.000000000000000000e+00
0.000000000000000000e+00
0.000000000000000000e+00
0.000000000000000000e+00
0.000000000000000000e+00
0.000000000000000000e+00
0.000000000000000000e+00
0.000000000000000000e+00
0.000000000000000000e+00
0.000000000000000000e+00
0.000000000000000000e+00
0.000000000000000000e+00
0.000000000000000000e+00
0.000000000000000000e+00
0.000000000000000000e+00
0.000000000000000000e+00
