-1.000000000000000000e+00
4.031880795955657959e-01
4.436131119728088379e-01
4.646130502223968506e-01
4.481899142265319824e-01
4.175969958305358887e-01
4.469114840030670166e-01
4.536094665527343750e-01
4.510342776775360107e-01
4.447697401046752930e-01
4.154340922832489014e-01
4.201807379722595215e-01
4.211753308773040771e-01
4.180369973182678223e-01
3.838851451873779297e-01
3.937510848045349121e-01
4.088231921195983887e-01
4.140066504478454590e-01
3.536581397056579590e-01
3.672353625297546387e-01
3.839566111564636230e-01
3.911629915237426758e-01
7.127184867858886719e-01
6.748189926147460938e-01
6.076149344444274902e-01
5.522170662879943848e-01
5.183252096176147461e-01
5.129798650741577148e-01
4.308486878871917725e-01
3.806039094924926758e-01
3.383807539939880371e-01
5.105774402618408203e-01
4.177683591842651367e-01
3.581694066524505615e-01
3.118398189544677734e-01
5.260239243507385254e-01
4.839495122432708740e-01
5.369552969932556152e-01
5.803796052932739258e-01
5.507200360298156738e-01
5.058025717735290527e-01
5.357390046119689941e-01
5.707241296768188477e-01
1.000000000000000000e+00
1.000000000000000000e+00
1.000000000000000000e+00
0.000000000000000000e+00
0.000000000000000000e+00
0.000000000000000000e+00
0.000000000000000000e+00
0.000000000000000000e+00
0.000000000000000000e+00
0.000000000000000000e+00
0.000000000000000000e+00
0.000000000000000000e+00
0.000000000000000000e+00
0.000000000000000000e+00
0.000000000000000000e+00
0.000000000000000000e+00
0.000000000000000000e+00
0.000000000000000000e+00
0.000000000000000000e+00
0.000000000000000000e+00
0.000000000000000000e+00
0.000000000000000000e+00
0.000000000000000000e+00
0.000000000000000000e+00
0.000000000000000000e+00
0.000000000000000000e+00
0.000000000000000000e+00
0.000000000000000000e+00
0.000000000000000000e+00
0.000000000000000000e+00
0.000000000000000000e+00
0.000000000000000000e+00
0.000000000000000000e+00
0.000000000000000000e+00
0.000000000000000000e+00
0.000000000000000000e+00
0.000000000000000000e+00
0.000000000000000000e+00
0.000000000000000000e+00
0.000000000000000000e+00
0.000000000000000000e+00
0.000000000000000000e+00
0.000000000000000000e+00
0.000000000000000000e+00
0.000000000000000000e+00
0.000000000000000000e+00
0.000000000000000000e+00
0.000000000000000000e+00
0.000000000000000000e+00
0.000000000000000000e+00
0.000000000000000000e+00
0.000000000000000000e+00
0.000000000000000000e+00
