-1.000000000000000000e+00
2.832742035388946533e-01
3.011407256126403809e-01
3.486164808273315430e-01
3.798438906669616699e-01
3.708839416503906250e-01
3.972305059432983398e-01
4.817619323730468750e-01
4.651003777980804443e-01
4.353460669517517090e-01
4.153664112091064453e-01
4.944218993186950684e-01
4.689089655876159668e-01
4.338901042938232422e-01
4.270631670951843262e-01
4.916101396083831787e-01
4.663981795310974121e-01
4.325558543205261230e-01
4.324911832809448242e-01
4.649527668952941895e-01
4.409410953521728516e-01
4.171540737152099609e-01
7.126196622848510742e-01
5.993276238441467285e-01
4.915995001792907715e-01
4.102955162525177002e-01
3.436015844345092773e-01
4.854705035686492920e-01
5.209491252899169922e-01
5.530520081520080566e-01
5.567768812179565430e-01
5.570141673088073730e-01
5.844434499740600586e-01
6.084544658660888672e-01
6.106115579605102539e-01
6.362824440002441406e-01
6.529978513717651367e-01
6.667071580886840820e-01
6.677749752998352051e-01
7.106161117553710938e-01
7.138246893882751465e-01
7.217542529106140137e-01
7.206341028213500977e-01
1.000000000000000000e+00
0.000000000000000000e+00
0.000000000000000000e+00
0.000000000000000000e+00
0.000000000000000000e+00
1.000000000000000000e+00
7.865816354751586914e-01
7.531167268753051758e-01
7.019594907760620117e-01
6.723440885543823242e-01
6.713796854019165039e-01
6.437178254127502441e-01
5.581839680671691895e-01
5.821853876113891602e-01
6.166058182716369629e-01
6.417071223258972168e-01
5.555002689361572266e-01
5.831364393234252930e-01
6.184709668159484863e-01
6.444474458694458008e-01
5.693110227584838867e-01
5.974854230880737305e-01
6.313359737396240234e-01
6.512351632118225098e-01
5.952063798904418945e-01
6.234816312789916992e-01
6.533567309379577637e-01
6.558784246444702148e-01
5.442995429039001465e-01
4.424231052398681641e-01
3.542620539665222168e-01
2.768178582191467285e-01
4.631699621677398682e-01
5.049006342887878418e-01
5.271720886230468750e-01
5.237210988998413086e-01
5.384351611137390137e-01
5.732839107513427734e-01
5.894157886505126953e-01
5.833884477615356445e-01
6.143937706947326660e-01
6.386314034461975098e-01
6.486756801605224609e-01
6.414547562599182129e-01
6.872361898422241211e-01
7.002308964729309082e-01
7.023704051971435547e-01
6.954116225242614746e-01
1.000000000000000000e+00
0.000000000000000000e+00
0.000000000000000000e+00
0.000000000000000000e+00
1.000000000000000000e+00
