-1.000000000000000000e+00
3.229909241199493408e-01
3.393019139766693115e-01
3.785484433174133301e-01
4.030911922454833984e-01
3.924793601036071777e-01
4.333628416061401367e-01
4.956824183464050293e-01
4.780481159687042236e-01
4.509815275669097900e-01
4.489572644233703613e-01
5.042626261711120605e-01
4.838013648986816406e-01
4.546060860157012939e-01
4.571004807949066162e-01
5.001538395881652832e-01
4.809823632240295410e-01
4.529610872268676758e-01
4.583043158054351807e-01
4.803749322891235352e-01
4.609357118606567383e-01
4.394575357437133789e-01
7.761238813400268555e-01
6.805047988891601562e-01
5.852384567260742188e-01
5.118979811668395996e-01
4.566808342933654785e-01
5.820548534393310547e-01
6.147522330284118652e-01
6.420365571975708008e-01
6.420031785964965820e-01
6.397849917411804199e-01
6.700206995010375977e-01
6.925268769264221191e-01
6.917560696601867676e-01
7.046445012092590332e-01
7.284885644912719727e-01
7.434408664703369141e-01
7.415367960929870605e-01
7.680947780609130859e-01
7.811255455017089844e-01
7.889429330825805664e-01
7.864354252815246582e-01
1.000000000000000000e+00
0.000000000000000000e+00
0.000000000000000000e+00
0.000000000000000000e+00
0.000000000000000000e+00
1.000000000000000000e+00
7.750296592712402344e-01
7.456393241882324219e-01
7.031666636466979980e-01
6.800945401191711426e-01
6.763657927513122559e-01
6.510038971900939941e-01
5.813591480255126953e-01
6.039502024650573730e-01
6.319710612297058105e-01
6.480599641799926758e-01
5.784255266189575195e-01
6.021270751953125000e-01
6.323323845863342285e-01
6.480566263198852539e-01
5.880478620529174805e-01
6.086731553077697754e-01
6.372040510177612305e-01
6.499217748641967773e-01
6.003775000572204590e-01
6.211464405059814453e-01
6.469910144805908203e-01
7.179547548294067383e-01
6.198561191558837891e-01
5.293036103248596191e-01
4.524536132812500000e-01
3.894755542278289795e-01
5.596940517425537109e-01
5.841451287269592285e-01
5.955854654312133789e-01
5.938278436660766602e-01
6.276344656944274902e-01
6.419306993484497070e-01
6.524618864059448242e-01
6.525700092315673828e-01
6.939366459846496582e-01
6.985632181167602539e-01
7.050926089286804199e-01
7.057706117630004883e-01
7.569155693054199219e-01
7.558280825614929199e-01
7.590022087097167969e-01
7.607575654983520508e-01
1.000000000000000000e+00
0.000000000000000000e+00
0.000000000000000000e+00
0.000000000000000000e+00
0.000000000000000000e+00
