-1.000000000000000000e+00
2.331214696168899536e-01
2.398078739643096924e-01
2.802178263664245605e-01
3.051078319549560547e-01
2.967184782028198242e-01
3.245539963245391846e-01
4.222216606140136719e-01
3.948342502117156982e-01
3.591343462467193604e-01
3.460080027580261230e-01
4.314958453178405762e-01
4.047082960605621338e-01
3.720504641532897949e-01
3.638290166854858398e-01
4.323193430900573730e-01
4.083821177482604980e-01
3.787247240543365479e-01
3.790749013423919678e-01
4.314697086811065674e-01
4.071743786334991455e-01
3.815422654151916504e-01
8.327459692955017090e-01
7.126641869544982910e-01
5.970646142959594727e-01
5.082740187644958496e-01
4.365391135215759277e-01
6.314705014228820801e-01
6.120619773864746094e-01
6.239586472511291504e-01
6.355856657028198242e-01
7.087401747703552246e-01
6.753219366073608398e-01
6.795328855514526367e-01
6.948853135108947754e-01
7.764998078346252441e-01
7.354284524917602539e-01
7.379937767982482910e-01
7.532154917716979980e-01
8.313930630683898926e-01
7.808308005332946777e-01
7.847498655319213867e-01
8.013829588890075684e-01
1.000000000000000000e+00
0.000000000000000000e+00
0.000000000000000000e+00
0.000000000000000000e+00
0.000000000000000000e+00
1.000000000000000000e+00
7.620344161987304688e-01
7.440124750137329102e-01
7.025163173675537109e-01
6.687764525413513184e-01
6.484492421150207520e-01
6.194247007369995117e-01
5.344517827033996582e-01
5.691972970962524414e-01
6.081261634826660156e-01
6.083965301513671875e-01
5.358402729034423828e-01
5.683676600456237793e-01
6.034122705459594727e-01
6.057264208793640137e-01
5.469778180122375488e-01
5.725252628326416016e-01
6.015864014625549316e-01
6.076829433441162109e-01
5.602148771286010742e-01
5.840530991554260254e-01
6.097351908683776855e-01
7.534143924713134766e-01
6.289153695106506348e-01
5.219180583953857422e-01
4.302255511283874512e-01
3.557563126087188721e-01
5.781416893005371094e-01
5.617479085922241211e-01
5.650817155838012695e-01
5.792549848556518555e-01
6.599001884460449219e-01
6.338546872138977051e-01
6.318347454071044922e-01
6.414157748222351074e-01
7.337063550949096680e-01
7.004331350326538086e-01
7.005862593650817871e-01
7.097377777099609375e-01
7.960082292556762695e-01
7.571932077407836914e-01
7.573002576828002930e-01
7.684364318847656250e-01
1.000000000000000000e+00
0.000000000000000000e+00
0.000000000000000000e+00
0.000000000000000000e+00
0.000000000000000000e+00
