-1.000000000000000000e+00
0.000000000000000000e+00
2.375252649500209368e-01
4.709154838768229157e-01
6.773388996529601247e-01
8.253998681925085457e-01
6.069779747043955176e-01
7.241044920331974888e-01
5.585499523548659306e-01
4.902976913068096687e-01
5.886028396039886257e-01
6.902854423469455547e-01
4.873032395404760519e-01
4.423459573531545175e-01
5.617969160540138285e-01
6.601299485602916128e-01
4.780287578834216400e-01
3.973003596179964791e-01
5.428531949384040045e-01
7.460202875953078072e-01
8.655450037829854892e-01
1.000000000000000000e+00
0.000000000000000000e+00
0.000000000000000000e+00
0.000000000000000000e+00
0.000000000000000000e+00
1.000000000000000000e+00
0.000000000000000000e+00
0.000000000000000000e+00
0.000000000000000000e+00
0.000000000000000000e+00
0.000000000000000000e+00
0.000000000000000000e+00
0.000000000000000000e+00
0.000000000000000000e+00
0.000000000000000000e+00
0.000000000000000000e+00
0.000000000000000000e+00
0.000000000000000000e+00
0.000000000000000000e+00
0.000000000000000000e+00
0.000000000000000000e+00
0.000000000000000000e+00
0.000000000000000000e+00
0.000000000000000000e+00
0.000000000000000000e+00
0.000000000000000000e+00
0.000000000000000000e+00
0.000000000000000000e+00
0.000000000000000000e+00
0.000000000000000000e+00
0.000000000000000000e+00
0.000000000000000000e+00
0.000000000000000000e+00
