-1.000000000000000000e+00
0.000000000000000000e+00
2.211736569174636013e-01
4.578120184570216855e-01
6.714458202848382351e-01
8.175517792582216448e-01
5.748902831638258437e-01
6.938503720675005537e-01
5.090367923566807562e-01
4.246351908578749335e-01
5.539509716838658671e-01
6.497366428586965892e-01
4.370931021775140146e-01
3.858866816863248950e-01
5.284227703709598600e-01
6.246258130215894822e-01
4.411728612036451280e-01
3.576964957905553466e-01
5.157873263900604188e-01
7.253922005380807336e-01
8.566381701645402469e-01
1.000000000000000000e+00
0.000000000000000000e+00
0.000000000000000000e+00
0.000000000000000000e+00
0.000000000000000000e+00
1.000000000000000000e+00
0.000000000000000000e+00
0.000000000000000000e+00
0.000000000000000000e+00
0.000000000000000000e+00
0.000000000000000000e+00
0.000000000000000000e+00
0.000000000000000000e+00
0.000000000000000000e+00
0.000000000000000000e+00
0.000000000000000000e+00
0.000000000000000000e+00
0.000000000000000000e+00
0.000000000000000000e+00
0.000000000000000000e+00
0.000000000000000000e+00
0.000000000000000000e+00
0.000000000000000000e+00
0.000000000000000000e+00
0.000000000000000000e+00
0.000000000000000000e+00
0.000000000000000000e+00
0.000000000000000000e+00
0.000000000000000000e+00
0.000000000000000000e+00
0.000000000000000000e+00
0.000000000000000000e+00
0.000000000000000000e+00
