-1.000000000000000000e+00
0.000000000000000000e+00
1.879215086223509912e-01
3.863939589404032926e-01
5.381393487273192777e-01
5.917461411414800532e-01
5.132035975579948284e-01
6.398778861149473363e-01
4.805025822016560921e-01
4.262125216810189188e-01
5.112402664612516467e-01
6.162901126127671159e-01
4.198774448723330832e-01
3.950789676849321697e-01
5.081527076148631972e-01
6.215191094627497970e-01
4.367949385875873336e-01
3.683194400762485610e-01
5.210947979735455204e-01
7.338346927864749514e-01
8.542524384531686721e-01
1.000000000000000000e+00
1.000000000000000000e+00
0.000000000000000000e+00
0.000000000000000000e+00
0.000000000000000000e+00
1.000000000000000000e+00
0.000000000000000000e+00
0.000000000000000000e+00
0.000000000000000000e+00
0.000000000000000000e+00
0.000000000000000000e+00
0.000000000000000000e+00
0.000000000000000000e+00
0.000000000000000000e+00
0.000000000000000000e+00
0.000000000000000000e+00
0.000000000000000000e+00
0.000000000000000000e+00
0.000000000000000000e+00
0.000000000000000000e+00
0.000000000000000000e+00
0.000000000000000000e+00
0.000000000000000000e+00
0.000000000000000000e+00
0.000000000000000000e+00
0.000000000000000000e+00
0.000000000000000000e+00
0.000000000000000000e+00
0.000000000000000000e+00
0.000000000000000000e+00
0.000000000000000000e+00
0.000000000000000000e+00
0.000000000000000000e+00
