-1.000000000000000000e+00
0.000000000000000000e+00
1.854045148705227852e-01
3.836042980010263559e-01
5.387285301224435941e-01
5.890260207542478144e-01
5.097461009907613416e-01
6.366226743792257059e-01
4.792490524037664734e-01
4.246100483024454197e-01
5.080669954772375485e-01
6.178674539101384200e-01
4.239404758011816043e-01
4.012670473616207212e-01
5.022414874421649023e-01
6.108569953381186579e-01
4.227709386127219693e-01
3.518931052877318777e-01
5.147199718287585046e-01
7.290322938294563349e-01
8.532327761461548921e-01
1.000000000000000000e+00
1.000000000000000000e+00
0.000000000000000000e+00
0.000000000000000000e+00
0.000000000000000000e+00
1.000000000000000000e+00
0.000000000000000000e+00
0.000000000000000000e+00
0.000000000000000000e+00
0.000000000000000000e+00
0.000000000000000000e+00
0.000000000000000000e+00
0.000000000000000000e+00
0.000000000000000000e+00
0.000000000000000000e+00
0.000000000000000000e+00
0.000000000000000000e+00
0.000000000000000000e+00
0.000000000000000000e+00
0.000000000000000000e+00
0.000000000000000000e+00
0.000000000000000000e+00
0.000000000000000000e+00
0.000000000000000000e+00
0.000000000000000000e+00
0.000000000000000000e+00
0.000000000000000000e+00
0.000000000000000000e+00
0.000000000000000000e+00
0.000000000000000000e+00
0.000000000000000000e+00
0.000000000000000000e+00
0.000000000000000000e+00
