1.000000000000000000e+00
2.196671962738037109e-01
2.162020504474639893e-01
1.962071955204010010e-01
1.761637032032012939e-01
1.894290149211883545e-01
9.830266237258911133e-02
4.038395732641220093e-02
9.545558691024780273e-02
1.237383410334587097e-01
8.281458914279937744e-02
2.740037441253662109e-02
9.715671837329864502e-02
1.113587319850921631e-01
7.454172521829605103e-02
2.353241294622421265e-02
8.630613982677459717e-02
1.069610640406608582e-01
7.096925377845764160e-02
3.768208622932434082e-02
8.278124034404754639e-02
1.068737655878067017e-01
8.539283871650695801e-01
7.512667775154113770e-01
6.556568741798400879e-01
5.731419324874877930e-01
5.150294899940490723e-01
6.703190803527832031e-01
6.834655404090881348e-01
7.065023779869079590e-01
6.962133646011352539e-01
7.356802225112915039e-01
7.475796937942504883e-01
7.668637037277221680e-01
7.446361184120178223e-01
7.937467098236083984e-01
8.028060793876647949e-01
8.134701848030090332e-01
7.931131720542907715e-01
8.493703603744506836e-01
8.650181889533996582e-01
8.617326021194458008e-01
8.434473276138305664e-01
0.000000000000000000e+00
0.000000000000000000e+00
1.000000000000000000e+00
1.000000000000000000e+00
1.000000000000000000e+00
0.000000000000000000e+00
0.000000000000000000e+00
0.000000000000000000e+00
0.000000000000000000e+00
0.000000000000000000e+00
0.000000000000000000e+00
0.000000000000000000e+00
0.000000000000000000e+00
0.000000000000000000e+00
0.000000000000000000e+00
0.000000000000000000e+00
0.000000000000000000e+00
0.000000000000000000e+00
0.000000000000000000e+00
0.000000000000000000e+00
0.000000000000000000e+00
0.000000000000000000e+00
0.000000000000000000e+00
0.000000000000000000e+00
0.000000000000000000e+00
0.000000000000000000e+00
0.000000000000000000e+00
0.000000000000000000e+00
0.000000000000000000e+00
0.000000000000000000e+00
0.000000000000000000e+00
0.000000000000000000e+00
0.000000000000000000e+00
0.000000000000000000e+00
0.000000000000000000e+00
0.000000000000000000e+00
0.000000000000000000e+00
0.000000000000000000e+00
0.000000000000000000e+00
0.000000000000000000e+00
0.000000000000000000e+00
0.000000000000000000e+00
0.000000000000000000e+00
0.000000000000000000e+00
0.000000000000000000e+00
0.000000000000000000e+00
0.000000000000000000e+00
0.000000000000000000e+00
0.000000000000000000e+00
0.000000000000000000e+00
0.000000000000000000e+00
0.000000000000000000e+00
0.000000000000000000e+00
