1.000000000000000000e+00
3.335770070552825928e-01
3.400618433952331543e-01
3.156462609767913818e-01
2.985488176345825195e-01
2.992917895317077637e-01
2.031648606061935425e-01
1.964607238769531250e-01
2.383269071578979492e-01
2.453709542751312256e-01
1.768968999385833740e-01
1.697005033493041992e-01
2.230733036994934082e-01
2.248481512069702148e-01
1.666097044944763184e-01
1.615555584430694580e-01
2.102891653776168823e-01
2.115140557289123535e-01
1.680785566568374634e-01
1.641053557395935059e-01
2.003182917833328247e-01
2.071734815835952759e-01
8.803402185440063477e-01
7.942819595336914062e-01
6.990017890930175781e-01
6.196764707565307617e-01
5.575451254844665527e-01
7.038488388061523438e-01
6.797723174095153809e-01
7.100664377212524414e-01
7.228211760520935059e-01
7.679948210716247559e-01
7.502403259277343750e-01
7.760761976242065430e-01
7.806749343872070312e-01
8.334585428237915039e-01
8.210540413856506348e-01
8.369274139404296875e-01
8.383598923683166504e-01
8.941663503646850586e-01
8.868674635887145996e-01
8.914234042167663574e-01
8.904863595962524414e-01
0.000000000000000000e+00
0.000000000000000000e+00
0.000000000000000000e+00
0.000000000000000000e+00
0.000000000000000000e+00
0.000000000000000000e+00
0.000000000000000000e+00
0.000000000000000000e+00
0.000000000000000000e+00
0.000000000000000000e+00
0.000000000000000000e+00
0.000000000000000000e+00
0.000000000000000000e+00
0.000000000000000000e+00
0.000000000000000000e+00
0.000000000000000000e+00
0.000000000000000000e+00
0.000000000000000000e+00
0.000000000000000000e+00
0.000000000000000000e+00
0.000000000000000000e+00
0.000000000000000000e+00
0.000000000000000000e+00
0.000000000000000000e+00
0.000000000000000000e+00
0.000000000000000000e+00
0.000000000000000000e+00
0.000000000000000000e+00
0.000000000000000000e+00
0.000000000000000000e+00
0.000000000000000000e+00
0.000000000000000000e+00
0.000000000000000000e+00
0.000000000000000000e+00
0.000000000000000000e+00
0.000000000000000000e+00
0.000000000000000000e+00
0.000000000000000000e+00
0.000000000000000000e+00
0.000000000000000000e+00
0.000000000000000000e+00
0.000000000000000000e+00
0.000000000000000000e+00
0.000000000000000000e+00
0.000000000000000000e+00
0.000000000000000000e+00
0.000000000000000000e+00
0.000000000000000000e+00
0.000000000000000000e+00
0.000000000000000000e+00
0.000000000000000000e+00
0.000000000000000000e+00
0.000000000000000000e+00
