-1.000000000000000000e+00
0.000000000000000000e+00
1.247656744322361289e-01
2.605751990436126486e-01
3.439454844579792336e-01
3.756134644456901595e-01
4.865501677435114525e-01
6.757864962466056946e-01
7.965502462012686857e-01
9.020447104253341841e-01
5.175015332259894629e-01
7.373737861000199123e-01
8.798636872078615667e-01
1.000000000000000000e+00
4.991114346335938090e-01
6.927885916250026144e-01
8.253467604678308422e-01
9.384678295775156220e-01
4.474802801950209519e-01
5.971483090012715822e-01
6.981958193654903555e-01
7.899034028375806482e-01
1.000000000000000000e+00
1.000000000000000000e+00
1.000000000000000000e+00
1.000000000000000000e+00
1.000000000000000000e+00
1.000000000000000000e+00
0.000000000000000000e+00
1.568939036717829083e-01
3.200569442098724626e-01
4.511057747521919903e-01
5.479480880459353109e-01
5.042981282463787629e-01
6.963112653923634321e-01
8.123324638275198906e-01
9.178481687185501281e-01
5.258938731490127028e-01
7.456677278269636666e-01
8.801402131729333389e-01
1.000000000000000000e+00
5.158565348192507560e-01
7.199664417686720830e-01
8.428058303683148011e-01
9.554913289904388707e-01
4.858026469711284046e-01
6.486902354271266713e-01
7.543758701933660493e-01
8.581711261537622315e-01
1.000000000000000000e+00
1.000000000000000000e+00
1.000000000000000000e+00
1.000000000000000000e+00
1.000000000000000000e+00
