-1.000000000000000000e+00
0.000000000000000000e+00
1.237388538632009510e-01
2.639107531446543975e-01
3.455463782670925577e-01
3.740326595882177974e-01
4.893985739807999447e-01
6.793076726763140893e-01
8.007574320567866222e-01
9.052785047429188214e-01
5.206095114563367154e-01
7.382685742321967171e-01
8.814506332147854506e-01
1.000000000000000000e+00
5.019460574757714788e-01
6.991754714571755125e-01
8.328874148179229442e-01
9.465772162169940884e-01
4.475329490416766198e-01
5.927933921471897349e-01
6.940995359951818156e-01
7.869034925095664823e-01
1.000000000000000000e+00
1.000000000000000000e+00
1.000000000000000000e+00
1.000000000000000000e+00
1.000000000000000000e+00
1.000000000000000000e+00
0.000000000000000000e+00
1.614123988985372293e-01
3.238571774297398509e-01
4.519056309296436424e-01
5.499653639696719942e-01
5.006694265575915015e-01
6.924059870146717088e-01
8.093999330894176003e-01
9.164757334015182222e-01
5.219101747314428552e-01
7.418008358120484758e-01
8.776475131566117138e-01
1.000000000000000000e+00
5.121849405526461840e-01
7.137007169377328486e-01
8.374220720996132794e-01
9.517717355559747183e-01
4.830199239431378078e-01
6.442195566784391092e-01
7.495715429649697503e-01
8.531981239372203873e-01
1.000000000000000000e+00
1.000000000000000000e+00
1.000000000000000000e+00
1.000000000000000000e+00
1.000000000000000000e+00
