-1.000000000000000000e+00
0.000000000000000000e+00
1.218881034116829770e-01
2.606388458150445953e-01
3.446786595102881434e-01
3.796958638388637786e-01
4.845468478304678084e-01
6.743502476102875010e-01
7.963777160132452515e-01
9.008969062977253417e-01
5.164444807846599872e-01
7.388790410661671970e-01
8.818363938313564798e-01
1.000000000000000000e+00
4.988455924630299521e-01
6.950973151996043820e-01
8.278465073345441239e-01
9.410988929563182115e-01
4.474021456537176089e-01
5.939924055837713102e-01
6.948860125519917830e-01
7.883577286657474925e-01
1.000000000000000000e+00
1.000000000000000000e+00
1.000000000000000000e+00
1.000000000000000000e+00
1.000000000000000000e+00
1.000000000000000000e+00
0.000000000000000000e+00
1.578660141514456605e-01
3.205456920210771332e-01
4.501158825111550854e-01
5.474192025766929648e-01
4.970685351597294299e-01
6.886076146496701300e-01
8.054024140029264478e-01
9.122219855655491205e-01
5.185563459460993396e-01
7.392222682458857719e-01
8.766860828295574004e-01
1.000000000000000000e+00
5.076971418038924710e-01
7.110108834603815486e-01
8.359125972164752616e-01
9.510879663909431736e-01
4.780678305918710791e-01
6.402679040649329467e-01
7.464295045762303626e-01
8.511209311834883051e-01
1.000000000000000000e+00
1.000000000000000000e+00
1.000000000000000000e+00
1.000000000000000000e+00
1.000000000000000000e+00
