-1.000000000000000000e+00
0.000000000000000000e+00
1.196222489923930987e-01
2.535069403909541164e-01
3.399356097906328089e-01
3.828376927853902600e-01
4.834342777081139797e-01
6.728697740729093768e-01
7.948371565445935261e-01
8.994990301644693043e-01
5.145859701163172373e-01
7.387816266661217934e-01
8.815572362504505710e-01
1.000000000000000000e+00
4.968871027784402261e-01
6.939103707373144303e-01
8.284386188667622886e-01
9.438415051727595539e-01
4.464940736355376139e-01
5.934949744971943497e-01
6.942360882264808630e-01
7.884424044567923673e-01
1.000000000000000000e+00
1.000000000000000000e+00
1.000000000000000000e+00
1.000000000000000000e+00
1.000000000000000000e+00
1.000000000000000000e+00
0.000000000000000000e+00
1.582356236968434915e-01
3.200946018648757052e-01
4.508470297976140961e-01
5.494185070560093642e-01
4.962991371006579833e-01
6.894510513895774073e-01
8.072698150008473794e-01
9.154408009158261361e-01
5.179857391824375101e-01
7.377861554633116103e-01
8.757486955343209978e-01
1.000000000000000000e+00
5.084585282388601746e-01
7.118130102093157552e-01
8.366494667621255932e-01
9.521797217242399247e-01
4.806542964291432019e-01
6.421273101551060458e-01
7.483133971327498024e-01
8.533522926514266471e-01
1.000000000000000000e+00
1.000000000000000000e+00
1.000000000000000000e+00
1.000000000000000000e+00
1.000000000000000000e+00
