1.000000000000000000e+00
0.000000000000000000e+00
1.758385560485974386e-01
3.553294070705224073e-01
4.829260562991774530e-01
5.784648378544084979e-01
4.778036010272840306e-01
7.004507869400823372e-01
8.393072569325409349e-01
9.493559088752339115e-01
4.812311766514680289e-01
7.248369747717819944e-01
8.776919480352890490e-01
1.000000000000000000e+00
4.512693050174278464e-01
6.907032255923855057e-01
8.444853984821037995e-01
9.703687918980065108e-01
4.020531467283587346e-01
5.430563220264409408e-01
6.452513688977912221e-01
7.335691380762334735e-01
0.000000000000000000e+00
1.000000000000000000e+00
1.000000000000000000e+00
1.000000000000000000e+00
1.000000000000000000e+00
1.000000000000000000e+00
0.000000000000000000e+00
1.137973342036423113e-01
2.287832157456325677e-01
3.261930003191599869e-01
4.036360206046321064e-01
4.940815097086394547e-01
6.781111566389349532e-01
7.976884698689040709e-01
9.034397164912465472e-01
5.196750591647822937e-01
7.351875443589684922e-01
8.792830390261292539e-01
1.000000000000000000e+00
5.144822274415494778e-01
7.271476652424373466e-01
8.638739481293871147e-01
9.781061114328098993e-01
4.820952997719918365e-01
6.543428426919973839e-01
7.697157765391646755e-01
8.690415184698477846e-01
1.000000000000000000e+00
1.000000000000000000e+00
1.000000000000000000e+00
1.000000000000000000e+00
1.000000000000000000e+00
