-1.000000000000000000e+00
0.000000000000000000e+00
1.334812962371729472e-01
2.847044576221632317e-01
3.770491802981814633e-01
3.954269841855883039e-01
4.857923593341364477e-01
6.804283637234840310e-01
8.016151425488615700e-01
9.043384979456686734e-01
5.123734049322485884e-01
7.350417550500666364e-01
8.804451390061617255e-01
1.000000000000000000e+00
4.922743311452713044e-01
6.993905744497286303e-01
8.389548605071309728e-01
9.555538485909066404e-01
4.394220091345227286e-01
5.833045565545148525e-01
6.870213267812694813e-01
7.830673103050980188e-01
1.000000000000000000e+00
1.000000000000000000e+00
1.000000000000000000e+00
1.000000000000000000e+00
1.000000000000000000e+00
1.000000000000000000e+00
0.000000000000000000e+00
1.641634494852680370e-01
3.341648510637104108e-01
4.637954638731165979e-01
5.619764058495394510e-01
4.998736307591948314e-01
6.950777074249163690e-01
8.143474228721894193e-01
9.161973104429915749e-01
5.258697347268465050e-01
7.493731500619086328e-01
8.861248183632509656e-01
1.000000000000000000e+00
5.224481457525949057e-01
7.331099191975565255e-01
8.590572491037626879e-01
9.663098798476587037e-01
4.972191512143810388e-01
6.639453238339134700e-01
7.758314934426951970e-01
8.777335150350258353e-01
1.000000000000000000e+00
1.000000000000000000e+00
1.000000000000000000e+00
1.000000000000000000e+00
1.000000000000000000e+00
