-1.000000000000000000e+00
0.000000000000000000e+00
1.289352471750188078e-01
2.695951239184580239e-01
3.565661575971963426e-01
3.946019497391298758e-01
4.841050686139194981e-01
6.744314261837353053e-01
7.961889998145931235e-01
8.987443594183793794e-01
5.171303691070695541e-01
7.389023414224585862e-01
8.827148104595367029e-01
1.000000000000000000e+00
5.013358120640910576e-01
7.013676350600295262e-01
8.378081184227731404e-01
9.547901605705794159e-01
4.506484047622826838e-01
5.873197529972553621e-01
6.854912609193923867e-01
7.766894267382896677e-01
1.000000000000000000e+00
1.000000000000000000e+00
1.000000000000000000e+00
1.000000000000000000e+00
1.000000000000000000e+00
1.000000000000000000e+00
0.000000000000000000e+00
1.592846344067196940e-01
2.978765584327532356e-01
4.228093243262383560e-01
5.380845988911794331e-01
4.778398917357188913e-01
6.741757916818766905e-01
7.988683352205188104e-01
9.103847030975036336e-01
5.054800015828995186e-01
7.280716356884295859e-01
8.727863090994174566e-01
1.000000000000000000e+00
5.027715893059859775e-01
7.109406232084017896e-01
8.386956269966951982e-01
9.550669025745989194e-01
4.807401601236208077e-01
6.385165447203587918e-01
7.440016361217216545e-01
8.500231755115154053e-01
1.000000000000000000e+00
1.000000000000000000e+00
1.000000000000000000e+00
1.000000000000000000e+00
1.000000000000000000e+00
