-1.000000000000000000e+00
0.000000000000000000e+00
1.308054641516216976e-01
2.691094444163587007e-01
3.558370299679208260e-01
3.970716160493230062e-01
4.837094578113492194e-01
6.747184696368854206e-01
7.965356308164206478e-01
8.989163967994773241e-01
5.185230629019020876e-01
7.409432439523123692e-01
8.838682556098249599e-01
1.000000000000000000e+00
5.035516015228108655e-01
7.049171827451006234e-01
8.417292213096925213e-01
9.579599783379874056e-01
4.524537541267090179e-01
5.890028803037998806e-01
6.863952521479848023e-01
7.760644106183016699e-01
1.000000000000000000e+00
1.000000000000000000e+00
1.000000000000000000e+00
1.000000000000000000e+00
1.000000000000000000e+00
1.000000000000000000e+00
0.000000000000000000e+00
1.575833198208076158e-01
2.969024831936659670e-01
4.205096841587787626e-01
5.324152918213422847e-01
4.711877352637823813e-01
6.689886536928785210e-01
7.936884571266900057e-01
9.069419582492369569e-01
5.005876043736292580e-01
7.245104130051627234e-01
8.701463905863990878e-01
1.000000000000000000e+00
4.993642489890911529e-01
7.088893007356551479e-01
8.367251056313984581e-01
9.516132651707737145e-01
4.790112767422684548e-01
6.384920390725169481e-01
7.453183001363216098e-01
8.504912490891206600e-01
1.000000000000000000e+00
1.000000000000000000e+00
1.000000000000000000e+00
1.000000000000000000e+00
1.000000000000000000e+00
