-1.000000000000000000e+00
0.000000000000000000e+00
1.298360564107770843e-01
2.680317782823973261e-01
3.547949781048559958e-01
3.966750806454339418e-01
4.837097995575158071e-01
6.752876276173152004e-01
7.965143162415556644e-01
8.992394322471515267e-01
5.171112564615659712e-01
7.389764051854426086e-01
8.828513840195922890e-01
1.000000000000000000e+00
5.017740356040956140e-01
7.036745628965290766e-01
8.402924500838229172e-01
9.557932796024977140e-01
4.511057118083426909e-01
5.887934168681325797e-01
6.869463164241048636e-01
7.773928579333514444e-01
1.000000000000000000e+00
1.000000000000000000e+00
1.000000000000000000e+00
1.000000000000000000e+00
1.000000000000000000e+00
1.000000000000000000e+00
0.000000000000000000e+00
1.566557559019822188e-01
2.963985173877122792e-01
4.208020847489361005e-01
5.304339024575136508e-01
4.729959711007434287e-01
6.703935880465082819e-01
7.943299998711371712e-01
9.058326889191834486e-01
5.027312776782194570e-01
7.276289277770887631e-01
8.720814064026151113e-01
1.000000000000000000e+00
5.012349941516420770e-01
7.128241577865050971e-01
8.415197800950336982e-01
9.564732852687488629e-01
4.792485351908897795e-01
6.419241265933106622e-01
7.492064871686401339e-01
8.527030507319514063e-01
1.000000000000000000e+00
1.000000000000000000e+00
1.000000000000000000e+00
1.000000000000000000e+00
1.000000000000000000e+00
