-1.000000000000000000e+00
0.000000000000000000e+00
1.278633247878889212e-01
2.633476294952815100e-01
3.515605361445617305e-01
3.939595067226544511e-01
4.825550212467778488e-01
6.732440303455142772e-01
7.945401294473348752e-01
8.969201740084049579e-01
5.153923378553522117e-01
7.395116401126500261e-01
8.830816510341945591e-01
1.000000000000000000e+00
4.996532378968512322e-01
7.013700555548588733e-01
8.385115121221817791e-01
9.543577199044962489e-01
4.496166811852048140e-01
5.891788947804064147e-01
6.878226222733861972e-01
7.776997766221945829e-01
1.000000000000000000e+00
1.000000000000000000e+00
1.000000000000000000e+00
1.000000000000000000e+00
1.000000000000000000e+00
1.000000000000000000e+00
0.000000000000000000e+00
1.560930994904993208e-01
2.941890311700106064e-01
4.190362762208271752e-01
5.312158769707365780e-01
4.748107243709121517e-01
6.714883970648585221e-01
7.947265207309056612e-01
9.069760385604458408e-01
5.046267063080649429e-01
7.288481729430383860e-01
8.725524814068417179e-01
1.000000000000000000e+00
5.019819671134759798e-01
7.092400216140065661e-01
8.386312018432897641e-01
9.561767964889212879e-01
4.786279917710965504e-01
6.384278743164956138e-01
7.439706477337176826e-01
8.480043694826585599e-01
1.000000000000000000e+00
1.000000000000000000e+00
1.000000000000000000e+00
1.000000000000000000e+00
1.000000000000000000e+00
