-1.000000000000000000e+00
0.000000000000000000e+00
1.291441748612087714e-01
2.538342462158642010e-01
3.366514426789308234e-01
3.833565277065180688e-01
4.918008776083952482e-01
6.918613890414762047e-01
8.125972670703872636e-01
9.136756799644634164e-01
5.147274742215085519e-01
7.460242428221706135e-01
8.899587910937456492e-01
1.000000000000000000e+00
4.928073415554088399e-01
6.998610747179089264e-01
8.344138025119760549e-01
9.421097659499586552e-01
4.364975302023739734e-01
5.790047855106228436e-01
6.763758195465816581e-01
7.599938460622402969e-01
1.000000000000000000e+00
1.000000000000000000e+00
1.000000000000000000e+00
1.000000000000000000e+00
1.000000000000000000e+00
1.000000000000000000e+00
0.000000000000000000e+00
1.609410101582326724e-01
3.202813920427520222e-01
4.510805548103589691e-01
5.548500095263289023e-01
4.922201336629741242e-01
6.977619260782385036e-01
8.261856995950280780e-01
9.341238694829275824e-01
5.168421775542563212e-01
7.465481565040058554e-01
8.856381757850155800e-01
1.000000000000000000e+00
5.095252231205478211e-01
7.239624914542618361e-01
8.541288234721186035e-01
9.644332434655343844e-01
4.773846988528381852e-01
6.339903030491306213e-01
7.379878286763490447e-01
8.327120915240494581e-01
1.000000000000000000e+00
1.000000000000000000e+00
1.000000000000000000e+00
1.000000000000000000e+00
1.000000000000000000e+00
