-1.000000000000000000e+00
0.000000000000000000e+00
1.400748173039796374e-01
2.778449729741800933e-01
3.735624841509350147e-01
4.071109150502427720e-01
5.058904256949168232e-01
7.074937252269978272e-01
8.258316841441171174e-01
9.204830273738132673e-01
5.257107696591425405e-01
7.574674372132299549e-01
8.972712463439952435e-01
1.000000000000000000e+00
4.962209357668959098e-01
7.066289501839837506e-01
8.424141646207750078e-01
9.467939269370185817e-01
4.322516945188863424e-01
5.675143880838882104e-01
6.613454185368725646e-01
7.390261302733338589e-01
1.000000000000000000e+00
1.000000000000000000e+00
1.000000000000000000e+00
1.000000000000000000e+00
1.000000000000000000e+00
1.000000000000000000e+00
0.000000000000000000e+00
1.606848455061805347e-01
3.210685242737790213e-01
4.527201369565878597e-01
5.572006016602825129e-01
5.045759334786924510e-01
7.042192294567897193e-01
8.285841561980035186e-01
9.362330244703829241e-01
5.192470203313286348e-01
7.419152220106091100e-01
8.813662097326468992e-01
1.000000000000000000e+00
5.025886124366363283e-01
7.114018660702137176e-01
8.349588161619011517e-01
9.447573969393594506e-01
4.642501832990887367e-01
6.153477126785336093e-01
7.152443803946052503e-01
8.129545644396755089e-01
1.000000000000000000e+00
1.000000000000000000e+00
1.000000000000000000e+00
1.000000000000000000e+00
1.000000000000000000e+00
