-1.000000000000000000e+00
0.000000000000000000e+00
1.382243162059332287e-01
2.670403979453990218e-01
3.570229897083738724e-01
3.986043242258635044e-01
5.028439488968590165e-01
7.050210253446654862e-01
8.237165048680434865e-01
9.203429769515326653e-01
5.215711295849086993e-01
7.573855154276094570e-01
8.980059489823917218e-01
1.000000000000000000e+00
4.919726975605474006e-01
7.034463164409419100e-01
8.357888704271095870e-01
9.344677220808039753e-01
4.277402953017187537e-01
5.686462588998268952e-01
6.623399916591119485e-01
7.386473890331303194e-01
1.000000000000000000e+00
1.000000000000000000e+00
1.000000000000000000e+00
1.000000000000000000e+00
1.000000000000000000e+00
1.000000000000000000e+00
0.000000000000000000e+00
1.546536167669016748e-01
3.244210555092926218e-01
4.584135164920448147e-01
5.577449190115316702e-01
5.101922704399280972e-01
7.099024965744797910e-01
8.325995298829486080e-01
9.368688596948121505e-01
5.313165564924882123e-01
7.542328656649002205e-01
8.873420263301717847e-01
1.000000000000000000e+00
5.182477088561728840e-01
7.297377520727899025e-01
8.554255680447050425e-01
9.648810914313563636e-01
4.774515588006609801e-01
6.310522925217763035e-01
7.323521306993865387e-01
8.264219493569399111e-01
1.000000000000000000e+00
1.000000000000000000e+00
1.000000000000000000e+00
1.000000000000000000e+00
1.000000000000000000e+00
