-1.000000000000000000e+00
0.000000000000000000e+00
1.370960469559855122e-01
2.734024721328991991e-01
3.621587235663777382e-01
4.041223960244967883e-01
4.966630797241573525e-01
7.029668253029568437e-01
8.262056094863495792e-01
9.261865901541623813e-01
5.163132991869209265e-01
7.490851509664092633e-01
8.906667436265455207e-01
1.000000000000000000e+00
4.948250623402329906e-01
7.056953871492820385e-01
8.378170587867799224e-01
9.433935717523509457e-01
4.394026339810389037e-01
5.805046556047782635e-01
6.742018080670599822e-01
7.535072935712073816e-01
1.000000000000000000e+00
1.000000000000000000e+00
1.000000000000000000e+00
1.000000000000000000e+00
1.000000000000000000e+00
1.000000000000000000e+00
0.000000000000000000e+00
1.636526631222239292e-01
3.314534686676401942e-01
4.607463573794103873e-01
5.590189568042607249e-01
5.105028584828384952e-01
7.100289504565303611e-01
8.297579685314129261e-01
9.316613282470675994e-01
5.311160940160537525e-01
7.581544616578560492e-01
8.912672896236997211e-01
1.000000000000000000e+00
5.187100098539592086e-01
7.334046786625866288e-01
8.524069882670561871e-01
9.498773982408604821e-01
4.811164406277652628e-01
6.437444658298775435e-01
7.470880416528078438e-01
8.394121504161249359e-01
1.000000000000000000e+00
1.000000000000000000e+00
1.000000000000000000e+00
1.000000000000000000e+00
1.000000000000000000e+00
