-1.000000000000000000e+00
0.000000000000000000e+00
1.443480906106120731e-01
2.798861943795983853e-01
3.644701180879540425e-01
4.051422371051271454e-01
5.026180256889558606e-01
7.111066345295034008e-01
8.312604132191848683e-01
9.298992579225245914e-01
5.206845073310170102e-01
7.539237154532590912e-01
8.937105394722674179e-01
1.000000000000000000e+00
4.948817921429560229e-01
7.036732711784934313e-01
8.372854680615864353e-01
9.422334142285233582e-01
4.380918875455750428e-01
5.809844351579067645e-01
6.755634015896407885e-01
7.543399670503296850e-01
1.000000000000000000e+00
1.000000000000000000e+00
1.000000000000000000e+00
1.000000000000000000e+00
1.000000000000000000e+00
1.000000000000000000e+00
0.000000000000000000e+00
1.566276750934975370e-01
3.286901703416547083e-01
4.611357436835918366e-01
5.539086952915723838e-01
5.080336800736270364e-01
7.073752576493523847e-01
8.290272524839504831e-01
9.290640611607817734e-01
5.293398764348620222e-01
7.549756077298448442e-01
8.892485207222596832e-01
1.000000000000000000e+00
5.202123829978362313e-01
7.344020335609011685e-01
8.571200412033518345e-01
9.594070920902233457e-01
4.844858787023108571e-01
6.453560621999743230e-01
7.493708370018852261e-01
8.416676354403338500e-01
1.000000000000000000e+00
1.000000000000000000e+00
1.000000000000000000e+00
1.000000000000000000e+00
1.000000000000000000e+00
