-1.000000000000000000e+00
0.000000000000000000e+00
1.319783133621533211e-01
2.676192448643769928e-01
3.548466348153279104e-01
3.961221324316702153e-01
5.026241454373718831e-01
7.016108906922713384e-01
8.221663572127291264e-01
9.268343135167457225e-01
5.262215574809069318e-01
7.470498526913542658e-01
8.852517964770625358e-01
1.000000000000000000e+00
5.007789148761130349e-01
7.035374515141243901e-01
8.372274836663374797e-01
9.493930320424096569e-01
4.401802059141009527e-01
5.794310518810434907e-01
6.743971414780448592e-01
7.585290170890646166e-01
1.000000000000000000e+00
1.000000000000000000e+00
1.000000000000000000e+00
1.000000000000000000e+00
1.000000000000000000e+00
1.000000000000000000e+00
0.000000000000000000e+00
1.593153696956141063e-01
3.242431349716549116e-01
4.515802004601423003e-01
5.457614358234285090e-01
5.032951295298287997e-01
6.988971859461755587e-01
8.200806164908812645e-01
9.272682938815655085e-01
5.206623290988464658e-01
7.404980614609665279e-01
8.781213997805082938e-01
1.000000000000000000e+00
5.066266220694086719e-01
7.141694093376339536e-01
8.419598134194000716e-01
9.581118233077977608e-01
4.679234845626874528e-01
6.249460285308106045e-01
7.330294690027852056e-01
8.376574668409580982e-01
1.000000000000000000e+00
1.000000000000000000e+00
1.000000000000000000e+00
1.000000000000000000e+00
1.000000000000000000e+00
