-1.000000000000000000e+00
0.000000000000000000e+00
1.673253288459167765e-01
3.446590549910830692e-01
4.883509183410107979e-01
5.833036521368757388e-01
5.319458498553212289e-01
7.242179397877686053e-01
8.455995065721286785e-01
9.483528109627215041e-01
5.321923279173460530e-01
7.495280437910271099e-01
8.858143162685067074e-01
1.000000000000000000e+00
4.992780607143293414e-01
6.992960279570582527e-01
8.310614514558903876e-01
9.452833017733230925e-01
4.406057035225031671e-01
5.857695150490955793e-01
6.856975763476652608e-01
7.806335849118755110e-01
0.000000000000000000e+00
1.000000000000000000e+00
1.000000000000000000e+00
1.000000000000000000e+00
1.000000000000000000e+00
1.000000000000000000e+00
0.000000000000000000e+00
1.190508190220141843e-01
2.593928975988145647e-01
3.399914324551738254e-01
3.915518532926579032e-01
4.933369961509049273e-01
6.891642483813046338e-01
8.136968092200249636e-01
9.198862164735700508e-01
4.865664083304622189e-01
7.273983935820746982e-01
8.738398662072865974e-01
1.000000000000000000e+00
4.297436102323685114e-01
5.091335451187694039e-01
3.811894518500275053e-01
3.038867376615960736e-01
3.520486728651198716e-01
3.802431777947445912e-01
2.872416569159504385e-01
2.308501510206190654e-01
0.000000000000000000e+00
1.000000000000000000e+00
1.000000000000000000e+00
0.000000000000000000e+00
0.000000000000000000e+00
