-1.000000000000000000e+00
0.000000000000000000e+00
1.623705941251443463e-01
3.379096335364186743e-01
4.820116645370589037e-01
5.810177331868925377e-01
5.287323707793190053e-01
7.193223800834921411e-01
8.389125607733853851e-01
9.412382999184052412e-01
5.318236198795599501e-01
7.530282804909760319e-01
8.871869268785554929e-01
1.000000000000000000e+00
5.007845041733167690e-01
7.009754245492341163e-01
8.319625979774860625e-01
9.446630320324305163e-01
4.437197787591595777e-01
5.859066652275038978e-01
6.822498575106324958e-01
7.733967817128197808e-01
0.000000000000000000e+00
1.000000000000000000e+00
1.000000000000000000e+00
1.000000000000000000e+00
1.000000000000000000e+00
1.000000000000000000e+00
0.000000000000000000e+00
1.192813603586320159e-01
2.496752934803445623e-01
3.344153339902097288e-01
4.053228786863991018e-01
4.949642601772691330e-01
6.899576467020427373e-01
8.105953915635917273e-01
9.155647444257343226e-01
4.899040373826107353e-01
7.306688970602952526e-01
8.748767004041035911e-01
1.000000000000000000e+00
4.353064717305518694e-01
5.247993119000226026e-01
4.083937039721488582e-01
3.361758259778238611e-01
3.567106600330702260e-01
3.908319565803172191e-01
3.184601211144346133e-01
2.727948672352847326e-01
0.000000000000000000e+00
1.000000000000000000e+00
1.000000000000000000e+00
0.000000000000000000e+00
0.000000000000000000e+00
