-1.000000000000000000e+00
0.000000000000000000e+00
1.611575799505196860e-01
3.335754803970102933e-01
4.712680971314623379e-01
5.673635188498907800e-01
5.235664355742404297e-01
7.181773989682866954e-01
8.405530987356122363e-01
9.474916564042222822e-01
5.273829661082678477e-01
7.512904438524121709e-01
8.874653741576509214e-01
1.000000000000000000e+00
4.966614794986852210e-01
7.053743647386525595e-01
8.386792141841340475e-01
9.559634310915238187e-01
4.391816764859038935e-01
5.890017407119705339e-01
6.872019206376731582e-01
7.814037459062334046e-01
0.000000000000000000e+00
1.000000000000000000e+00
1.000000000000000000e+00
1.000000000000000000e+00
1.000000000000000000e+00
1.000000000000000000e+00
0.000000000000000000e+00
1.239474501772514503e-01
2.604344995624903181e-01
3.536176881453871323e-01
4.253161569353839933e-01
4.997814351355764906e-01
7.028320816161310880e-01
8.280115903328234550e-01
9.313585757635278739e-01
4.955975940628309373e-01
7.423701996953993021e-01
8.819385554138207128e-01
1.000000000000000000e+00
4.421171693586998241e-01
5.207016353279050325e-01
4.032960509169589147e-01
3.340973690628183945e-01
3.638016037031419625e-01
4.016637597854272879e-01
3.312108300454114085e-01
2.889588450139780051e-01
0.000000000000000000e+00
1.000000000000000000e+00
1.000000000000000000e+00
0.000000000000000000e+00
0.000000000000000000e+00
