-1.000000000000000000e+00
0.000000000000000000e+00
1.655281443563699495e-01
3.371466393272785633e-01
4.825798887000186665e-01
5.786915203787121875e-01
5.241308683026130177e-01
7.182076848997015484e-01
8.409604674526998114e-01
9.474802383985954091e-01
5.280975187170964258e-01
7.529144491099896142e-01
8.899820948824276323e-01
1.000000000000000000e+00
4.967847219701019834e-01
7.000960574932346692e-01
8.305959677852613465e-01
9.415772340223494963e-01
4.398233074184283997e-01
5.853033574575516873e-01
6.849070395940882738e-01
7.783675393334631432e-01
0.000000000000000000e+00
1.000000000000000000e+00
1.000000000000000000e+00
1.000000000000000000e+00
1.000000000000000000e+00
1.000000000000000000e+00
0.000000000000000000e+00
1.259290946155362245e-01
2.718581584977770027e-01
3.679624136193004325e-01
4.312739479632443085e-01
4.994313688873147639e-01
7.001937612347864937e-01
8.255668039112250556e-01
9.321794501809360645e-01
4.927460399738356478e-01
7.416030171608253285e-01
8.831388310376541151e-01
1.000000000000000000e+00
4.356955216804335729e-01
5.399898255086614807e-01
4.299364678697714659e-01
3.605051273026273484e-01
3.539575167554583346e-01
3.965587963533883098e-01
3.210155493093752588e-01
2.715062647993852218e-01
0.000000000000000000e+00
1.000000000000000000e+00
1.000000000000000000e+00
0.000000000000000000e+00
0.000000000000000000e+00
