-1.000000000000000000e+00
0.000000000000000000e+00
1.661925689932808037e-01
3.306591098216272728e-01
4.710948536227091976e-01
5.777657149430123207e-01
5.216138221953435794e-01
7.176647443435791862e-01
8.418164983349762931e-01
9.543525463482501747e-01
5.264597795855274764e-01
7.474983659529931268e-01
8.847898515145853349e-01
1.000000000000000000e+00
4.944086419536650179e-01
6.952861937469848597e-01
8.269013558327253932e-01
9.435599659074778156e-01
4.364765109105690488e-01
5.845133959649907451e-01
6.847180667200365445e-01
7.791542041017454068e-01
0.000000000000000000e+00
1.000000000000000000e+00
1.000000000000000000e+00
1.000000000000000000e+00
1.000000000000000000e+00
1.000000000000000000e+00
0.000000000000000000e+00
1.258072181641577969e-01
2.660068447684751369e-01
3.627251183863136608e-01
4.317725766463291204e-01
4.983163459869704992e-01
7.002426326449707750e-01
8.283297274035722468e-01
9.356580279617717766e-01
4.943908649136240507e-01
7.351668386522369758e-01
8.811963749777586008e-01
1.000000000000000000e+00
4.403164654737851125e-01
5.337297545154048306e-01
4.367752998015986821e-01
3.686203225591981880e-01
3.617149635354213189e-01
3.956248934115845217e-01
3.282698869302458911e-01
2.783842986292000554e-01
0.000000000000000000e+00
1.000000000000000000e+00
1.000000000000000000e+00
0.000000000000000000e+00
0.000000000000000000e+00
