-1.000000000000000000e+00
0.000000000000000000e+00
1.655276695285895494e-01
3.336226845335427127e-01
4.769907410535706438e-01
5.823880225493884844e-01
5.260909409436121953e-01
7.185253697038674892e-01
8.405249946754914658e-01
9.481038176709225551e-01
5.298268588760791653e-01
7.510327795763400704e-01
8.875761862417915760e-01
1.000000000000000000e+00
4.985813177189028500e-01
6.998318606589608581e-01
8.295713935211999068e-01
9.421322039720633201e-01
4.408210366673274150e-01
5.848187233130933693e-01
6.845138657731404397e-01
7.805017247293816185e-01
0.000000000000000000e+00
1.000000000000000000e+00
1.000000000000000000e+00
1.000000000000000000e+00
1.000000000000000000e+00
1.000000000000000000e+00
0.000000000000000000e+00
1.248530827002335974e-01
2.693753575175150128e-01
3.776331258184967288e-01
4.500210806620774107e-01
5.000288893669220247e-01
7.026632517655161392e-01
8.310525803507272657e-01
9.377490559334014097e-01
4.914556168484800480e-01
7.359737520259522769e-01
8.830215921424304781e-01
1.000000000000000000e+00
4.343897472621636724e-01
5.505418593142230588e-01
4.432366979757745296e-01
3.649560079082331820e-01
3.538322696090261399e-01
3.866151667572274575e-01
3.154168129193147263e-01
2.638602271084090622e-01
0.000000000000000000e+00
1.000000000000000000e+00
1.000000000000000000e+00
0.000000000000000000e+00
0.000000000000000000e+00
