-1.000000000000000000e+00
0.000000000000000000e+00
1.643761099292455619e-01
3.290420999708516536e-01
4.698877827770848725e-01
5.688821011064248978e-01
5.193436648449616388e-01
7.133647320463309960e-01
8.358850632932324221e-01
9.436121804251769163e-01
5.240111305259980146e-01
7.454417636293045879e-01
8.849632976497424641e-01
1.000000000000000000e+00
4.943257540137304673e-01
6.954578681204438562e-01
8.273687504520209623e-01
9.404031249834012840e-01
4.383287227425815002e-01
5.824783356810412371e-01
6.843897213408445257e-01
7.816983137520240321e-01
0.000000000000000000e+00
1.000000000000000000e+00
1.000000000000000000e+00
1.000000000000000000e+00
1.000000000000000000e+00
1.000000000000000000e+00
0.000000000000000000e+00
1.259706309312910721e-01
2.688080416477351409e-01
3.726321153379783535e-01
4.502931025289986233e-01
4.987925378180092517e-01
7.004137501368190577e-01
8.276848709993015474e-01
9.334988289645931303e-01
4.917430308323854082e-01
7.365686079146019916e-01
8.829320252591028595e-01
1.000000000000000000e+00
4.349587029804392602e-01
5.504808346406129260e-01
4.393261148186459741e-01
3.614545577369618345e-01
3.543127678465383124e-01
3.909283144428472578e-01
3.161713540185481230e-01
2.652871513178133300e-01
0.000000000000000000e+00
1.000000000000000000e+00
1.000000000000000000e+00
0.000000000000000000e+00
0.000000000000000000e+00
