-1.000000000000000000e+00
0.000000000000000000e+00
1.664660996197432352e-01
3.292525770369328364e-01
4.706536502580856984e-01
5.740299183183531495e-01
5.180466415062469077e-01
7.170041274627310113e-01
8.418132822332530241e-01
9.504328581327294856e-01
5.254631725806667708e-01
7.488635016356699481e-01
8.877385012799295927e-01
1.000000000000000000e+00
4.948269926499933580e-01
6.922379868479955345e-01
8.217246579446486621e-01
9.322903058164094814e-01
4.360697586465865916e-01
5.756820080184118504e-01
6.748168572987273128e-01
7.690420828551979282e-01
0.000000000000000000e+00
1.000000000000000000e+00
1.000000000000000000e+00
1.000000000000000000e+00
1.000000000000000000e+00
1.000000000000000000e+00
0.000000000000000000e+00
1.221683045015962560e-01
2.621397140053888797e-01
3.647123442187097386e-01
4.451872475028417764e-01
4.951867811474805481e-01
6.950038469760857485e-01
8.228974516281908347e-01
9.294279849650970426e-01
4.896883866158870946e-01
7.354673700671865433e-01
8.795326636928981756e-01
1.000000000000000000e+00
4.339267400279767650e-01
5.447160537485048470e-01
4.257753661178562132e-01
3.524781790949418903e-01
3.538519605077719010e-01
3.834118397979498494e-01
2.978494504357989681e-01
2.472946706966056840e-01
0.000000000000000000e+00
1.000000000000000000e+00
1.000000000000000000e+00
0.000000000000000000e+00
0.000000000000000000e+00
