-1.000000000000000000e+00
0.000000000000000000e+00
1.624725471075473548e-01
3.240008073841446623e-01
4.646984762852635620e-01
5.646744240496901490e-01
5.143440147147021468e-01
7.101228721231259700e-01
8.320119458055521555e-01
9.389856968117354930e-01
5.223084751274803539e-01
7.482384316518254641e-01
8.859341375218032777e-01
1.000000000000000000e+00
4.873296000669911643e-01
6.822749188968959544e-01
8.128794381025017390e-01
9.264410770532397477e-01
4.219023908176343096e-01
5.602164026269967900e-01
6.554849175679405837e-01
7.469862385465001475e-01
0.000000000000000000e+00
1.000000000000000000e+00
1.000000000000000000e+00
1.000000000000000000e+00
1.000000000000000000e+00
1.000000000000000000e+00
0.000000000000000000e+00
1.201798455799668458e-01
2.607995331167221043e-01
3.629305959284563343e-01
4.392773566822210096e-01
4.926032327021463431e-01
6.925569008369211188e-01
8.184930993427572687e-01
9.239269618400532957e-01
4.863899800278810859e-01
7.327393553376102542e-01
8.774702333625722384e-01
1.000000000000000000e+00
4.312072928016906226e-01
5.411571577186775617e-01
4.211736115777114930e-01
3.466711315728530640e-01
3.520834439156448892e-01
3.818162056938997906e-01
2.932490765708707925e-01
2.395705399324776774e-01
0.000000000000000000e+00
1.000000000000000000e+00
1.000000000000000000e+00
0.000000000000000000e+00
0.000000000000000000e+00
