-1.000000000000000000e+00
0.000000000000000000e+00
1.665662873162820912e-01
3.257147107158964716e-01
4.661415500804079737e-01
5.649210203547563314e-01
5.134297277467492204e-01
7.130854856291912736e-01
8.371874783622700322e-01
9.446644108995950750e-01
5.223008687557466612e-01
7.455006014413944060e-01
8.849548851878220601e-01
1.000000000000000000e+00
4.899646107385222660e-01
6.833766045428960600e-01
8.134677243144871062e-01
9.246998506126261619e-01
4.280191847528745375e-01
5.630465590501886330e-01
6.549147713839017504e-01
7.417198074058899415e-01
0.000000000000000000e+00
1.000000000000000000e+00
1.000000000000000000e+00
1.000000000000000000e+00
1.000000000000000000e+00
1.000000000000000000e+00
0.000000000000000000e+00
1.172707122765523358e-01
2.538467422425108033e-01
3.555317725029785714e-01
4.356161438646823370e-01
4.891157802577348890e-01
6.902352878937954017e-01
8.170796344941171352e-01
9.212247246217124541e-01
4.848017279072848740e-01
7.316427896610214754e-01
8.795823664995217062e-01
1.000000000000000000e+00
4.320511513438684559e-01
5.416395542469402136e-01
4.312309184829012376e-01
3.574442036224231845e-01
3.559848981731554840e-01
3.939294688133040956e-01
3.141744999464077259e-01
2.608904420559998716e-01
0.000000000000000000e+00
1.000000000000000000e+00
1.000000000000000000e+00
0.000000000000000000e+00
0.000000000000000000e+00
