-1.000000000000000000e+00
0.000000000000000000e+00
1.636234248621320220e-01
3.249550609319286076e-01
4.639379217063946403e-01
5.608965615022721840e-01
5.157128759760661874e-01
7.150674689499738612e-01
8.384831855197346639e-01
9.461949572141759024e-01
5.247901200397749877e-01
7.494834050595005071e-01
8.875337528482134530e-01
1.000000000000000000e+00
4.923730822458742828e-01
6.892328067242194933e-01
8.192686841617480287e-01
9.305700562936733977e-01
4.299431812199323022e-01
5.658861281813682975e-01
6.589639172789010235e-01
7.468079747227912568e-01
0.000000000000000000e+00
1.000000000000000000e+00
1.000000000000000000e+00
1.000000000000000000e+00
1.000000000000000000e+00
1.000000000000000000e+00
0.000000000000000000e+00
1.167094804706001604e-01
2.510780025906321766e-01
3.561660370994575442e-01
4.460588401255780044e-01
4.831644313291382775e-01
6.862658461623574180e-01
8.134337060232865735e-01
9.182309220935177541e-01
4.867146852515361610e-01
7.332109115270157851e-01
8.775805482910163935e-01
1.000000000000000000e+00
4.379868243840257525e-01
5.304242170468300710e-01
4.028117877127184721e-01
3.300429769183518269e-01
3.606519114586934638e-01
3.838449025792400882e-01
2.929146269371911138e-01
2.434486740382048597e-01
0.000000000000000000e+00
1.000000000000000000e+00
1.000000000000000000e+00
0.000000000000000000e+00
0.000000000000000000e+00
