-1.000000000000000000e+00
0.000000000000000000e+00
1.641293395798041066e-01
3.272752856550091294e-01
4.685747907398208900e-01
5.702927293128785546e-01
5.151047949861247144e-01
7.125682329680784743e-01
8.347905373403753382e-01
9.402331781762285345e-01
5.239111429281035903e-01
7.512505184860351903e-01
8.887005010090668344e-01
1.000000000000000000e+00
4.903866514526216136e-01
6.875252464828547350e-01
8.194555623189602178e-01
9.332346715104313795e-01
4.271265035488147066e-01
5.650881317660900738e-01
6.595319267976113009e-01
7.505984526935900458e-01
0.000000000000000000e+00
1.000000000000000000e+00
1.000000000000000000e+00
1.000000000000000000e+00
1.000000000000000000e+00
1.000000000000000000e+00
0.000000000000000000e+00
1.171104442474185242e-01
2.491259607664029763e-01
3.533576237444241985e-01
4.461531140914257731e-01
4.827205208414972470e-01
6.827306977376742525e-01
8.088348075814769667e-01
9.140278934323733395e-01
4.854311652334318827e-01
7.283818682471708827e-01
8.746691350837708656e-01
1.000000000000000000e+00
4.376584238675765848e-01
5.294499779125115824e-01
4.072915482292153722e-01
3.373629896361223790e-01
3.618154018434840413e-01
3.929853114221013022e-01
3.061498021511245282e-01
2.567030881705560375e-01
0.000000000000000000e+00
1.000000000000000000e+00
1.000000000000000000e+00
0.000000000000000000e+00
0.000000000000000000e+00
