-1.000000000000000000e+00
0.000000000000000000e+00
1.604467303597924555e-01
3.228060401693417236e-01
4.635992261851377694e-01
5.638923014025398750e-01
5.169856750563585068e-01
7.151186841234399294e-01
8.365089113163384216e-01
9.425166144613980057e-01
5.266366126051872376e-01
7.520381530001213344e-01
8.886295400303541037e-01
1.000000000000000000e+00
4.950555558529363687e-01
6.920161299496456753e-01
8.225440563346342326e-01
9.353530605841141599e-01
4.333520042572680531e-01
5.732282414645540891e-01
6.661260565396277533e-01
7.549810579271466482e-01
0.000000000000000000e+00
1.000000000000000000e+00
1.000000000000000000e+00
1.000000000000000000e+00
1.000000000000000000e+00
1.000000000000000000e+00
0.000000000000000000e+00
1.211165204516548438e-01
2.479200593108052686e-01
3.454023534317817168e-01
4.402863691512037825e-01
4.842437885604843895e-01
6.827043778584342970e-01
8.100563575568476837e-01
9.170445252861526564e-01
4.882877936357528648e-01
7.306689647068601579e-01
8.766636291906793055e-01
1.000000000000000000e+00
4.406287082487315709e-01
5.438920028460104694e-01
4.276773635502013615e-01
3.549245976820077364e-01
3.646384745773010860e-01
3.933352784206147201e-01
3.137113688354360996e-01
2.638294617820101107e-01
0.000000000000000000e+00
1.000000000000000000e+00
1.000000000000000000e+00
0.000000000000000000e+00
0.000000000000000000e+00
