-1.000000000000000000e+00
0.000000000000000000e+00
1.562170024903704046e-01
3.175031935062763155e-01
4.597295164318581095e-01
5.615566224430003084e-01
5.116334688343702197e-01
7.094837996216158960e-01
8.316806503320899324e-01
9.390588763421701124e-01
5.204110665362775556e-01
7.468350359402554650e-01
8.853309407938081410e-01
1.000000000000000000e+00
4.869727512975614570e-01
6.836132176846995145e-01
8.166300698719419771e-01
9.332712642847772466e-01
4.241496850117595363e-01
5.639162682930104475e-01
6.577419219633651171e-01
7.495488418702594968e-01
0.000000000000000000e+00
1.000000000000000000e+00
1.000000000000000000e+00
1.000000000000000000e+00
1.000000000000000000e+00
1.000000000000000000e+00
0.000000000000000000e+00
1.212809437829486803e-01
2.474079240536116719e-01
3.469661751316380771e-01
4.406894401131681294e-01
4.809531669542524979e-01
6.767888824930223812e-01
8.047757311614325282e-01
9.123770438562737173e-01
4.878361015556635372e-01
7.267042820418504467e-01
8.757524556807311233e-01
1.000000000000000000e+00
4.406782374057803819e-01
5.399549488417245691e-01
4.233041463897944112e-01
3.450533811495588021e-01
3.649420064115690976e-01
3.931683710764106165e-01
3.115439209046863556e-01
2.554436676245683269e-01
0.000000000000000000e+00
1.000000000000000000e+00
1.000000000000000000e+00
0.000000000000000000e+00
0.000000000000000000e+00
