-1.000000000000000000e+00
0.000000000000000000e+00
1.580326463520077829e-01
3.167221068403388018e-01
4.559844627490839963e-01
5.548456020856384896e-01
5.161206055904358214e-01
7.151099494101423870e-01
8.383615214159998441e-01
9.458969951959487199e-01
5.225435937555108490e-01
7.444162576130011200e-01
8.834263602250558289e-01
1.000000000000000000e+00
4.873772521911289846e-01
6.854423266816751514e-01
8.180799676435498435e-01
9.330573494962258740e-01
4.238760630411771424e-01
5.641364641723720652e-01
6.580931750404752645e-01
7.474576924522970955e-01
0.000000000000000000e+00
1.000000000000000000e+00
1.000000000000000000e+00
1.000000000000000000e+00
1.000000000000000000e+00
1.000000000000000000e+00
0.000000000000000000e+00
1.182073586710841590e-01
2.456826340973038703e-01
3.499012798110165967e-01
4.388130393677094898e-01
4.823102973359283396e-01
6.798881253760665766e-01
8.091723394643804967e-01
9.166225862424418613e-01
4.874443390277999333e-01
7.252193670208736398e-01
8.738002925451962000e-01
1.000000000000000000e+00
4.414182189081599095e-01
5.277715713376077700e-01
4.127329263806882587e-01
3.400106472818836822e-01
3.664003613475561028e-01
3.895221446894804873e-01
3.072467310876381696e-01
2.538216146123636885e-01
0.000000000000000000e+00
1.000000000000000000e+00
1.000000000000000000e+00
0.000000000000000000e+00
0.000000000000000000e+00
