-1.000000000000000000e+00
4.282205700874328613e-01
5.233957171440124512e-01
5.822687149047851562e-01
6.160603165626525879e-01
6.398885846138000488e-01
5.497236251831054688e-01
6.170140504837036133e-01
6.597542762756347656e-01
6.867559552192687988e-01
5.203123092651367188e-01
6.211706399917602539e-01
6.262254118919372559e-01
6.121534705162048340e-01
5.001659393310546875e-01
5.914096236228942871e-01
5.760939717292785645e-01
5.511496067047119141e-01
4.903521835803985596e-01
5.538961887359619141e-01
5.414029359817504883e-01
5.196098089218139648e-01
9.080094099044799805e-01
8.812358975410461426e-01
8.367810845375061035e-01
8.105818033218383789e-01
7.901580333709716797e-01
6.769023537635803223e-01
6.075499057769775391e-01
5.789275169372558594e-01
5.623025298118591309e-01
6.807368993759155273e-01
7.336317896842956543e-01
7.892336249351501465e-01
8.083031177520751953e-01
7.169081568717956543e-01
8.081346750259399414e-01
8.451991677284240723e-01
8.407362103462219238e-01
7.679281830787658691e-01
8.493053913116455078e-01
8.727468252182006836e-01
8.616506457328796387e-01
0.000000000000000000e+00
1.000000000000000000e+00
0.000000000000000000e+00
0.000000000000000000e+00
0.000000000000000000e+00
1.000000000000000000e+00
8.600892424583435059e-01
7.806550264358520508e-01
7.182557582855224609e-01
6.788166761398315430e-01
6.546412706375122070e-01
7.007949948310852051e-01
6.420359611511230469e-01
6.046686172485351562e-01
5.783236026763916016e-01
7.410429716110229492e-01
6.720718145370483398e-01
6.898392438888549805e-01
7.165902256965637207e-01
7.816451191902160645e-01
7.154830098152160645e-01
7.343177199363708496e-01
7.588110566139221191e-01
8.195474147796630859e-01
7.661753892898559570e-01
7.751530408859252930e-01
7.954443693161010742e-01
8.150537610054016113e-01
8.212206363677978516e-01
8.023218512535095215e-01
7.831591963768005371e-01
7.437994480133056641e-01
6.341447830200195312e-01
5.679075717926025391e-01
5.209426283836364746e-01
4.795471727848052979e-01
6.117590665817260742e-01
6.647512912750244141e-01
7.298370599746704102e-01
7.335592508316040039e-01
6.217697858810424805e-01
6.880013346672058105e-01
7.397273778915405273e-01
7.332782149314880371e-01
6.535972356796264648e-01
7.098230719566345215e-01
7.469279766082763672e-01
7.410329580307006836e-01
1.000000000000000000e+00
1.000000000000000000e+00
0.000000000000000000e+00
0.000000000000000000e+00
0.000000000000000000e+00
