-1.000000000000000000e+00
4.287407994270324707e-01
5.217696428298950195e-01
5.809727311134338379e-01
6.162193417549133301e-01
6.435914039611816406e-01
5.449721813201904297e-01
6.097081303596496582e-01
6.474207639694213867e-01
6.702147722244262695e-01
5.145919322967529297e-01
6.106867194175720215e-01
6.167154312133789062e-01
6.049184799194335938e-01
4.940491914749145508e-01
5.835688114166259766e-01
5.701212882995605469e-01
5.459938645362854004e-01
4.835245013236999512e-01
5.498657226562500000e-01
5.398585200309753418e-01
5.193918943405151367e-01
9.020990729331970215e-01
8.733940124511718750e-01
8.299767374992370605e-01
8.070691227912902832e-01
7.913595438003540039e-01
6.727930903434753418e-01
6.059798002243041992e-01
5.643470287322998047e-01
5.305182337760925293e-01
6.778631806373596191e-01
7.398149371147155762e-01
7.920387983322143555e-01
8.060223460197448730e-01
7.144667506217956543e-01
8.083587884902954102e-01
8.433652520179748535e-01
8.386418223381042480e-01
7.643938660621643066e-01
8.450848460197448730e-01
8.690204620361328125e-01
8.612383008003234863e-01
0.000000000000000000e+00
1.000000000000000000e+00
0.000000000000000000e+00
0.000000000000000000e+00
0.000000000000000000e+00
1.000000000000000000e+00
7.963755726814270020e-01
7.528458833694458008e-01
6.982597708702087402e-01
6.654069423675537109e-01
6.466444134712219238e-01
6.877723932266235352e-01
6.375261545181274414e-01
5.963433980941772461e-01
5.671237707138061523e-01
7.228071689605712891e-01
6.508685350418090820e-01
6.689618229866027832e-01
6.953497529029846191e-01
7.590659260749816895e-01
6.903210282325744629e-01
7.044333219528198242e-01
7.286590337753295898e-01
7.928443551063537598e-01
7.367467880249023438e-01
7.419940829277038574e-01
7.639148831367492676e-01
7.943124771118164062e-01
8.070383071899414062e-01
7.851414680480957031e-01
7.645924091339111328e-01
7.337749004364013672e-01
6.263071298599243164e-01
5.680147409439086914e-01
5.256669521331787109e-01
4.897689223289489746e-01
6.065064668655395508e-01
6.562870740890502930e-01
7.194426059722900391e-01
7.224317789077758789e-01
6.187065839767456055e-01
6.748786568641662598e-01
7.268990278244018555e-01
7.235740423202514648e-01
6.531236171722412109e-01
6.950508952140808105e-01
7.359689474105834961e-01
7.368513345718383789e-01
1.000000000000000000e+00
1.000000000000000000e+00
0.000000000000000000e+00
0.000000000000000000e+00
0.000000000000000000e+00
