-1.000000000000000000e+00
4.387387931346893311e-01
5.349417924880981445e-01
5.872561335563659668e-01
6.203583478927612305e-01
6.454907655715942383e-01
5.500519871711730957e-01
6.125908493995666504e-01
6.551639437675476074e-01
6.851828098297119141e-01
5.262531042098999023e-01
6.153076291084289551e-01
6.097815036773681641e-01
5.908303260803222656e-01
5.116204619407653809e-01
5.947186946868896484e-01
5.774934291839599609e-01
5.543338656425476074e-01
5.065364837646484375e-01
5.688305497169494629e-01
5.584092140197753906e-01
5.403991937637329102e-01
8.959646224975585938e-01
8.744068145751953125e-01
8.363116383552551270e-01
8.144142627716064453e-01
7.930721044540405273e-01
6.771109700202941895e-01
6.187626123428344727e-01
5.897061228752136230e-01
5.705909729003906250e-01
6.747859120368957520e-01
7.335500121116638184e-01
7.820847034454345703e-01
7.902211546897888184e-01
7.066278457641601562e-01
7.958933711051940918e-01
8.328092098236083984e-01
8.300822973251342773e-01
7.548215389251708984e-01
8.383278250694274902e-01
8.678586483001708984e-01
8.648678064346313477e-01
0.000000000000000000e+00
1.000000000000000000e+00
0.000000000000000000e+00
0.000000000000000000e+00
0.000000000000000000e+00
1.000000000000000000e+00
8.521113395690917969e-01
7.788817286491394043e-01
7.196623682975769043e-01
6.806693077087402344e-01
6.647526621818542480e-01
6.978350877761840820e-01
6.367611885070800781e-01
5.974118113517761230e-01
5.678644776344299316e-01
7.350564599037170410e-01
6.669110655784606934e-01
6.870520114898681641e-01
7.139744758605957031e-01
7.752805352210998535e-01
7.115632891654968262e-01
7.299597263336181641e-01
7.536284923553466797e-01
8.130798935890197754e-01
7.608993053436279297e-01
7.696086764335632324e-01
7.890425324440002441e-01
8.004515767097473145e-01
8.077630400657653809e-01
7.932915687561035156e-01
7.792794704437255859e-01
7.413653731346130371e-01
6.251424551010131836e-01
5.682011842727661133e-01
5.229314565658569336e-01
4.836610555648803711e-01
6.035334467887878418e-01
6.623992919921875000e-01
7.184782624244689941e-01
7.197860479354858398e-01
6.146383881568908691e-01
6.840370893478393555e-01
7.282751798629760742e-01
7.210555076599121094e-01
6.479583382606506348e-01
7.009055018424987793e-01
7.363393902778625488e-01
7.342171072959899902e-01
1.000000000000000000e+00
1.000000000000000000e+00
0.000000000000000000e+00
0.000000000000000000e+00
0.000000000000000000e+00
