-1.000000000000000000e+00
4.390101134777069092e-01
5.362642407417297363e-01
5.884138345718383789e-01
6.208644509315490723e-01
6.462150216102600098e-01
5.473000407218933105e-01
6.105108261108398438e-01
6.532348394393920898e-01
6.825555562973022461e-01
5.239043831825256348e-01
6.122538447380065918e-01
6.055077314376831055e-01
5.853077173233032227e-01
5.103596448898315430e-01
5.931088328361511230e-01
5.764731168746948242e-01
5.537968873977661133e-01
5.068323612213134766e-01
5.696097612380981445e-01
5.608932971954345703e-01
5.445474386215209961e-01
8.949098587036132812e-01
8.749226331710815430e-01
8.373295068740844727e-01
8.143303394317626953e-01
7.904292345046997070e-01
6.777923107147216797e-01
6.184594631195068359e-01
5.881398916244506836e-01
5.675181150436401367e-01
6.756194829940795898e-01
7.325500249862670898e-01
7.807350158691406250e-01
7.873309254646301270e-01
7.071228027343750000e-01
7.925099134445190430e-01
8.301048874855041504e-01
8.288890123367309570e-01
7.544891238212585449e-01
8.351776599884033203e-01
8.653312921524047852e-01
8.639379739761352539e-01
0.000000000000000000e+00
1.000000000000000000e+00
0.000000000000000000e+00
0.000000000000000000e+00
0.000000000000000000e+00
1.000000000000000000e+00
8.567211627960205078e-01
7.803827524185180664e-01
7.206878066062927246e-01
6.816740632057189941e-01
6.644626259803771973e-01
6.970292329788208008e-01
6.346808075904846191e-01
5.958296656608581543e-01
5.673457384109497070e-01
7.352691888809204102e-01
6.673569679260253906e-01
6.881247758865356445e-01
7.146223783493041992e-01
7.756356000900268555e-01
7.111427783966064453e-01
7.317125201225280762e-01
7.560865283012390137e-01
8.130575418472290039e-01
7.589535713195800781e-01
7.702461481094360352e-01
7.909993529319763184e-01
8.036527037620544434e-01
8.105281591415405273e-01
7.953152656555175781e-01
7.794386744499206543e-01
7.386682629585266113e-01
6.260311603546142578e-01
5.683894753456115723e-01
5.226220488548278809e-01
4.809133410453796387e-01
6.034283638000488281e-01
6.631510853767395020e-01
7.200102210044860840e-01
7.215812206268310547e-01
6.131146550178527832e-01
6.873852014541625977e-01
7.329083681106567383e-01
7.260433435440063477e-01
6.453489661216735840e-01
7.039267420768737793e-01
7.398511171340942383e-01
7.364308834075927734e-01
1.000000000000000000e+00
1.000000000000000000e+00
0.000000000000000000e+00
0.000000000000000000e+00
0.000000000000000000e+00
