-1.000000000000000000e+00
0.000000000000000000e+00
1.169711763619706718e-01
2.521278070407999561e-01
3.183193435621433642e-01
3.424588397279632046e-01
4.861362273147913915e-01
6.808864379303707359e-01
8.077019176438910986e-01
9.153824007459083756e-01
5.081883566469919122e-01
7.325917755691305766e-01
8.814743478074674732e-01
1.000000000000000000e+00
4.875882439907650023e-01
6.958456491763050922e-01
8.356485669772691915e-01
9.483640965016664204e-01
4.350175244930912788e-01
5.969946413740405688e-01
7.052511998676226357e-01
8.030827378694399554e-01
1.000000000000000000e+00
1.000000000000000000e+00
1.000000000000000000e+00
1.000000000000000000e+00
1.000000000000000000e+00
0.000000000000000000e+00
0.000000000000000000e+00
0.000000000000000000e+00
0.000000000000000000e+00
0.000000000000000000e+00
0.000000000000000000e+00
0.000000000000000000e+00
0.000000000000000000e+00
0.000000000000000000e+00
0.000000000000000000e+00
0.000000000000000000e+00
0.000000000000000000e+00
0.000000000000000000e+00
0.000000000000000000e+00
0.000000000000000000e+00
0.000000000000000000e+00
0.000000000000000000e+00
0.000000000000000000e+00
0.000000000000000000e+00
0.000000000000000000e+00
0.000000000000000000e+00
0.000000000000000000e+00
0.000000000000000000e+00
0.000000000000000000e+00
0.000000000000000000e+00
0.000000000000000000e+00
0.000000000000000000e+00
