-1.000000000000000000e+00
0.000000000000000000e+00
1.102330146472382533e-01
2.345037439999123619e-01
3.026812329473779761e-01
3.397630031375256099e-01
4.684528425386617623e-01
6.612864519946966002e-01
7.900121292475263957e-01
9.021655539262271040e-01
4.960843348906361916e-01
7.212225885671289527e-01
8.735466094853600039e-01
1.000000000000000000e+00
4.800850306203767182e-01
6.857446981990116264e-01
8.284654783072656903e-01
9.482240723798526227e-01
4.334789431960139328e-01
5.898178648866493345e-01
6.976232493954344083e-01
7.985442903362193201e-01
1.000000000000000000e+00
1.000000000000000000e+00
1.000000000000000000e+00
1.000000000000000000e+00
1.000000000000000000e+00
0.000000000000000000e+00
0.000000000000000000e+00
0.000000000000000000e+00
0.000000000000000000e+00
0.000000000000000000e+00
0.000000000000000000e+00
0.000000000000000000e+00
0.000000000000000000e+00
0.000000000000000000e+00
0.000000000000000000e+00
0.000000000000000000e+00
0.000000000000000000e+00
0.000000000000000000e+00
0.000000000000000000e+00
0.000000000000000000e+00
0.000000000000000000e+00
0.000000000000000000e+00
0.000000000000000000e+00
0.000000000000000000e+00
0.000000000000000000e+00
0.000000000000000000e+00
0.000000000000000000e+00
0.000000000000000000e+00
0.000000000000000000e+00
0.000000000000000000e+00
0.000000000000000000e+00
0.000000000000000000e+00
