-1.000000000000000000e+00
0.000000000000000000e+00
1.099690531866238247e-01
2.371922589092786693e-01
3.060242056138947064e-01
3.391469701193784436e-01
4.726199704838601190e-01
6.640957025908309497e-01
7.904620831711262063e-01
9.023588651686708095e-01
5.009649301191579918e-01
7.233864827114813156e-01
8.744004602411139526e-01
1.000000000000000000e+00
4.849161935710301630e-01
6.892539939132966698e-01
8.290299085452795813e-01
9.458298013617990607e-01
4.378049323320722386e-01
5.931199260971277143e-01
7.016816812066544173e-01
8.030383672507260817e-01
1.000000000000000000e+00
1.000000000000000000e+00
1.000000000000000000e+00
1.000000000000000000e+00
1.000000000000000000e+00
0.000000000000000000e+00
0.000000000000000000e+00
0.000000000000000000e+00
0.000000000000000000e+00
0.000000000000000000e+00
0.000000000000000000e+00
0.000000000000000000e+00
0.000000000000000000e+00
0.000000000000000000e+00
0.000000000000000000e+00
0.000000000000000000e+00
0.000000000000000000e+00
0.000000000000000000e+00
0.000000000000000000e+00
0.000000000000000000e+00
0.000000000000000000e+00
0.000000000000000000e+00
0.000000000000000000e+00
0.000000000000000000e+00
0.000000000000000000e+00
0.000000000000000000e+00
0.000000000000000000e+00
0.000000000000000000e+00
0.000000000000000000e+00
0.000000000000000000e+00
0.000000000000000000e+00
0.000000000000000000e+00
