-1.000000000000000000e+00
0.000000000000000000e+00
1.148787776729067872e-01
2.452243763366672991e-01
3.073694338158972639e-01
3.343334111217781679e-01
4.752372149395294731e-01
6.666718663493130803e-01
7.917249648169627507e-01
9.010814039489845051e-01
5.025974830657968795e-01
7.240233692196135218e-01
8.742073356979869203e-01
1.000000000000000000e+00
4.863290337370076988e-01
6.887325389336363957e-01
8.262201880574230328e-01
9.412423811784517147e-01
4.383089924574995466e-01
5.922716274017519877e-01
6.994861149557478619e-01
7.996307493653529441e-01
1.000000000000000000e+00
1.000000000000000000e+00
1.000000000000000000e+00
1.000000000000000000e+00
1.000000000000000000e+00
0.000000000000000000e+00
0.000000000000000000e+00
0.000000000000000000e+00
0.000000000000000000e+00
0.000000000000000000e+00
0.000000000000000000e+00
0.000000000000000000e+00
0.000000000000000000e+00
0.000000000000000000e+00
0.000000000000000000e+00
0.000000000000000000e+00
0.000000000000000000e+00
0.000000000000000000e+00
0.000000000000000000e+00
0.000000000000000000e+00
0.000000000000000000e+00
0.000000000000000000e+00
0.000000000000000000e+00
0.000000000000000000e+00
0.000000000000000000e+00
0.000000000000000000e+00
0.000000000000000000e+00
0.000000000000000000e+00
0.000000000000000000e+00
0.000000000000000000e+00
0.000000000000000000e+00
0.000000000000000000e+00
