-1.000000000000000000e+00
0.000000000000000000e+00
1.455976849860258493e-01
3.086933133032092047e-01
4.225652111449564319e-01
4.496682684001451769e-01
5.174489652693365915e-01
7.020757761794128582e-01
8.060117312514607502e-01
9.010048961461101236e-01
5.176087417501963328e-01
7.382032384823169480e-01
8.789892226197190128e-01
1.000000000000000000e+00
4.798170753397650312e-01
6.963335336155598299e-01
8.320331836604043518e-01
9.504829740256171000e-01
4.129438042286286970e-01
5.823130698239180614e-01
6.956878246788944509e-01
8.014937766780892980e-01
1.000000000000000000e+00
1.000000000000000000e+00
1.000000000000000000e+00
1.000000000000000000e+00
1.000000000000000000e+00
0.000000000000000000e+00
0.000000000000000000e+00
0.000000000000000000e+00
0.000000000000000000e+00
0.000000000000000000e+00
0.000000000000000000e+00
0.000000000000000000e+00
0.000000000000000000e+00
0.000000000000000000e+00
0.000000000000000000e+00
0.000000000000000000e+00
0.000000000000000000e+00
0.000000000000000000e+00
0.000000000000000000e+00
0.000000000000000000e+00
0.000000000000000000e+00
0.000000000000000000e+00
0.000000000000000000e+00
0.000000000000000000e+00
0.000000000000000000e+00
0.000000000000000000e+00
0.000000000000000000e+00
0.000000000000000000e+00
0.000000000000000000e+00
0.000000000000000000e+00
0.000000000000000000e+00
0.000000000000000000e+00
