1.000000000000000000e+00
0.000000000000000000e+00
1.836398767286470113e-01
3.596779358604780263e-01
4.801683925684682719e-01
5.647908528808902595e-01
4.617657003881384115e-01
6.743157546666310731e-01
8.088768718842871408e-01
9.084567239848255760e-01
4.586365466213288555e-01
7.188220180299879081e-01
8.812691853403948894e-01
1.000000000000000000e+00
4.278587145477678599e-01
6.786268660669597663e-01
8.355310373406374946e-01
9.547889965441430649e-01
3.829905511505241611e-01
5.478947646498275592e-01
6.540784111752102614e-01
7.418858008376331137e-01
0.000000000000000000e+00
1.000000000000000000e+00
1.000000000000000000e+00
1.000000000000000000e+00
1.000000000000000000e+00
0.000000000000000000e+00
0.000000000000000000e+00
0.000000000000000000e+00
0.000000000000000000e+00
0.000000000000000000e+00
0.000000000000000000e+00
0.000000000000000000e+00
0.000000000000000000e+00
0.000000000000000000e+00
0.000000000000000000e+00
0.000000000000000000e+00
0.000000000000000000e+00
0.000000000000000000e+00
0.000000000000000000e+00
0.000000000000000000e+00
0.000000000000000000e+00
0.000000000000000000e+00
0.000000000000000000e+00
0.000000000000000000e+00
0.000000000000000000e+00
0.000000000000000000e+00
0.000000000000000000e+00
0.000000000000000000e+00
0.000000000000000000e+00
0.000000000000000000e+00
0.000000000000000000e+00
0.000000000000000000e+00
