-1.000000000000000000e+00
0.000000000000000000e+00
1.482112910202014189e-01
3.342942012027845800e-01
4.526320363430275107e-01
4.454406010957218665e-01
5.215630464997595972e-01
7.063403619879867756e-01
8.089590525026627565e-01
8.970747270335936996e-01
5.295410896235602793e-01
7.484018112370954823e-01
8.892528511075475928e-01
1.000000000000000000e+00
4.935863631681433050e-01
7.089048893002964924e-01
8.449526738198466225e-01
9.572984005973412813e-01
4.212426031073969179e-01
5.675753101788041377e-01
6.677654300267756859e-01
7.559763392613179089e-01
1.000000000000000000e+00
1.000000000000000000e+00
1.000000000000000000e+00
1.000000000000000000e+00
1.000000000000000000e+00
0.000000000000000000e+00
0.000000000000000000e+00
0.000000000000000000e+00
0.000000000000000000e+00
0.000000000000000000e+00
0.000000000000000000e+00
0.000000000000000000e+00
0.000000000000000000e+00
0.000000000000000000e+00
0.000000000000000000e+00
0.000000000000000000e+00
0.000000000000000000e+00
0.000000000000000000e+00
0.000000000000000000e+00
0.000000000000000000e+00
0.000000000000000000e+00
0.000000000000000000e+00
0.000000000000000000e+00
0.000000000000000000e+00
0.000000000000000000e+00
0.000000000000000000e+00
0.000000000000000000e+00
0.000000000000000000e+00
0.000000000000000000e+00
0.000000000000000000e+00
0.000000000000000000e+00
0.000000000000000000e+00
