-1.000000000000000000e+00
0.000000000000000000e+00
1.307466050715446748e-01
2.813255024802375770e-01
3.688941301672599704e-01
3.988249580778687742e-01
4.845125668875792102e-01
6.771728413556654669e-01
7.977392380148173867e-01
9.019089820880975550e-01
5.159510142992829174e-01
7.356518743335187516e-01
8.797214040582417294e-01
1.000000000000000000e+00
4.994142861515681875e-01
7.007923521842867043e-01
8.402762180207816733e-01
9.599162284942349688e-01
4.496539722967655139e-01
5.964270116692925727e-01
6.949026862107090530e-01
7.915343675140543711e-01
1.000000000000000000e+00
1.000000000000000000e+00
1.000000000000000000e+00
1.000000000000000000e+00
1.000000000000000000e+00
0.000000000000000000e+00
0.000000000000000000e+00
0.000000000000000000e+00
0.000000000000000000e+00
0.000000000000000000e+00
0.000000000000000000e+00
0.000000000000000000e+00
0.000000000000000000e+00
0.000000000000000000e+00
0.000000000000000000e+00
0.000000000000000000e+00
0.000000000000000000e+00
0.000000000000000000e+00
0.000000000000000000e+00
0.000000000000000000e+00
0.000000000000000000e+00
0.000000000000000000e+00
0.000000000000000000e+00
0.000000000000000000e+00
0.000000000000000000e+00
0.000000000000000000e+00
0.000000000000000000e+00
0.000000000000000000e+00
0.000000000000000000e+00
0.000000000000000000e+00
0.000000000000000000e+00
0.000000000000000000e+00
