-1.000000000000000000e+00
0.000000000000000000e+00
1.442585855333644862e-01
3.128809025244074227e-01
3.965872680555496688e-01
3.885055851568915419e-01
4.970764126639164449e-01
6.971869087791102704e-01
8.225474518318582895e-01
9.304552541226701612e-01
5.134560583132010692e-01
7.334304821390501550e-01
8.818449304735159755e-01
1.000000000000000000e+00
4.842636236549576201e-01
6.939453958975598802e-01
8.356913266145409303e-01
9.504441948880044677e-01
4.224789932633709610e-01
5.783943123703082501e-01
6.776453234358047473e-01
7.649474672723775015e-01
1.000000000000000000e+00
1.000000000000000000e+00
1.000000000000000000e+00
1.000000000000000000e+00
1.000000000000000000e+00
0.000000000000000000e+00
0.000000000000000000e+00
0.000000000000000000e+00
0.000000000000000000e+00
0.000000000000000000e+00
0.000000000000000000e+00
0.000000000000000000e+00
0.000000000000000000e+00
0.000000000000000000e+00
0.000000000000000000e+00
0.000000000000000000e+00
0.000000000000000000e+00
0.000000000000000000e+00
0.000000000000000000e+00
0.000000000000000000e+00
0.000000000000000000e+00
0.000000000000000000e+00
0.000000000000000000e+00
0.000000000000000000e+00
0.000000000000000000e+00
0.000000000000000000e+00
0.000000000000000000e+00
0.000000000000000000e+00
0.000000000000000000e+00
0.000000000000000000e+00
0.000000000000000000e+00
0.000000000000000000e+00
