-1.000000000000000000e+00
2.652284801006317139e-01
3.513674437999725342e-01
4.237903058528900146e-01
4.690808951854705811e-01
4.753166437149047852e-01
4.117330908775329590e-01
4.414157271385192871e-01
4.509112238883972168e-01
4.574208855628967285e-01
3.690303564071655273e-01
3.991758823394775391e-01
4.147852957248687744e-01
4.278264045715332031e-01
3.219021856784820557e-01
3.484532833099365234e-01
3.662822842597961426e-01
3.829562366008758545e-01
2.714761495590209961e-01
2.888857424259185791e-01
3.057447969913482666e-01
3.246401250362396240e-01
7.315322756767272949e-01
7.156026959419250488e-01
6.554070115089416504e-01
5.787491798400878906e-01
4.995760619640350342e-01
4.854958951473236084e-01
3.782717585563659668e-01
3.048535287380218506e-01
2.361274957656860352e-01
4.515965580940246582e-01
3.292990326881408691e-01
2.456064224243164062e-01
1.713914573192596436e-01
4.438228011131286621e-01
3.275908827781677246e-01
2.506737411022186279e-01
1.851665675640106201e-01
4.551556706428527832e-01
3.665500581264495850e-01
3.087639510631561279e-01
2.571743130683898926e-01
0.000000000000000000e+00
1.000000000000000000e+00
1.000000000000000000e+00
1.000000000000000000e+00
1.000000000000000000e+00
0.000000000000000000e+00
0.000000000000000000e+00
0.000000000000000000e+00
0.000000000000000000e+00
0.000000000000000000e+00
0.000000000000000000e+00
0.000000000000000000e+00
0.000000000000000000e+00
0.000000000000000000e+00
0.000000000000000000e+00
0.000000000000000000e+00
0.000000000000000000e+00
0.000000000000000000e+00
0.000000000000000000e+00
0.000000000000000000e+00
0.000000000000000000e+00
0.000000000000000000e+00
0.000000000000000000e+00
0.000000000000000000e+00
0.000000000000000000e+00
0.000000000000000000e+00
0.000000000000000000e+00
0.000000000000000000e+00
0.000000000000000000e+00
0.000000000000000000e+00
0.000000000000000000e+00
0.000000000000000000e+00
0.000000000000000000e+00
0.000000000000000000e+00
0.000000000000000000e+00
0.000000000000000000e+00
0.000000000000000000e+00
0.000000000000000000e+00
0.000000000000000000e+00
0.000000000000000000e+00
0.000000000000000000e+00
0.000000000000000000e+00
0.000000000000000000e+00
0.000000000000000000e+00
0.000000000000000000e+00
0.000000000000000000e+00
0.000000000000000000e+00
0.000000000000000000e+00
0.000000000000000000e+00
0.000000000000000000e+00
0.000000000000000000e+00
0.000000000000000000e+00
0.000000000000000000e+00
