-1.000000000000000000e+00
2.655406892299652100e-01
3.503320515155792236e-01
4.207891821861267090e-01
4.659239053726196289e-01
4.792122244834899902e-01
4.124679863452911377e-01
4.425276219844818115e-01
4.527101516723632812e-01
4.600198864936828613e-01
3.708377480506896973e-01
4.008994996547698975e-01
4.158337116241455078e-01
4.281865656375885010e-01
3.245941698551177979e-01
3.498542308807373047e-01
3.666010797023773193e-01
3.814712762832641602e-01
2.739195525646209717e-01
2.906697988510131836e-01
3.063819110393524170e-01
3.239144384860992432e-01
7.277985811233520508e-01
7.104432582855224609e-01
6.470222473144531250e-01
5.689125657081604004e-01
4.902167022228240967e-01
4.807800948619842529e-01
3.735885024070739746e-01
3.013354837894439697e-01
2.330917716026306152e-01
4.471306800842285156e-01
3.251628875732421875e-01
2.415249943733215332e-01
1.670131087303161621e-01
4.407241940498352051e-01
3.262128233909606934e-01
2.504697144031524658e-01
1.851615607738494873e-01
4.528841376304626465e-01
3.628253638744354248e-01
3.025127053260803223e-01
2.481978237628936768e-01
0.000000000000000000e+00
1.000000000000000000e+00
1.000000000000000000e+00
1.000000000000000000e+00
1.000000000000000000e+00
0.000000000000000000e+00
0.000000000000000000e+00
0.000000000000000000e+00
0.000000000000000000e+00
0.000000000000000000e+00
0.000000000000000000e+00
0.000000000000000000e+00
0.000000000000000000e+00
0.000000000000000000e+00
0.000000000000000000e+00
0.000000000000000000e+00
0.000000000000000000e+00
0.000000000000000000e+00
0.000000000000000000e+00
0.000000000000000000e+00
0.000000000000000000e+00
0.000000000000000000e+00
0.000000000000000000e+00
0.000000000000000000e+00
0.000000000000000000e+00
0.000000000000000000e+00
0.000000000000000000e+00
0.000000000000000000e+00
0.000000000000000000e+00
0.000000000000000000e+00
0.000000000000000000e+00
0.000000000000000000e+00
0.000000000000000000e+00
0.000000000000000000e+00
0.000000000000000000e+00
0.000000000000000000e+00
0.000000000000000000e+00
0.000000000000000000e+00
0.000000000000000000e+00
0.000000000000000000e+00
0.000000000000000000e+00
0.000000000000000000e+00
0.000000000000000000e+00
0.000000000000000000e+00
0.000000000000000000e+00
0.000000000000000000e+00
0.000000000000000000e+00
0.000000000000000000e+00
0.000000000000000000e+00
0.000000000000000000e+00
0.000000000000000000e+00
0.000000000000000000e+00
0.000000000000000000e+00
