-1.000000000000000000e+00
0.000000000000000000e+00
2.122824609508099925e-01
3.739810747720553885e-01
4.674218663570247623e-01
5.572234432522544800e-01
5.792607160504882335e-01
7.799103471158478351e-01
9.046733672674400761e-01
1.000000000000000000e+00
5.373570471768180923e-01
6.062314347212997001e-01
5.983408237173550859e-01
6.058335257036241428e-01
4.443993873769706560e-01
4.303247451261378864e-01
3.758159711511159795e-01
3.397869094814678359e-01
3.286978616374883200e-01
3.158052629920074517e-01
2.790725374873194720e-01
2.454817512369427412e-01
0.000000000000000000e+00
1.000000000000000000e+00
0.000000000000000000e+00
0.000000000000000000e+00
0.000000000000000000e+00
0.000000000000000000e+00
0.000000000000000000e+00
0.000000000000000000e+00
0.000000000000000000e+00
0.000000000000000000e+00
0.000000000000000000e+00
0.000000000000000000e+00
0.000000000000000000e+00
0.000000000000000000e+00
0.000000000000000000e+00
0.000000000000000000e+00
0.000000000000000000e+00
0.000000000000000000e+00
0.000000000000000000e+00
0.000000000000000000e+00
0.000000000000000000e+00
0.000000000000000000e+00
0.000000000000000000e+00
0.000000000000000000e+00
0.000000000000000000e+00
0.000000000000000000e+00
0.000000000000000000e+00
0.000000000000000000e+00
0.000000000000000000e+00
0.000000000000000000e+00
0.000000000000000000e+00
0.000000000000000000e+00
