-1.000000000000000000e+00
0.000000000000000000e+00
1.941066141104073883e-01
3.631097794778506138e-01
4.610511236020131687e-01
5.362557990617439208e-01
5.713118824418085273e-01
7.829669208021969862e-01
9.063801166098324202e-01
1.000000000000000000e+00
5.227703658891152960e-01
5.659051239937289424e-01
4.920103220397784027e-01
4.472503913515005758e-01
4.211841081076562743e-01
4.326472957971214117e-01
3.569199519661919728e-01
3.082455740926757781e-01
3.010497085961802433e-01
3.208385278184279765e-01
2.777048672687689179e-01
2.379194413961920329e-01
0.000000000000000000e+00
1.000000000000000000e+00
0.000000000000000000e+00
0.000000000000000000e+00
0.000000000000000000e+00
1.000000000000000000e+00
0.000000000000000000e+00
1.819282208754242347e-01
3.228872067716851424e-01
4.125397950245607293e-01
4.857322144659861340e-01
5.599377308204023240e-01
7.563505791520930277e-01
8.932582284523258309e-01
1.000000000000000000e+00
5.401519731332345975e-01
5.488546341901706649e-01
4.394260326247577120e-01
3.715923796367754384e-01
4.643288934015037950e-01
4.336547966838256718e-01
3.320744815297123065e-01
2.807805287376478054e-01
3.500275960980565593e-01
3.098797593931243433e-01
2.379425395625172079e-01
1.962141344610174032e-01
1.000000000000000000e+00
1.000000000000000000e+00
0.000000000000000000e+00
0.000000000000000000e+00
0.000000000000000000e+00
