-1.000000000000000000e+00
0.000000000000000000e+00
2.251919890114354728e-01
3.761333605692568915e-01
4.680606848192767067e-01
5.367779315300650333e-01
5.937045548633506087e-01
8.080250770774760616e-01
9.249279705382409400e-01
1.000000000000000000e+00
5.635132206096743479e-01
5.631184722934536868e-01
4.783259982620793882e-01
4.310670847909069403e-01
4.716445910710795331e-01
4.232037936528209032e-01
3.434421919223919484e-01
3.017640132925151764e-01
3.530446216839152052e-01
3.109590119778677941e-01
2.575158269044346415e-01
2.166586300159308864e-01
0.000000000000000000e+00
1.000000000000000000e+00
0.000000000000000000e+00
0.000000000000000000e+00
0.000000000000000000e+00
1.000000000000000000e+00
0.000000000000000000e+00
1.800513006047758102e-01
3.215997975304383805e-01
4.214432574456273839e-01
4.853441774771371509e-01
5.536439526569214564e-01
7.519477990566969527e-01
8.865249719705041720e-01
1.000000000000000000e+00
5.448301969830249281e-01
5.507477357585187638e-01
4.300369985477449641e-01
3.679463945688070114e-01
4.890737406798388309e-01
4.408981064706171682e-01
3.307286161940137248e-01
2.932195306513470934e-01
3.985216089846396192e-01
3.274814687753802578e-01
2.469696376582523334e-01
2.225774812631621247e-01
1.000000000000000000e+00
1.000000000000000000e+00
0.000000000000000000e+00
0.000000000000000000e+00
0.000000000000000000e+00
