-1.000000000000000000e+00
0.000000000000000000e+00
2.203215918647049576e-01
3.657799183600469739e-01
4.581907319518443433e-01
5.120430759252899700e-01
5.773047821476737784e-01
7.661688683394157762e-01
9.002223828522389892e-01
1.000000000000000000e+00
5.628777247861942445e-01
5.477545607721043819e-01
4.558437679611223592e-01
4.116081935068597319e-01
4.842972015446818657e-01
4.190225371527530607e-01
3.362260781725380787e-01
3.024649361069876030e-01
3.763013565069091015e-01
3.097886757103477939e-01
2.489913565735442369e-01
2.162314864197797393e-01
0.000000000000000000e+00
1.000000000000000000e+00
0.000000000000000000e+00
0.000000000000000000e+00
0.000000000000000000e+00
1.000000000000000000e+00
0.000000000000000000e+00
1.621521225622967188e-01
3.081036325299220113e-01
3.975649617966169891e-01
4.393099612673521670e-01
5.439387545289479098e-01
7.433948812552338969e-01
8.828488621699839278e-01
1.000000000000000000e+00
5.351930873316088633e-01
5.333748619210963993e-01
4.300008250302587709e-01
3.699005674035921176e-01
4.664066822934234136e-01
4.206242881618050822e-01
3.288438313032896465e-01
2.840282500099561847e-01
3.595115797358122145e-01
3.077883325931544678e-01
2.385109910866283767e-01
2.009546052574473773e-01
1.000000000000000000e+00
1.000000000000000000e+00
0.000000000000000000e+00
0.000000000000000000e+00
0.000000000000000000e+00
