-1.000000000000000000e+00
0.000000000000000000e+00
2.345535340842320182e-01
3.820103718745911925e-01
4.718495539824829055e-01
5.391350987276261053e-01
5.828093871927888525e-01
7.814941757770133002e-01
9.091738470813129913e-01
1.000000000000000000e+00
5.583075697170376550e-01
5.581549763752222670e-01
4.703736578889487485e-01
4.238045537288412379e-01
4.685258399462987611e-01
4.410481379890289766e-01
3.587770022720339624e-01
3.156413494951985088e-01
3.547159371281901064e-01
3.325058328231539351e-01
2.748635735090492194e-01
2.307928434584328725e-01
0.000000000000000000e+00
1.000000000000000000e+00
0.000000000000000000e+00
0.000000000000000000e+00
0.000000000000000000e+00
1.000000000000000000e+00
0.000000000000000000e+00
1.894453816878491903e-01
3.339497704594335814e-01
4.256821891501234578e-01
4.835810908616810511e-01
5.500384513945048015e-01
7.494917074828920667e-01
8.847042844143702123e-01
1.000000000000000000e+00
5.329363594269036497e-01
5.609279220672906963e-01
4.503097298776285728e-01
3.888408684305418861e-01
4.670929809256500476e-01
4.337758940362940741e-01
3.316116578004118520e-01
2.854321420367443851e-01
3.702271129332640465e-01
3.222144729212788605e-01
2.469384829630682510e-01
2.107046835874896440e-01
1.000000000000000000e+00
1.000000000000000000e+00
0.000000000000000000e+00
0.000000000000000000e+00
0.000000000000000000e+00
