-1.000000000000000000e+00
0.000000000000000000e+00
2.433237077350978994e-01
3.923977984107000494e-01
4.874652314208267057e-01
5.687041272699422390e-01
5.946045251766868267e-01
7.972832365723017123e-01
9.169746164063514726e-01
1.000000000000000000e+00
5.762850552441483032e-01
5.818795022506182413e-01
4.947618471362804082e-01
4.450344518738713062e-01
4.923120539154061670e-01
4.534301583476517683e-01
3.724426162032991039e-01
3.245212076667228218e-01
3.821692356113133293e-01
3.519506875242529031e-01
3.073711743504786709e-01
2.695497723759233133e-01
0.000000000000000000e+00
1.000000000000000000e+00
0.000000000000000000e+00
0.000000000000000000e+00
0.000000000000000000e+00
1.000000000000000000e+00
0.000000000000000000e+00
1.768216416898706345e-01
3.144108616293972980e-01
4.076699476191804616e-01
4.681817355544616310e-01
5.510224644728508592e-01
7.462924369603244346e-01
8.846256937456113967e-01
1.000000000000000000e+00
5.402417462613290366e-01
5.439680776373410076e-01
4.341773689417869897e-01
3.785631514244368612e-01
4.777089802212349801e-01
4.298062844243987768e-01
3.313658894200648963e-01
2.931780932925000527e-01
3.788357329008574248e-01
3.221790048193927114e-01
2.479145844543078903e-01
2.168793174000897828e-01
1.000000000000000000e+00
1.000000000000000000e+00
0.000000000000000000e+00
0.000000000000000000e+00
0.000000000000000000e+00
