-1.000000000000000000e+00
0.000000000000000000e+00
1.472291726655930166e-01
2.911888086921370355e-01
3.782871268284363486e-01
4.189684542130446832e-01
5.534829966615064656e-01
7.641906666226653266e-01
8.943062801205688972e-01
1.000000000000000000e+00
5.714790546080819045e-01
4.746138912319001202e-01
3.515696587457352029e-01
3.172446583031928169e-01
5.264532773782584218e-01
3.713725856774380274e-01
2.815620130242650343e-01
2.860379261488343872e-01
4.476247185999851497e-01
2.769828243888927677e-01
2.073172589734030569e-01
2.243647097763731002e-01
1.000000000000000000e+00
1.000000000000000000e+00
0.000000000000000000e+00
0.000000000000000000e+00
0.000000000000000000e+00
0.000000000000000000e+00
0.000000000000000000e+00
0.000000000000000000e+00
0.000000000000000000e+00
0.000000000000000000e+00
0.000000000000000000e+00
0.000000000000000000e+00
0.000000000000000000e+00
0.000000000000000000e+00
0.000000000000000000e+00
0.000000000000000000e+00
0.000000000000000000e+00
0.000000000000000000e+00
0.000000000000000000e+00
0.000000000000000000e+00
0.000000000000000000e+00
0.000000000000000000e+00
0.000000000000000000e+00
0.000000000000000000e+00
0.000000000000000000e+00
0.000000000000000000e+00
0.000000000000000000e+00
0.000000000000000000e+00
0.000000000000000000e+00
0.000000000000000000e+00
0.000000000000000000e+00
0.000000000000000000e+00
