-1.000000000000000000e+00
0.000000000000000000e+00
2.307644540063748528e-01
3.769879633632575167e-01
4.669856329636009051e-01
5.233402262931332594e-01
5.820592018654308086e-01
7.819979971703447941e-01
9.095866502957863364e-01
1.000000000000000000e+00
5.598575593985325449e-01
5.438786636588105461e-01
4.544342427582925836e-01
4.127673716310276686e-01
4.726681056670827830e-01
4.186397398163095862e-01
3.376526904004514829e-01
3.003427467960363417e-01
3.599429224891088075e-01
3.146188093864719093e-01
2.653815903002411103e-01
2.284987014010262940e-01
0.000000000000000000e+00
1.000000000000000000e+00
0.000000000000000000e+00
0.000000000000000000e+00
0.000000000000000000e+00
1.000000000000000000e+00
0.000000000000000000e+00
1.874872158545667911e-01
3.319456841819398152e-01
4.268628116121461757e-01
4.883811005855748788e-01
5.519320553625679526e-01
7.488304375969604409e-01
8.852774445084492516e-01
1.000000000000000000e+00
5.397143433598530216e-01
5.546192580805099359e-01
4.405647120975640374e-01
3.840708081687838060e-01
4.780837455790472590e-01
4.418367352728190256e-01
3.378422930603116603e-01
2.996641778605088624e-01
3.814891071226124697e-01
3.326564525282407203e-01
2.565174004988508005e-01
2.269532853441235953e-01
1.000000000000000000e+00
1.000000000000000000e+00
0.000000000000000000e+00
0.000000000000000000e+00
0.000000000000000000e+00
