-1.000000000000000000e+00
0.000000000000000000e+00
2.287246257085378265e-01
3.671647336421214880e-01
4.588194072957539893e-01
5.285730131608886717e-01
5.736775516196117586e-01
7.699840095147356678e-01
9.021579403065149716e-01
1.000000000000000000e+00
5.513542189322662157e-01
5.489302133735003419e-01
4.577473193413831853e-01
4.084242654521494931e-01
4.661161046196676816e-01
4.228133461155755835e-01
3.418343549889778510e-01
2.974968892022381572e-01
3.518191652566848848e-01
3.191574433019574442e-01
2.694835210626128075e-01
2.285607209372585713e-01
0.000000000000000000e+00
1.000000000000000000e+00
0.000000000000000000e+00
0.000000000000000000e+00
0.000000000000000000e+00
1.000000000000000000e+00
0.000000000000000000e+00
1.834376336518258876e-01
3.311826946924821824e-01
4.213229600790368012e-01
4.839458899413379145e-01
5.521099949922906314e-01
7.484754038541515664e-01
8.825188173506132161e-01
1.000000000000000000e+00
5.433107258885000457e-01
5.545954194376863100e-01
4.419667536853027490e-01
3.790426262234639077e-01
4.849404105795596109e-01
4.429737228658852666e-01
3.405717304034414084e-01
2.983257792363663286e-01
3.930126577401724108e-01
3.396407648963521431e-01
2.619423881332516579e-01
2.332784201041694094e-01
1.000000000000000000e+00
1.000000000000000000e+00
0.000000000000000000e+00
0.000000000000000000e+00
0.000000000000000000e+00
