1.000000000000000000e+00
4.694334864616394043e-01
4.799769520759582520e-01
4.477625191211700439e-01
4.268731474876403809e-01
4.134351015090942383e-01
3.102766871452331543e-01
2.209210395812988281e-01
1.619200706481933594e-01
1.070532947778701782e-01
2.788363993167877197e-01
1.706961542367935181e-01
1.056191176176071167e-01
4.564505815505981445e-02
2.738662660121917725e-01
2.275454998016357422e-01
2.935233712196350098e-01
3.352477252483367920e-01
2.814920544624328613e-01
2.489382624626159668e-01
3.012084364891052246e-01
3.347612917423248291e-01
6.869267225265502930e-01
5.668400526046752930e-01
4.450688958168029785e-01
3.403699398040771484e-01
2.545343935489654541e-01
4.439596831798553467e-01
3.891655802726745605e-01
3.641476929187774658e-01
3.438113927841186523e-01
5.045945644378662109e-01
4.472911357879638672e-01
4.086750447750091553e-01
3.718200027942657471e-01
5.785186886787414551e-01
5.744943618774414062e-01
5.916407108306884766e-01
5.945670008659362793e-01
6.585340499877929688e-01
6.581150889396667480e-01
6.581948995590209961e-01
6.499119400978088379e-01
1.000000000000000000e+00
1.000000000000000000e+00
1.000000000000000000e+00
0.000000000000000000e+00
1.000000000000000000e+00
0.000000000000000000e+00
0.000000000000000000e+00
0.000000000000000000e+00
0.000000000000000000e+00
0.000000000000000000e+00
0.000000000000000000e+00
0.000000000000000000e+00
0.000000000000000000e+00
0.000000000000000000e+00
0.000000000000000000e+00
0.000000000000000000e+00
0.000000000000000000e+00
0.000000000000000000e+00
0.000000000000000000e+00
0.000000000000000000e+00
0.000000000000000000e+00
0.000000000000000000e+00
0.000000000000000000e+00
0.000000000000000000e+00
0.000000000000000000e+00
0.000000000000000000e+00
0.000000000000000000e+00
0.000000000000000000e+00
0.000000000000000000e+00
0.000000000000000000e+00
0.000000000000000000e+00
0.000000000000000000e+00
0.000000000000000000e+00
0.000000000000000000e+00
0.000000000000000000e+00
0.000000000000000000e+00
0.000000000000000000e+00
0.000000000000000000e+00
0.000000000000000000e+00
0.000000000000000000e+00
0.000000000000000000e+00
0.000000000000000000e+00
0.000000000000000000e+00
0.000000000000000000e+00
0.000000000000000000e+00
0.000000000000000000e+00
0.000000000000000000e+00
0.000000000000000000e+00
0.000000000000000000e+00
0.000000000000000000e+00
0.000000000000000000e+00
0.000000000000000000e+00
0.000000000000000000e+00
