1.000000000000000000e+00
4.546236693859100342e-01
4.629348516464233398e-01
4.263311028480529785e-01
3.980259299278259277e-01
3.852825164794921875e-01
2.861834168434143066e-01
1.939065456390380859e-01
1.321898102760314941e-01
7.526786625385284424e-02
2.557605803012847900e-01
1.478721946477890015e-01
8.187338709831237793e-02
2.169898152351379395e-02
2.506726980209350586e-01
2.071603536605834961e-01
2.764827609062194824e-01
3.204738497734069824e-01
2.578971982002258301e-01
2.302392721176147461e-01
2.843279540538787842e-01
3.195790648460388184e-01
6.910530328750610352e-01
5.655147433280944824e-01
4.409350752830505371e-01
3.350830674171447754e-01
2.506154775619506836e-01
4.464730024337768555e-01
3.931354284286499023e-01
3.687494397163391113e-01
3.501183390617370605e-01
5.088914632797241211e-01
4.539459049701690674e-01
4.153680205345153809e-01
3.796458244323730469e-01
5.847721099853515625e-01
5.821293592453002930e-01
5.990007519721984863e-01
6.028772592544555664e-01
6.652004122734069824e-01
6.629351377487182617e-01
6.634564995765686035e-01
6.576070785522460938e-01
1.000000000000000000e+00
1.000000000000000000e+00
1.000000000000000000e+00
0.000000000000000000e+00
1.000000000000000000e+00
0.000000000000000000e+00
0.000000000000000000e+00
0.000000000000000000e+00
0.000000000000000000e+00
0.000000000000000000e+00
0.000000000000000000e+00
0.000000000000000000e+00
0.000000000000000000e+00
0.000000000000000000e+00
0.000000000000000000e+00
0.000000000000000000e+00
0.000000000000000000e+00
0.000000000000000000e+00
0.000000000000000000e+00
0.000000000000000000e+00
0.000000000000000000e+00
0.000000000000000000e+00
0.000000000000000000e+00
0.000000000000000000e+00
0.000000000000000000e+00
0.000000000000000000e+00
0.000000000000000000e+00
0.000000000000000000e+00
0.000000000000000000e+00
0.000000000000000000e+00
0.000000000000000000e+00
0.000000000000000000e+00
0.000000000000000000e+00
0.000000000000000000e+00
0.000000000000000000e+00
0.000000000000000000e+00
0.000000000000000000e+00
0.000000000000000000e+00
0.000000000000000000e+00
0.000000000000000000e+00
0.000000000000000000e+00
0.000000000000000000e+00
0.000000000000000000e+00
0.000000000000000000e+00
0.000000000000000000e+00
0.000000000000000000e+00
0.000000000000000000e+00
0.000000000000000000e+00
0.000000000000000000e+00
0.000000000000000000e+00
0.000000000000000000e+00
0.000000000000000000e+00
0.000000000000000000e+00
