1.000000000000000000e+00
5.428622364997863770e-01
5.471459031105041504e-01
5.161769986152648926e-01
4.884146749973297119e-01
4.724315702915191650e-01
3.910437226295471191e-01
3.132121264934539795e-01
2.617741525173187256e-01
2.140419185161590576e-01
3.697295784950256348e-01
2.787077426910400391e-01
2.219660282135009766e-01
1.694265902042388916e-01
3.711216151714324951e-01
3.394816815853118896e-01
3.945482075214385986e-01
4.272120893001556396e-01
3.836450874805450439e-01
3.565411865711212158e-01
3.988352417945861816e-01
4.264661371707916260e-01
7.580793499946594238e-01
6.427350640296936035e-01
5.369073152542114258e-01
4.517273902893066406e-01
3.777019083499908447e-01
5.458109974861145020e-01
5.033891201019287109e-01
4.852980375289916992e-01
4.717439413070678711e-01
6.035820841789245605e-01
5.606893897056579590e-01
5.299280285835266113e-01
5.018160939216613770e-01
6.715462207794189453e-01
6.637105345726013184e-01
6.769642829895019531e-01
6.818830370903015137e-01
7.414262294769287109e-01
7.359297871589660645e-01
7.337548732757568359e-01
7.301235795021057129e-01
1.000000000000000000e+00
1.000000000000000000e+00
1.000000000000000000e+00
0.000000000000000000e+00
1.000000000000000000e+00
0.000000000000000000e+00
0.000000000000000000e+00
0.000000000000000000e+00
0.000000000000000000e+00
0.000000000000000000e+00
0.000000000000000000e+00
0.000000000000000000e+00
0.000000000000000000e+00
0.000000000000000000e+00
0.000000000000000000e+00
0.000000000000000000e+00
0.000000000000000000e+00
0.000000000000000000e+00
0.000000000000000000e+00
0.000000000000000000e+00
0.000000000000000000e+00
0.000000000000000000e+00
0.000000000000000000e+00
0.000000000000000000e+00
0.000000000000000000e+00
0.000000000000000000e+00
0.000000000000000000e+00
0.000000000000000000e+00
0.000000000000000000e+00
0.000000000000000000e+00
0.000000000000000000e+00
0.000000000000000000e+00
0.000000000000000000e+00
0.000000000000000000e+00
0.000000000000000000e+00
0.000000000000000000e+00
0.000000000000000000e+00
0.000000000000000000e+00
0.000000000000000000e+00
0.000000000000000000e+00
0.000000000000000000e+00
0.000000000000000000e+00
0.000000000000000000e+00
0.000000000000000000e+00
0.000000000000000000e+00
0.000000000000000000e+00
0.000000000000000000e+00
0.000000000000000000e+00
0.000000000000000000e+00
0.000000000000000000e+00
0.000000000000000000e+00
0.000000000000000000e+00
0.000000000000000000e+00
