1.000000000000000000e+00
6.510726809501647949e-01
6.620113849639892578e-01
6.298703551292419434e-01
6.048699617385864258e-01
5.951251387596130371e-01
5.077161788940429688e-01
4.356344342231750488e-01
3.878322541713714600e-01
3.427253067493438721e-01
4.843283891677856445e-01
4.009149670600891113e-01
3.477792739868164062e-01
2.970767319202423096e-01
4.818263649940490723e-01
4.488752484321594238e-01
5.035814642906188965e-01
5.354772210121154785e-01
4.895660579204559326e-01
4.660488367080688477e-01
5.068899393081665039e-01
5.323556661605834961e-01
7.621407508850097656e-01
6.531016826629638672e-01
5.481964945793151855e-01
4.607003927230834961e-01
3.868534266948699951e-01
5.516660809516906738e-01
5.108848214149475098e-01
4.920081496238708496e-01
4.773117601871490479e-01
6.022531390190124512e-01
5.589729547500610352e-01
5.265120863914489746e-01
4.965627491474151611e-01
6.659234762191772461e-01
6.592749357223510742e-01
6.740928888320922852e-01
6.787113547325134277e-01
7.342228889465332031e-01
7.281382083892822266e-01
7.280567884445190430e-01
7.233861088752746582e-01
1.000000000000000000e+00
1.000000000000000000e+00
1.000000000000000000e+00
0.000000000000000000e+00
1.000000000000000000e+00
0.000000000000000000e+00
0.000000000000000000e+00
0.000000000000000000e+00
0.000000000000000000e+00
0.000000000000000000e+00
0.000000000000000000e+00
0.000000000000000000e+00
0.000000000000000000e+00
0.000000000000000000e+00
0.000000000000000000e+00
0.000000000000000000e+00
0.000000000000000000e+00
0.000000000000000000e+00
0.000000000000000000e+00
0.000000000000000000e+00
0.000000000000000000e+00
0.000000000000000000e+00
0.000000000000000000e+00
0.000000000000000000e+00
0.000000000000000000e+00
0.000000000000000000e+00
0.000000000000000000e+00
0.000000000000000000e+00
0.000000000000000000e+00
0.000000000000000000e+00
0.000000000000000000e+00
0.000000000000000000e+00
0.000000000000000000e+00
0.000000000000000000e+00
0.000000000000000000e+00
0.000000000000000000e+00
0.000000000000000000e+00
0.000000000000000000e+00
0.000000000000000000e+00
0.000000000000000000e+00
0.000000000000000000e+00
0.000000000000000000e+00
0.000000000000000000e+00
0.000000000000000000e+00
0.000000000000000000e+00
0.000000000000000000e+00
0.000000000000000000e+00
0.000000000000000000e+00
0.000000000000000000e+00
0.000000000000000000e+00
0.000000000000000000e+00
0.000000000000000000e+00
0.000000000000000000e+00
