1.000000000000000000e+00
5.773792266845703125e-01
5.731757283210754395e-01
5.304736495018005371e-01
4.975407123565673828e-01
4.848993420600891113e-01
4.203590750694274902e-01
3.445047438144683838e-01
2.952535152435302734e-01
2.511689662933349609e-01
4.062939286231994629e-01
3.193256855010986328e-01
2.634816765785217285e-01
2.113490253686904907e-01
4.125205874443054199e-01
3.842883706092834473e-01
4.335096478462219238e-01
4.635556936264038086e-01
4.288811087608337402e-01
4.099489450454711914e-01
4.431309103965759277e-01
4.634370505809783936e-01
7.722615599632263184e-01
6.667674183845520020e-01
5.749319791793823242e-01
5.032707452774047852e-01
4.387609958648681641e-01
6.087408065795898438e-01
5.899606943130493164e-01
5.875667333602905273e-01
5.867872834205627441e-01
6.660273671150207520e-01
6.486366391181945801e-01
6.334353089332580566e-01
6.183579564094543457e-01
7.273676395416259766e-01
7.244814038276672363e-01
7.251832485198974609e-01
7.241254448890686035e-01
7.893208861351013184e-01
7.870247960090637207e-01
7.770080566406250000e-01
7.678062319755554199e-01
1.000000000000000000e+00
1.000000000000000000e+00
1.000000000000000000e+00
1.000000000000000000e+00
1.000000000000000000e+00
0.000000000000000000e+00
0.000000000000000000e+00
0.000000000000000000e+00
0.000000000000000000e+00
0.000000000000000000e+00
0.000000000000000000e+00
0.000000000000000000e+00
0.000000000000000000e+00
0.000000000000000000e+00
0.000000000000000000e+00
0.000000000000000000e+00
0.000000000000000000e+00
0.000000000000000000e+00
0.000000000000000000e+00
0.000000000000000000e+00
0.000000000000000000e+00
0.000000000000000000e+00
0.000000000000000000e+00
0.000000000000000000e+00
0.000000000000000000e+00
0.000000000000000000e+00
0.000000000000000000e+00
0.000000000000000000e+00
0.000000000000000000e+00
0.000000000000000000e+00
0.000000000000000000e+00
0.000000000000000000e+00
0.000000000000000000e+00
0.000000000000000000e+00
0.000000000000000000e+00
0.000000000000000000e+00
0.000000000000000000e+00
0.000000000000000000e+00
0.000000000000000000e+00
0.000000000000000000e+00
0.000000000000000000e+00
0.000000000000000000e+00
0.000000000000000000e+00
0.000000000000000000e+00
0.000000000000000000e+00
0.000000000000000000e+00
0.000000000000000000e+00
0.000000000000000000e+00
0.000000000000000000e+00
0.000000000000000000e+00
0.000000000000000000e+00
0.000000000000000000e+00
0.000000000000000000e+00
