1.000000000000000000e+00
5.665230751037597656e-01
5.635424256324768066e-01
5.209699273109436035e-01
4.878144264221191406e-01
4.717523455619812012e-01
4.091255664825439453e-01
3.345938920974731445e-01
2.860941290855407715e-01
2.416823059320449829e-01
3.944907486438751221e-01
3.086579442024230957e-01
2.539630532264709473e-01
2.019140869379043579e-01
4.005980193614959717e-01
3.707332909107208252e-01
4.227928221225738525e-01
4.529784023761749268e-01
4.170516729354858398e-01
3.984705805778503418e-01
4.364900290966033936e-01
4.591543376445770264e-01
6.898297071456909180e-01
5.873370170593261719e-01
4.985546171665191650e-01
4.226551949977874756e-01
3.553866744041442871e-01
5.296228528022766113e-01
5.108940601348876953e-01
5.064975023269653320e-01
5.041943788528442383e-01
5.843486189842224121e-01
5.666968822479248047e-01
5.516098737716674805e-01
5.374677777290344238e-01
6.443231701850891113e-01
6.430696249008178711e-01
6.444869041442871094e-01
6.427035927772521973e-01
7.055271863937377930e-01
7.024827003479003906e-01
6.940100789070129395e-01
6.851429343223571777e-01
1.000000000000000000e+00
1.000000000000000000e+00
1.000000000000000000e+00
1.000000000000000000e+00
1.000000000000000000e+00
0.000000000000000000e+00
0.000000000000000000e+00
0.000000000000000000e+00
0.000000000000000000e+00
0.000000000000000000e+00
0.000000000000000000e+00
0.000000000000000000e+00
0.000000000000000000e+00
0.000000000000000000e+00
0.000000000000000000e+00
0.000000000000000000e+00
0.000000000000000000e+00
0.000000000000000000e+00
0.000000000000000000e+00
0.000000000000000000e+00
0.000000000000000000e+00
0.000000000000000000e+00
0.000000000000000000e+00
0.000000000000000000e+00
0.000000000000000000e+00
0.000000000000000000e+00
0.000000000000000000e+00
0.000000000000000000e+00
0.000000000000000000e+00
0.000000000000000000e+00
0.000000000000000000e+00
0.000000000000000000e+00
0.000000000000000000e+00
0.000000000000000000e+00
0.000000000000000000e+00
0.000000000000000000e+00
0.000000000000000000e+00
0.000000000000000000e+00
0.000000000000000000e+00
0.000000000000000000e+00
0.000000000000000000e+00
0.000000000000000000e+00
0.000000000000000000e+00
0.000000000000000000e+00
0.000000000000000000e+00
0.000000000000000000e+00
0.000000000000000000e+00
0.000000000000000000e+00
0.000000000000000000e+00
0.000000000000000000e+00
0.000000000000000000e+00
0.000000000000000000e+00
0.000000000000000000e+00
