-1.000000000000000000e+00
3.457471728324890137e-01
4.233997166156768799e-01
4.948543012142181396e-01
5.482966899871826172e-01
5.961832404136657715e-01
4.551648497581481934e-01
4.894807636737823486e-01
5.080143809318542480e-01
5.210955739021301270e-01
4.106919169425964355e-01
4.248541295528411865e-01
4.302394986152648926e-01
4.325412511825561523e-01
3.672799766063690186e-01
3.750068247318267822e-01
3.776235580444335938e-01
3.794613480567932129e-01
3.235948979854583740e-01
2.974061369895935059e-01
2.785385251045227051e-01
2.639026641845703125e-01
8.030777573585510254e-01
7.847135663032531738e-01
7.305267453193664551e-01
6.827322840690612793e-01
6.695967912673950195e-01
5.683774948120117188e-01
4.839037656784057617e-01
4.271927475929260254e-01
3.782239854335784912e-01
5.428250432014465332e-01
4.339034855365753174e-01
3.680085837841033936e-01
3.156971335411071777e-01
5.443870425224304199e-01
4.423829317092895508e-01
3.788199722766876221e-01
3.265306055545806885e-01
5.683876872062683105e-01
4.943878054618835449e-01
4.439965486526489258e-01
3.971806764602661133e-01
0.000000000000000000e+00
1.000000000000000000e+00
1.000000000000000000e+00
1.000000000000000000e+00
1.000000000000000000e+00
0.000000000000000000e+00
0.000000000000000000e+00
0.000000000000000000e+00
0.000000000000000000e+00
0.000000000000000000e+00
0.000000000000000000e+00
0.000000000000000000e+00
0.000000000000000000e+00
0.000000000000000000e+00
0.000000000000000000e+00
0.000000000000000000e+00
0.000000000000000000e+00
0.000000000000000000e+00
0.000000000000000000e+00
0.000000000000000000e+00
0.000000000000000000e+00
0.000000000000000000e+00
0.000000000000000000e+00
0.000000000000000000e+00
0.000000000000000000e+00
0.000000000000000000e+00
0.000000000000000000e+00
0.000000000000000000e+00
0.000000000000000000e+00
0.000000000000000000e+00
0.000000000000000000e+00
0.000000000000000000e+00
0.000000000000000000e+00
0.000000000000000000e+00
0.000000000000000000e+00
0.000000000000000000e+00
0.000000000000000000e+00
0.000000000000000000e+00
0.000000000000000000e+00
0.000000000000000000e+00
0.000000000000000000e+00
0.000000000000000000e+00
0.000000000000000000e+00
0.000000000000000000e+00
0.000000000000000000e+00
0.000000000000000000e+00
0.000000000000000000e+00
0.000000000000000000e+00
0.000000000000000000e+00
0.000000000000000000e+00
0.000000000000000000e+00
0.000000000000000000e+00
0.000000000000000000e+00
