-1.000000000000000000e+00
4.315487146377563477e-01
5.076904892921447754e-01
5.828124284744262695e-01
6.397127509117126465e-01
6.895424127578735352e-01
5.507889986038208008e-01
5.904783606529235840e-01
6.140511631965637207e-01
6.321950554847717285e-01
5.098946094512939453e-01
5.324878096580505371e-01
5.431634187698364258e-01
5.491442084312438965e-01
4.680414199829101562e-01
4.814347624778747559e-01
4.876270890235900879e-01
4.922230839729309082e-01
4.253482818603515625e-01
4.029812216758728027e-01
3.867102563381195068e-01
3.742938637733459473e-01
7.464852333068847656e-01
7.356658577919006348e-01
6.966412663459777832e-01
6.629226207733154297e-01
6.477831006050109863e-01
5.281783342361450195e-01
4.487957060337066650e-01
3.970102667808532715e-01
3.488641679286956787e-01
4.969635903835296631e-01
3.929325938224792480e-01
3.271650075912475586e-01
2.708979845046997070e-01
4.916810393333435059e-01
3.928201198577880859e-01
3.320634365081787109e-01
2.808483242988586426e-01
5.078252553939819336e-01
4.291714429855346680e-01
3.765053749084472656e-01
3.282685875892639160e-01
0.000000000000000000e+00
1.000000000000000000e+00
1.000000000000000000e+00
1.000000000000000000e+00
1.000000000000000000e+00
0.000000000000000000e+00
0.000000000000000000e+00
0.000000000000000000e+00
0.000000000000000000e+00
0.000000000000000000e+00
0.000000000000000000e+00
0.000000000000000000e+00
0.000000000000000000e+00
0.000000000000000000e+00
0.000000000000000000e+00
0.000000000000000000e+00
0.000000000000000000e+00
0.000000000000000000e+00
0.000000000000000000e+00
0.000000000000000000e+00
0.000000000000000000e+00
0.000000000000000000e+00
0.000000000000000000e+00
0.000000000000000000e+00
0.000000000000000000e+00
0.000000000000000000e+00
0.000000000000000000e+00
0.000000000000000000e+00
0.000000000000000000e+00
0.000000000000000000e+00
0.000000000000000000e+00
0.000000000000000000e+00
0.000000000000000000e+00
0.000000000000000000e+00
0.000000000000000000e+00
0.000000000000000000e+00
0.000000000000000000e+00
0.000000000000000000e+00
0.000000000000000000e+00
0.000000000000000000e+00
0.000000000000000000e+00
0.000000000000000000e+00
0.000000000000000000e+00
0.000000000000000000e+00
0.000000000000000000e+00
0.000000000000000000e+00
0.000000000000000000e+00
0.000000000000000000e+00
0.000000000000000000e+00
0.000000000000000000e+00
0.000000000000000000e+00
0.000000000000000000e+00
0.000000000000000000e+00
