-1.000000000000000000e+00
2.417981922626495361e-01
3.375166356563568115e-01
4.194950461387634277e-01
4.804493486881256104e-01
5.294702053070068359e-01
3.687404096126556396e-01
4.034898281097412109e-01
4.212219715118408203e-01
4.330035448074340820e-01
3.143403828144073486e-01
3.239694535732269287e-01
3.259676694869995117e-01
3.247899711132049561e-01
2.586217820644378662e-01
2.612787485122680664e-01
2.650161087512969971e-01
2.662013173103332520e-01
2.011562287807464600e-01
1.686061918735504150e-01
1.470468342304229736e-01
1.298692226409912109e-01
6.982265710830688477e-01
6.729740500450134277e-01
6.017552018165588379e-01
5.384260416030883789e-01
5.117223858833312988e-01
4.144654870033264160e-01
3.041119575500488281e-01
2.327484786510467529e-01
1.669461727142333984e-01
3.854503631591796875e-01
2.543631792068481445e-01
1.706917881965637207e-01
9.876915812492370605e-02
3.893297910690307617e-01
2.650266289710998535e-01
1.794970035552978516e-01
1.073246896266937256e-01
4.200190901756286621e-01
3.273565173149108887e-01
2.642865180969238281e-01
2.049383521080017090e-01
0.000000000000000000e+00
1.000000000000000000e+00
1.000000000000000000e+00
1.000000000000000000e+00
1.000000000000000000e+00
0.000000000000000000e+00
0.000000000000000000e+00
0.000000000000000000e+00
0.000000000000000000e+00
0.000000000000000000e+00
0.000000000000000000e+00
0.000000000000000000e+00
0.000000000000000000e+00
0.000000000000000000e+00
0.000000000000000000e+00
0.000000000000000000e+00
0.000000000000000000e+00
0.000000000000000000e+00
0.000000000000000000e+00
0.000000000000000000e+00
0.000000000000000000e+00
0.000000000000000000e+00
0.000000000000000000e+00
0.000000000000000000e+00
0.000000000000000000e+00
0.000000000000000000e+00
0.000000000000000000e+00
0.000000000000000000e+00
0.000000000000000000e+00
0.000000000000000000e+00
0.000000000000000000e+00
0.000000000000000000e+00
0.000000000000000000e+00
0.000000000000000000e+00
0.000000000000000000e+00
0.000000000000000000e+00
0.000000000000000000e+00
0.000000000000000000e+00
0.000000000000000000e+00
0.000000000000000000e+00
0.000000000000000000e+00
0.000000000000000000e+00
0.000000000000000000e+00
0.000000000000000000e+00
0.000000000000000000e+00
0.000000000000000000e+00
0.000000000000000000e+00
0.000000000000000000e+00
0.000000000000000000e+00
0.000000000000000000e+00
0.000000000000000000e+00
0.000000000000000000e+00
0.000000000000000000e+00
