-1.000000000000000000e+00
2.355622202157974243e-01
3.319900929927825928e-01
4.143873155117034912e-01
4.728962182998657227e-01
5.219303369522094727e-01
3.606727123260498047e-01
3.992440998554229736e-01
4.191550016403198242e-01
4.323615133762359619e-01
3.059756457805633545e-01
3.185555636882781982e-01
3.216930925846099854e-01
3.207212388515472412e-01
2.515332698822021484e-01
2.545207738876342773e-01
2.576932311058044434e-01
2.590615153312683105e-01
1.949117481708526611e-01
1.608347743749618530e-01
1.382935345172882080e-01
1.203867495059967041e-01
6.985789537429809570e-01
6.723036170005798340e-01
6.079446673393249512e-01
5.482425689697265625e-01
5.172337293624877930e-01
4.154309630393981934e-01
3.072475194931030273e-01
2.323086261749267578e-01
1.643959879875183105e-01
3.873704075813293457e-01
2.536538243293762207e-01
1.676860451698303223e-01
9.506839513778686523e-02
3.933209478855133057e-01
2.698053717613220215e-01
1.845419108867645264e-01
1.103506386280059814e-01
4.238405525684356689e-01
3.328487277030944824e-01
2.698100209236145020e-01
2.091442644596099854e-01
0.000000000000000000e+00
1.000000000000000000e+00
1.000000000000000000e+00
1.000000000000000000e+00
1.000000000000000000e+00
0.000000000000000000e+00
0.000000000000000000e+00
0.000000000000000000e+00
0.000000000000000000e+00
0.000000000000000000e+00
0.000000000000000000e+00
0.000000000000000000e+00
0.000000000000000000e+00
0.000000000000000000e+00
0.000000000000000000e+00
0.000000000000000000e+00
0.000000000000000000e+00
0.000000000000000000e+00
0.000000000000000000e+00
0.000000000000000000e+00
0.000000000000000000e+00
0.000000000000000000e+00
0.000000000000000000e+00
0.000000000000000000e+00
0.000000000000000000e+00
0.000000000000000000e+00
0.000000000000000000e+00
0.000000000000000000e+00
0.000000000000000000e+00
0.000000000000000000e+00
0.000000000000000000e+00
0.000000000000000000e+00
0.000000000000000000e+00
0.000000000000000000e+00
0.000000000000000000e+00
0.000000000000000000e+00
0.000000000000000000e+00
0.000000000000000000e+00
0.000000000000000000e+00
0.000000000000000000e+00
0.000000000000000000e+00
0.000000000000000000e+00
0.000000000000000000e+00
0.000000000000000000e+00
0.000000000000000000e+00
0.000000000000000000e+00
0.000000000000000000e+00
0.000000000000000000e+00
0.000000000000000000e+00
0.000000000000000000e+00
0.000000000000000000e+00
0.000000000000000000e+00
0.000000000000000000e+00
