-1.000000000000000000e+00
2.302052676677703857e-01
3.265230059623718262e-01
4.080015420913696289e-01
4.658120274543762207e-01
5.155478715896606445e-01
3.538003265857696533e-01
3.931961953639984131e-01
4.143800437450408936e-01
4.282550513744354248e-01
2.997776567935943604e-01
3.137142658233642578e-01
3.170731067657470703e-01
3.165800273418426514e-01
2.455903589725494385e-01
2.502055764198303223e-01
2.533805668354034424e-01
2.550076246261596680e-01
1.886185854673385620e-01
1.543793082237243652e-01
1.319979429244995117e-01
1.149328947067260742e-01
7.066437005996704102e-01
6.807769536972045898e-01
6.153888106346130371e-01
5.526707172393798828e-01
5.195922851562500000e-01
4.240613579750061035e-01
3.157418370246887207e-01
2.422642111778259277e-01
1.748912632465362549e-01
3.959068953990936279e-01
2.617009878158569336e-01
1.763014793395996094e-01
1.038236021995544434e-01
4.009215533733367920e-01
2.750157415866851807e-01
1.897521018981933594e-01
1.167659163475036621e-01
4.306743144989013672e-01
3.360980451107025146e-01
2.712655365467071533e-01
2.090012431144714355e-01
0.000000000000000000e+00
1.000000000000000000e+00
1.000000000000000000e+00
1.000000000000000000e+00
1.000000000000000000e+00
0.000000000000000000e+00
0.000000000000000000e+00
0.000000000000000000e+00
0.000000000000000000e+00
0.000000000000000000e+00
0.000000000000000000e+00
0.000000000000000000e+00
0.000000000000000000e+00
0.000000000000000000e+00
0.000000000000000000e+00
0.000000000000000000e+00
0.000000000000000000e+00
0.000000000000000000e+00
0.000000000000000000e+00
0.000000000000000000e+00
0.000000000000000000e+00
0.000000000000000000e+00
0.000000000000000000e+00
0.000000000000000000e+00
0.000000000000000000e+00
0.000000000000000000e+00
0.000000000000000000e+00
0.000000000000000000e+00
0.000000000000000000e+00
0.000000000000000000e+00
0.000000000000000000e+00
0.000000000000000000e+00
0.000000000000000000e+00
0.000000000000000000e+00
0.000000000000000000e+00
0.000000000000000000e+00
0.000000000000000000e+00
0.000000000000000000e+00
0.000000000000000000e+00
0.000000000000000000e+00
0.000000000000000000e+00
0.000000000000000000e+00
0.000000000000000000e+00
0.000000000000000000e+00
0.000000000000000000e+00
0.000000000000000000e+00
0.000000000000000000e+00
0.000000000000000000e+00
0.000000000000000000e+00
0.000000000000000000e+00
0.000000000000000000e+00
0.000000000000000000e+00
0.000000000000000000e+00
