-1.000000000000000000e+00
2.286794483661651611e-01
3.250368535518646240e-01
4.059693515300750732e-01
4.632468819618225098e-01
5.125799179077148438e-01
3.507539033889770508e-01
3.898144066333770752e-01
4.106764197349548340e-01
4.244045913219451904e-01
2.959400415420532227e-01
3.098307549953460693e-01
3.133663237094879150e-01
3.126552104949951172e-01
2.415287941694259644e-01
2.452206909656524658e-01
2.482372075319290161e-01
2.498034536838531494e-01
1.853289306163787842e-01
1.516249626874923706e-01
1.294253319501876831e-01
1.124888360500335693e-01
7.081191539764404297e-01
6.828151345252990723e-01
6.185588240623474121e-01
5.573476552963256836e-01
5.224632024765014648e-01
4.273519217967987061e-01
3.199180364608764648e-01
2.454359531402587891e-01
1.781799197196960449e-01
3.983550667762756348e-01
2.641320824623107910e-01
1.781046688556671143e-01
1.067129075527191162e-01
4.034124612808227539e-01
2.780672609806060791e-01
1.936080753803253174e-01
1.211307346820831299e-01
4.334320425987243652e-01
3.415886461734771729e-01
2.776063084602355957e-01
2.159128040075302124e-01
0.000000000000000000e+00
1.000000000000000000e+00
1.000000000000000000e+00
1.000000000000000000e+00
1.000000000000000000e+00
0.000000000000000000e+00
0.000000000000000000e+00
0.000000000000000000e+00
0.000000000000000000e+00
0.000000000000000000e+00
0.000000000000000000e+00
0.000000000000000000e+00
0.000000000000000000e+00
0.000000000000000000e+00
0.000000000000000000e+00
0.000000000000000000e+00
0.000000000000000000e+00
0.000000000000000000e+00
0.000000000000000000e+00
0.000000000000000000e+00
0.000000000000000000e+00
0.000000000000000000e+00
0.000000000000000000e+00
0.000000000000000000e+00
0.000000000000000000e+00
0.000000000000000000e+00
0.000000000000000000e+00
0.000000000000000000e+00
0.000000000000000000e+00
0.000000000000000000e+00
0.000000000000000000e+00
0.000000000000000000e+00
0.000000000000000000e+00
0.000000000000000000e+00
0.000000000000000000e+00
0.000000000000000000e+00
0.000000000000000000e+00
0.000000000000000000e+00
0.000000000000000000e+00
0.000000000000000000e+00
0.000000000000000000e+00
0.000000000000000000e+00
0.000000000000000000e+00
0.000000000000000000e+00
0.000000000000000000e+00
0.000000000000000000e+00
0.000000000000000000e+00
0.000000000000000000e+00
0.000000000000000000e+00
0.000000000000000000e+00
0.000000000000000000e+00
0.000000000000000000e+00
0.000000000000000000e+00
