-1.000000000000000000e+00
2.282138168811798096e-01
3.247678875923156738e-01
4.064823091030120850e-01
4.631953537464141846e-01
5.121884942054748535e-01
3.505214154720306396e-01
3.895329833030700684e-01
4.103294312953948975e-01
4.242452383041381836e-01
2.960039973258972168e-01
3.093295693397521973e-01
3.123511373996734619e-01
3.111456334590911865e-01
2.418638318777084351e-01
2.457626461982727051e-01
2.491590976715087891e-01
2.508478164672851562e-01
1.855582147836685181e-01
1.530947685241699219e-01
1.317800432443618774e-01
1.150857061147689819e-01
7.090417146682739258e-01
6.835272312164306641e-01
6.197863221168518066e-01
5.574604272842407227e-01
5.230069160461425781e-01
4.282498955726623535e-01
3.203026652336120605e-01
2.457725256681442261e-01
1.773062944412231445e-01
3.994748890399932861e-01
2.648659348487854004e-01
1.783950924873352051e-01
1.056078970432281494e-01
4.049746692180633545e-01
2.814126014709472656e-01
1.969574093818664551e-01
1.240030229091644287e-01
4.354124069213867188e-01
3.434838950634002686e-01
2.797269821166992188e-01
2.180976569652557373e-01
0.000000000000000000e+00
1.000000000000000000e+00
1.000000000000000000e+00
1.000000000000000000e+00
1.000000000000000000e+00
0.000000000000000000e+00
0.000000000000000000e+00
0.000000000000000000e+00
0.000000000000000000e+00
0.000000000000000000e+00
0.000000000000000000e+00
0.000000000000000000e+00
0.000000000000000000e+00
0.000000000000000000e+00
0.000000000000000000e+00
0.000000000000000000e+00
0.000000000000000000e+00
0.000000000000000000e+00
0.000000000000000000e+00
0.000000000000000000e+00
0.000000000000000000e+00
0.000000000000000000e+00
0.000000000000000000e+00
0.000000000000000000e+00
0.000000000000000000e+00
0.000000000000000000e+00
0.000000000000000000e+00
0.000000000000000000e+00
0.000000000000000000e+00
0.000000000000000000e+00
0.000000000000000000e+00
0.000000000000000000e+00
0.000000000000000000e+00
0.000000000000000000e+00
0.000000000000000000e+00
0.000000000000000000e+00
0.000000000000000000e+00
0.000000000000000000e+00
0.000000000000000000e+00
0.000000000000000000e+00
0.000000000000000000e+00
0.000000000000000000e+00
0.000000000000000000e+00
0.000000000000000000e+00
0.000000000000000000e+00
0.000000000000000000e+00
0.000000000000000000e+00
0.000000000000000000e+00
0.000000000000000000e+00
0.000000000000000000e+00
0.000000000000000000e+00
0.000000000000000000e+00
0.000000000000000000e+00
