-1.000000000000000000e+00
2.273521423339843750e-01
3.218041062355041504e-01
4.004410207271575928e-01
4.571556448936462402e-01
5.062044858932495117e-01
3.459952771663665771e-01
3.834273815155029297e-01
4.026725292205810547e-01
4.152442812919616699e-01
2.908260822296142578e-01
3.034629225730895996e-01
3.058793842792510986e-01
3.042804598808288574e-01
2.360748648643493652e-01
2.394401580095291138e-01
2.419894933700561523e-01
2.428939193487167358e-01
1.793505251407623291e-01
1.473082602024078369e-01
1.256392002105712891e-01
1.091297119855880737e-01
7.140523195266723633e-01
6.855713129043579102e-01
6.209480762481689453e-01
5.597066879272460938e-01
5.237418413162231445e-01
4.305011034011840820e-01
3.224462568759918213e-01
2.481111586093902588e-01
1.803769171237945557e-01
4.032782912254333496e-01
2.708432972431182861e-01
1.841907799243927002e-01
1.107794642448425293e-01
4.095520973205566406e-01
2.863022685050964355e-01
2.009688019752502441e-01
1.264463961124420166e-01
4.401916861534118652e-01
3.496736586093902588e-01
2.861210107803344727e-01
2.233808040618896484e-01
0.000000000000000000e+00
1.000000000000000000e+00
1.000000000000000000e+00
1.000000000000000000e+00
1.000000000000000000e+00
0.000000000000000000e+00
0.000000000000000000e+00
0.000000000000000000e+00
0.000000000000000000e+00
0.000000000000000000e+00
0.000000000000000000e+00
0.000000000000000000e+00
0.000000000000000000e+00
0.000000000000000000e+00
0.000000000000000000e+00
0.000000000000000000e+00
0.000000000000000000e+00
0.000000000000000000e+00
0.000000000000000000e+00
0.000000000000000000e+00
0.000000000000000000e+00
0.000000000000000000e+00
0.000000000000000000e+00
0.000000000000000000e+00
0.000000000000000000e+00
0.000000000000000000e+00
0.000000000000000000e+00
0.000000000000000000e+00
0.000000000000000000e+00
0.000000000000000000e+00
0.000000000000000000e+00
0.000000000000000000e+00
0.000000000000000000e+00
0.000000000000000000e+00
0.000000000000000000e+00
0.000000000000000000e+00
0.000000000000000000e+00
0.000000000000000000e+00
0.000000000000000000e+00
0.000000000000000000e+00
0.000000000000000000e+00
0.000000000000000000e+00
0.000000000000000000e+00
0.000000000000000000e+00
0.000000000000000000e+00
0.000000000000000000e+00
0.000000000000000000e+00
0.000000000000000000e+00
0.000000000000000000e+00
0.000000000000000000e+00
0.000000000000000000e+00
0.000000000000000000e+00
0.000000000000000000e+00
