-1.000000000000000000e+00
2.296536564826965332e-01
3.257228136062622070e-01
4.050045907497406006e-01
4.607575535774230957e-01
5.105767250061035156e-01
3.497158586978912354e-01
3.875303864479064941e-01
4.061289131641387939e-01
4.180638194084167480e-01
2.947782576084136963e-01
3.052816689014434814e-01
3.061913549900054932e-01
3.029035329818725586e-01
2.400814741849899292e-01
2.421641647815704346e-01
2.445712387561798096e-01
2.450394779443740845e-01
1.834874153137207031e-01
1.508137732744216919e-01
1.289121061563491821e-01
1.116386502981185913e-01
7.187415361404418945e-01
6.885577440261840820e-01
6.249260306358337402e-01
5.641300678253173828e-01
5.274571180343627930e-01
4.332811236381530762e-01
3.247741460800170898e-01
2.492127567529678345e-01
1.791259050369262695e-01
4.057038426399230957e-01
2.722788453102111816e-01
1.840710937976837158e-01
1.086617708206176758e-01
4.121350646018981934e-01
2.891003191471099854e-01
2.032643854618072510e-01
1.279641091823577881e-01
4.428304433822631836e-01
3.511423468589782715e-01
2.867800593376159668e-01
2.230836600065231323e-01
0.000000000000000000e+00
1.000000000000000000e+00
1.000000000000000000e+00
1.000000000000000000e+00
1.000000000000000000e+00
0.000000000000000000e+00
0.000000000000000000e+00
0.000000000000000000e+00
0.000000000000000000e+00
0.000000000000000000e+00
0.000000000000000000e+00
0.000000000000000000e+00
0.000000000000000000e+00
0.000000000000000000e+00
0.000000000000000000e+00
0.000000000000000000e+00
0.000000000000000000e+00
0.000000000000000000e+00
0.000000000000000000e+00
0.000000000000000000e+00
0.000000000000000000e+00
0.000000000000000000e+00
0.000000000000000000e+00
0.000000000000000000e+00
0.000000000000000000e+00
0.000000000000000000e+00
0.000000000000000000e+00
0.000000000000000000e+00
0.000000000000000000e+00
0.000000000000000000e+00
0.000000000000000000e+00
0.000000000000000000e+00
0.000000000000000000e+00
0.000000000000000000e+00
0.000000000000000000e+00
0.000000000000000000e+00
0.000000000000000000e+00
0.000000000000000000e+00
0.000000000000000000e+00
0.000000000000000000e+00
0.000000000000000000e+00
0.000000000000000000e+00
0.000000000000000000e+00
0.000000000000000000e+00
0.000000000000000000e+00
0.000000000000000000e+00
0.000000000000000000e+00
0.000000000000000000e+00
0.000000000000000000e+00
0.000000000000000000e+00
0.000000000000000000e+00
0.000000000000000000e+00
0.000000000000000000e+00
