0.000000000000000000e+00
0.000000000000000000e+00
0.000000000000000000e+00
0.000000000000000000e+00
0.000000000000000000e+00
0.000000000000000000e+00
0.000000000000000000e+00
0.000000000000000000e+00
0.000000000000000000e+00
0.000000000000000000e+00
0.000000000000000000e+00
0.000000000000000000e+00
0.000000000000000000e+00
0.000000000000000000e+00
0.000000000000000000e+00
0.000000000000000000e+00
0.000000000000000000e+00
0.000000000000000000e+00
0.000000000000000000e+00
0.000000000000000000e+00
0.000000000000000000e+00
0.000000000000000000e+00
0.000000000000000000e+00
0.000000000000000000e+00
0.000000000000000000e+00
0.000000000000000000e+00
0.000000000000000000e+00
0.000000000000000000e+00
0.000000000000000000e+00
0.000000000000000000e+00
0.000000000000000000e+00
0.000000000000000000e+00
0.000000000000000000e+00
0.000000000000000000e+00
0.000000000000000000e+00
0.000000000000000000e+00
0.000000000000000000e+00
0.000000000000000000e+00
0.000000000000000000e+00
0.000000000000000000e+00
0.000000000000000000e+00
0.000000000000000000e+00
0.000000000000000000e+00
0.000000000000000000e+00
0.000000000000000000e+00
0.000000000000000000e+00
0.000000000000000000e+00
0.000000000000000000e+00
1.000000000000000000e+00
6.108381152153015137e-01
6.753784418106079102e-01
6.942571401596069336e-01
6.921676993370056152e-01
6.787502169609069824e-01
5.910850763320922852e-01
6.245331764221191406e-01
6.603163480758666992e-01
6.648455858230590820e-01
5.627216100692749023e-01
6.068144440650939941e-01
6.511995196342468262e-01
6.619881391525268555e-01
5.535875558853149414e-01
6.082721948623657227e-01
6.466251611709594727e-01
6.522344350814819336e-01
5.467717051506042480e-01
5.969734191894531250e-01
6.317617893218994141e-01
6.414633989334106445e-01
9.406197667121887207e-01
9.125267863273620605e-01
8.561668992042541504e-01
8.025958538055419922e-01
7.582332491874694824e-01
7.958564758300781250e-01
6.952918171882629395e-01
7.095133066177368164e-01
7.449404597282409668e-01
7.839220762252807617e-01
6.855239272117614746e-01
7.031661272048950195e-01
7.402133345603942871e-01
7.745027542114257812e-01
6.865422725677490234e-01
7.089424729347229004e-01
7.472177147865295410e-01
7.689122557640075684e-01
7.030963301658630371e-01
7.197303771972656250e-01
7.496289014816284180e-01
1.000000000000000000e+00
0.000000000000000000e+00
0.000000000000000000e+00
0.000000000000000000e+00
0.000000000000000000e+00
