-1.000000000000000000e+00
2.499467432498931885e-01
3.401712179183959961e-01
4.175940752029418945e-01
4.744334220886230469e-01
5.238502025604248047e-01
3.693585395812988281e-01
4.061769247055053711e-01
4.251715540885925293e-01
4.384042918682098389e-01
3.175979256629943848e-01
3.296647369861602783e-01
3.327315449714660645e-01
3.321688473224639893e-01
2.660210132598876953e-01
2.712911367416381836e-01
2.761750519275665283e-01
2.791627049446105957e-01
2.121422290802001953e-01
1.866744607686996460e-01
1.705132871866226196e-01
1.581398546695709229e-01
7.226202487945556641e-01
6.936879158020019531e-01
6.296701431274414062e-01
5.706295967102050781e-01
5.365406870841979980e-01
4.459362030029296875e-01
3.410835266113281250e-01
2.711545228958129883e-01
2.051415145397186279e-01
4.193477928638458252e-01
2.907145321369171143e-01
2.079490125179290771e-01
1.360025107860565186e-01
4.248176515102386475e-01
3.064546585083007812e-01
2.246458530426025391e-01
1.519309878349304199e-01
4.536086320877075195e-01
3.609271943569183350e-01
2.963494658470153809e-01
2.334230244159698486e-01
0.000000000000000000e+00
1.000000000000000000e+00
1.000000000000000000e+00
1.000000000000000000e+00
1.000000000000000000e+00
1.000000000000000000e+00
7.933195829391479492e-01
7.447962164878845215e-01
7.073630690574645996e-01
7.116292119026184082e-01
7.335987687110900879e-01
6.925614476203918457e-01
6.672257781028747559e-01
6.551305055618286133e-01
6.487141251564025879e-01
7.414384484291076660e-01
7.396810650825500488e-01
7.387180328369140625e-01
7.360036969184875488e-01
7.893599867820739746e-01
7.903308272361755371e-01
7.811479568481445312e-01
7.747170925140380859e-01
8.321902155876159668e-01
8.316477537155151367e-01
8.208531737327575684e-01
8.156359195709228516e-01
7.469714879989624023e-01
7.229489088058471680e-01
6.638895273208618164e-01
5.934895873069763184e-01
5.336998701095581055e-01
5.282972455024719238e-01
4.206042587757110596e-01
3.564431667327880859e-01
2.926774322986602783e-01
5.262866020202636719e-01
4.811936020851135254e-01
5.584738850593566895e-01
5.794540643692016602e-01
5.393456220626831055e-01
5.110663175582885742e-01
5.893956422805786133e-01
6.036980748176574707e-01
5.637907981872558594e-01
5.431949496269226074e-01
5.992993712425231934e-01
6.140364408493041992e-01
0.000000000000000000e+00
1.000000000000000000e+00
0.000000000000000000e+00
0.000000000000000000e+00
0.000000000000000000e+00
