-1.000000000000000000e+00
2.660472691059112549e-01
3.573267161846160889e-01
4.342468976974487305e-01
4.895541369915008545e-01
5.380204916000366211e-01
3.828250169754028320e-01
4.195441603660583496e-01
4.392196536064147949e-01
4.534040987491607666e-01
3.333124220371246338e-01
3.453131020069122314e-01
3.488682210445404053e-01
3.483057022094726562e-01
2.837755680084228516e-01
2.889841198921203613e-01
2.942360639572143555e-01
2.968926131725311279e-01
2.315872609615325928e-01
2.083112448453903198e-01
1.936108618974685669e-01
1.815865784883499146e-01
7.212197780609130859e-01
6.907521486282348633e-01
6.259702444076538086e-01
5.653144121170043945e-01
5.287545919418334961e-01
4.458100199699401855e-01
3.412287533283233643e-01
2.729041278362274170e-01
2.069316506385803223e-01
4.190076589584350586e-01
2.904310226440429688e-01
2.087897658348083496e-01
1.368165314197540283e-01
4.234494566917419434e-01
3.055287301540374756e-01
2.257107347249984741e-01
1.541846692562103271e-01
4.511684477329254150e-01
3.565680682659149170e-01
2.918297052383422852e-01
2.296813428401947021e-01
0.000000000000000000e+00
1.000000000000000000e+00
1.000000000000000000e+00
1.000000000000000000e+00
1.000000000000000000e+00
1.000000000000000000e+00
7.957382798194885254e-01
7.441869974136352539e-01
6.983045339584350586e-01
6.944112181663513184e-01
7.226554155349731445e-01
7.137044668197631836e-01
6.933669447898864746e-01
6.856734156608581543e-01
6.854549646377563477e-01
7.594512104988098145e-01
7.492938637733459473e-01
7.392397522926330566e-01
7.404193282127380371e-01
8.043853044509887695e-01
7.931573390960693359e-01
7.774473428726196289e-01
7.778261899948120117e-01
8.474551439285278320e-01
8.333625793457031250e-01
8.161414861679077148e-01
8.160254359245300293e-01
7.495114207267761230e-01
7.208763360977172852e-01
6.519390344619750977e-01
5.803123116493225098e-01
5.278080701828002930e-01
5.221431851387023926e-01
4.089365005493164062e-01
3.410775661468505859e-01
2.778377830982208252e-01
5.303046107292175293e-01
4.804558753967285156e-01
5.610628128051757812e-01
5.852272510528564453e-01
5.522937178611755371e-01
5.209966301918029785e-01
5.954717397689819336e-01
6.071354150772094727e-01
5.846382975578308105e-01
5.618131160736083984e-01
6.125469207763671875e-01
6.254094839096069336e-01
0.000000000000000000e+00
1.000000000000000000e+00
0.000000000000000000e+00
0.000000000000000000e+00
0.000000000000000000e+00
