-1.000000000000000000e+00
2.765333354473114014e-01
3.691342175006866455e-01
4.449445307254791260e-01
4.961999654769897461e-01
5.424634814262390137e-01
3.922282159328460693e-01
4.273850023746490479e-01
4.458622932434082031e-01
4.591899812221527100e-01
3.433054387569427490e-01
3.542670011520385742e-01
3.577296435832977295e-01
3.574415743350982666e-01
2.948986589908599854e-01
2.994048595428466797e-01
3.049560487270355225e-01
3.078403472900390625e-01
2.435192167758941650e-01
2.225511670112609863e-01
2.092582434415817261e-01
1.986605077981948853e-01
7.129828929901123047e-01
6.834244728088378906e-01
6.167011260986328125e-01
5.562437176704406738e-01
5.229837894439697266e-01
4.395716786384582520e-01
3.369622826576232910e-01
2.700217962265014648e-01
2.061676681041717529e-01
4.148576557636260986e-01
2.901704311370849609e-01
2.094912230968475342e-01
1.397825777530670166e-01
4.201417863368988037e-01
3.060107231140136719e-01
2.273574918508529663e-01
1.568446755409240723e-01
4.476335644721984863e-01
3.548365235328674316e-01
2.905054390430450439e-01
2.273009866476058960e-01
0.000000000000000000e+00
1.000000000000000000e+00
1.000000000000000000e+00
1.000000000000000000e+00
1.000000000000000000e+00
1.000000000000000000e+00
8.117386698722839355e-01
7.596540451049804688e-01
7.118229866027832031e-01
7.092977762222290039e-01
7.383117079734802246e-01
7.254133224487304688e-01
7.053591012954711914e-01
6.965193748474121094e-01
6.958822011947631836e-01
7.725226879119873047e-01
7.625494003295898438e-01
7.528491616249084473e-01
7.557092308998107910e-01
8.182476162910461426e-01
8.074079155921936035e-01
7.905862927436828613e-01
7.917567491531372070e-01
8.620735406875610352e-01
8.483043909072875977e-01
8.302717804908752441e-01
8.308542966842651367e-01
7.640883326530456543e-01
7.365275025367736816e-01
6.679688096046447754e-01
5.943604707717895508e-01
5.422919988632202148e-01
5.306968688964843750e-01
4.163150787353515625e-01
3.501283228397369385e-01
2.863745987415313721e-01
5.391546487808227539e-01
4.917254447937011719e-01
5.777950286865234375e-01
5.976343750953674316e-01
5.609505772590637207e-01
5.338542461395263672e-01
6.140728592872619629e-01
6.224414110183715820e-01
5.926786065101623535e-01
5.750986933708190918e-01
6.285690069198608398e-01
6.376398205757141113e-01
0.000000000000000000e+00
1.000000000000000000e+00
0.000000000000000000e+00
0.000000000000000000e+00
0.000000000000000000e+00
