-1.000000000000000000e+00
0.000000000000000000e+00
1.523034187857827682e-01
2.911691794136753164e-01
4.207308284899409778e-01
5.249444851093909570e-01
4.591828829245213073e-01
6.558857443280291522e-01
7.853624860533185981e-01
9.013473388385139229e-01
4.729165301527788468e-01
7.087525174584405896e-01
8.660495095809357391e-01
1.000000000000000000e+00
4.609621785377215342e-01
6.884439138210483033e-01
8.351840396807419520e-01
9.641748605628410740e-01
4.317169048504005402e-01
6.075177840782136629e-01
7.172169520954825295e-01
8.195276676380827130e-01
0.000000000000000000e+00
1.000000000000000000e+00
1.000000000000000000e+00
1.000000000000000000e+00
1.000000000000000000e+00
0.000000000000000000e+00
0.000000000000000000e+00
0.000000000000000000e+00
0.000000000000000000e+00
0.000000000000000000e+00
0.000000000000000000e+00
0.000000000000000000e+00
0.000000000000000000e+00
0.000000000000000000e+00
0.000000000000000000e+00
0.000000000000000000e+00
0.000000000000000000e+00
0.000000000000000000e+00
0.000000000000000000e+00
0.000000000000000000e+00
0.000000000000000000e+00
0.000000000000000000e+00
0.000000000000000000e+00
0.000000000000000000e+00
0.000000000000000000e+00
0.000000000000000000e+00
0.000000000000000000e+00
0.000000000000000000e+00
0.000000000000000000e+00
0.000000000000000000e+00
0.000000000000000000e+00
0.000000000000000000e+00
