-1.000000000000000000e+00
0.000000000000000000e+00
1.554488243246247292e-01
3.250841886490082322e-01
4.732709604792921798e-01
5.746834870589874189e-01
5.064082452128612077e-01
6.922872481359402252e-01
8.090130993051205532e-01
9.179785666880997397e-01
5.209854262297936023e-01
7.361041317058206745e-01
8.766960461928924309e-01
1.000000000000000000e+00
5.051718146147524680e-01
7.076898426884189464e-01
8.361018746663860801e-01
9.477323295314685758e-01
4.675241653268667474e-01
6.250452542890729823e-01
7.282773623547096342e-01
8.228455737386508595e-01
1.000000000000000000e+00
1.000000000000000000e+00
1.000000000000000000e+00
1.000000000000000000e+00
1.000000000000000000e+00
0.000000000000000000e+00
0.000000000000000000e+00
0.000000000000000000e+00
0.000000000000000000e+00
0.000000000000000000e+00
0.000000000000000000e+00
0.000000000000000000e+00
0.000000000000000000e+00
0.000000000000000000e+00
0.000000000000000000e+00
0.000000000000000000e+00
0.000000000000000000e+00
0.000000000000000000e+00
0.000000000000000000e+00
0.000000000000000000e+00
0.000000000000000000e+00
0.000000000000000000e+00
0.000000000000000000e+00
0.000000000000000000e+00
0.000000000000000000e+00
0.000000000000000000e+00
0.000000000000000000e+00
0.000000000000000000e+00
0.000000000000000000e+00
0.000000000000000000e+00
0.000000000000000000e+00
0.000000000000000000e+00
