-1.000000000000000000e+00
0.000000000000000000e+00
1.549606303093690463e-01
3.106401210891159836e-01
4.521288872190412644e-01
5.596356311298326114e-01
4.988057788542357707e-01
6.850798310128172197e-01
8.031867412974240672e-01
9.153227737827680510e-01
5.167443320437218324e-01
7.270945735016401956e-01
8.715184002416005438e-01
1.000000000000000000e+00
5.040478786811286582e-01
7.049984737858442374e-01
8.387691411788013029e-01
9.535243964211965739e-01
4.702036169822996770e-01
6.233484513169355035e-01
7.277957729239551421e-01
8.214338339064208849e-01
0.000000000000000000e+00
1.000000000000000000e+00
1.000000000000000000e+00
1.000000000000000000e+00
1.000000000000000000e+00
0.000000000000000000e+00
0.000000000000000000e+00
0.000000000000000000e+00
0.000000000000000000e+00
0.000000000000000000e+00
0.000000000000000000e+00
0.000000000000000000e+00
0.000000000000000000e+00
0.000000000000000000e+00
0.000000000000000000e+00
0.000000000000000000e+00
0.000000000000000000e+00
0.000000000000000000e+00
0.000000000000000000e+00
0.000000000000000000e+00
0.000000000000000000e+00
0.000000000000000000e+00
0.000000000000000000e+00
0.000000000000000000e+00
0.000000000000000000e+00
0.000000000000000000e+00
0.000000000000000000e+00
0.000000000000000000e+00
0.000000000000000000e+00
0.000000000000000000e+00
0.000000000000000000e+00
0.000000000000000000e+00
