-1.000000000000000000e+00
0.000000000000000000e+00
1.536271126977991619e-01
3.259800755273160044e-01
4.804584335794025995e-01
5.794935501392772803e-01
5.336728005741768754e-01
7.169419111531842859e-01
8.255848034063765217e-01
9.276198020912220787e-01
5.431796145345971771e-01
7.480610159099565504e-01
8.803480032735332417e-01
1.000000000000000000e+00
5.223634751701832224e-01
7.170077174108882012e-01
8.371817573394590983e-01
9.376018588993825231e-01
4.771079961930447255e-01
6.285116264671669617e-01
7.328143926531749397e-01
8.277770764572665030e-01
1.000000000000000000e+00
1.000000000000000000e+00
1.000000000000000000e+00
1.000000000000000000e+00
1.000000000000000000e+00
0.000000000000000000e+00
0.000000000000000000e+00
0.000000000000000000e+00
0.000000000000000000e+00
0.000000000000000000e+00
0.000000000000000000e+00
0.000000000000000000e+00
0.000000000000000000e+00
0.000000000000000000e+00
0.000000000000000000e+00
0.000000000000000000e+00
0.000000000000000000e+00
0.000000000000000000e+00
0.000000000000000000e+00
0.000000000000000000e+00
0.000000000000000000e+00
0.000000000000000000e+00
0.000000000000000000e+00
0.000000000000000000e+00
0.000000000000000000e+00
0.000000000000000000e+00
0.000000000000000000e+00
0.000000000000000000e+00
0.000000000000000000e+00
0.000000000000000000e+00
0.000000000000000000e+00
0.000000000000000000e+00
