-1.000000000000000000e+00
0.000000000000000000e+00
1.635733053591529595e-01
3.329284165174358767e-01
4.798040253082465623e-01
5.840973416516314076e-01
5.128287642063288354e-01
6.954821241338899895e-01
8.102601414881304143e-01
9.208080820454190851e-01
5.229764911839736019e-01
7.346639763504970722e-01
8.740304965074776611e-01
1.000000000000000000e+00
5.031980431307965240e-01
7.029533678766015647e-01
8.357079502448162556e-01
9.547813486516519843e-01
4.625058921069664652e-01
6.191376470066650706e-01
7.220472336686110104e-01
8.198457126738377676e-01
1.000000000000000000e+00
1.000000000000000000e+00
1.000000000000000000e+00
1.000000000000000000e+00
1.000000000000000000e+00
0.000000000000000000e+00
0.000000000000000000e+00
0.000000000000000000e+00
0.000000000000000000e+00
0.000000000000000000e+00
0.000000000000000000e+00
0.000000000000000000e+00
0.000000000000000000e+00
0.000000000000000000e+00
0.000000000000000000e+00
0.000000000000000000e+00
0.000000000000000000e+00
0.000000000000000000e+00
0.000000000000000000e+00
0.000000000000000000e+00
0.000000000000000000e+00
0.000000000000000000e+00
0.000000000000000000e+00
0.000000000000000000e+00
0.000000000000000000e+00
0.000000000000000000e+00
0.000000000000000000e+00
0.000000000000000000e+00
0.000000000000000000e+00
0.000000000000000000e+00
0.000000000000000000e+00
0.000000000000000000e+00
