-1.000000000000000000e+00
0.000000000000000000e+00
1.731964377846245684e-01
3.505606784639483386e-01
4.925196875095945170e-01
5.561438440581653042e-01
5.301582028860971629e-01
7.111560801254187547e-01
8.162505587297330667e-01
9.153416845793689305e-01
5.360503689896358726e-01
7.458216784220180751e-01
8.784934666617302268e-01
1.000000000000000000e+00
5.170695392473847463e-01
7.170818150032335359e-01
8.388756759293151122e-01
9.459353833801086298e-01
4.767180223522182181e-01
6.313588430917187466e-01
7.267519412723684180e-01
8.187984644727224204e-01
1.000000000000000000e+00
1.000000000000000000e+00
1.000000000000000000e+00
1.000000000000000000e+00
1.000000000000000000e+00
0.000000000000000000e+00
0.000000000000000000e+00
0.000000000000000000e+00
0.000000000000000000e+00
0.000000000000000000e+00
0.000000000000000000e+00
0.000000000000000000e+00
0.000000000000000000e+00
0.000000000000000000e+00
0.000000000000000000e+00
0.000000000000000000e+00
0.000000000000000000e+00
0.000000000000000000e+00
0.000000000000000000e+00
0.000000000000000000e+00
0.000000000000000000e+00
0.000000000000000000e+00
0.000000000000000000e+00
0.000000000000000000e+00
0.000000000000000000e+00
0.000000000000000000e+00
0.000000000000000000e+00
0.000000000000000000e+00
0.000000000000000000e+00
0.000000000000000000e+00
0.000000000000000000e+00
0.000000000000000000e+00
