-1.000000000000000000e+00
0.000000000000000000e+00
1.748109559662358314e-01
3.439700423010706443e-01
4.918840621497663212e-01
5.808761795059262933e-01
5.196468738868998960e-01
7.044120097022679161e-01
8.149076438855609172e-01
9.198598475295965970e-01
5.314449619135084291e-01
7.448407073361054120e-01
8.804712668017328214e-01
1.000000000000000000e+00
5.142688826730253959e-01
7.172299820659978620e-01
8.467887011082569915e-01
9.604711393400915398e-01
4.761671412370227507e-01
6.359665563713929881e-01
7.359771164182787873e-01
8.291466717364477379e-01
1.000000000000000000e+00
1.000000000000000000e+00
1.000000000000000000e+00
1.000000000000000000e+00
1.000000000000000000e+00
0.000000000000000000e+00
0.000000000000000000e+00
0.000000000000000000e+00
0.000000000000000000e+00
0.000000000000000000e+00
0.000000000000000000e+00
0.000000000000000000e+00
0.000000000000000000e+00
0.000000000000000000e+00
0.000000000000000000e+00
0.000000000000000000e+00
0.000000000000000000e+00
0.000000000000000000e+00
0.000000000000000000e+00
0.000000000000000000e+00
0.000000000000000000e+00
0.000000000000000000e+00
0.000000000000000000e+00
0.000000000000000000e+00
0.000000000000000000e+00
0.000000000000000000e+00
0.000000000000000000e+00
0.000000000000000000e+00
0.000000000000000000e+00
0.000000000000000000e+00
0.000000000000000000e+00
0.000000000000000000e+00
