-1.000000000000000000e+00
0.000000000000000000e+00
1.700333227555419491e-01
3.351152604439652238e-01
4.836764115594769375e-01
5.784618640503699227e-01
5.118803578510188190e-01
6.986934826077272342e-01
8.141407577833211784e-01
9.229896365668409652e-01
5.236508795892005352e-01
7.377629778500796043e-01
8.768794884888586605e-01
1.000000000000000000e+00
5.057296565187433535e-01
7.062155654587290998e-01
8.358433811161164462e-01
9.505596553580436536e-01
4.681122944978529654e-01
6.278559875067162288e-01
7.292650479748318260e-01
8.252595172022395564e-01
1.000000000000000000e+00
1.000000000000000000e+00
1.000000000000000000e+00
1.000000000000000000e+00
1.000000000000000000e+00
0.000000000000000000e+00
0.000000000000000000e+00
0.000000000000000000e+00
0.000000000000000000e+00
0.000000000000000000e+00
0.000000000000000000e+00
0.000000000000000000e+00
0.000000000000000000e+00
0.000000000000000000e+00
0.000000000000000000e+00
0.000000000000000000e+00
0.000000000000000000e+00
0.000000000000000000e+00
0.000000000000000000e+00
0.000000000000000000e+00
0.000000000000000000e+00
0.000000000000000000e+00
0.000000000000000000e+00
0.000000000000000000e+00
0.000000000000000000e+00
0.000000000000000000e+00
0.000000000000000000e+00
0.000000000000000000e+00
0.000000000000000000e+00
0.000000000000000000e+00
0.000000000000000000e+00
0.000000000000000000e+00
