-1.000000000000000000e+00
4.034660160541534424e-01
4.530643820762634277e-01
4.784947335720062256e-01
4.471907913684844971e-01
4.073070287704467773e-01
4.842242002487182617e-01
5.172101259231567383e-01
5.355625152587890625e-01
5.464194416999816895e-01
4.338136315345764160e-01
4.204992055892944336e-01
4.141687452793121338e-01
4.064204394817352295e-01
3.902613222599029541e-01
4.028537571430206299e-01
4.217215180397033691e-01
4.265414178371429443e-01
3.556418120861053467e-01
3.762653172016143799e-01
3.962741792201995850e-01
4.040926694869995117e-01
7.567285299301147461e-01
7.200206518173217773e-01
6.503059864044189453e-01
5.995221138000488281e-01
5.609769821166992188e-01
5.082930922508239746e-01
4.135488271713256836e-01
3.542243838310241699e-01
3.036607503890991211e-01
5.029050111770629883e-01
3.796258270740509033e-01
3.084003627300262451e-01
2.472231090068817139e-01
5.321141481399536133e-01
4.901333749294281006e-01
5.610094666481018066e-01
6.072818636894226074e-01
5.775822401046752930e-01
5.554687976837158203e-01
5.996151566505432129e-01
6.300709247589111328e-01
1.000000000000000000e+00
1.000000000000000000e+00
1.000000000000000000e+00
0.000000000000000000e+00
0.000000000000000000e+00
0.000000000000000000e+00
0.000000000000000000e+00
0.000000000000000000e+00
0.000000000000000000e+00
0.000000000000000000e+00
0.000000000000000000e+00
0.000000000000000000e+00
0.000000000000000000e+00
0.000000000000000000e+00
0.000000000000000000e+00
0.000000000000000000e+00
0.000000000000000000e+00
0.000000000000000000e+00
0.000000000000000000e+00
0.000000000000000000e+00
0.000000000000000000e+00
0.000000000000000000e+00
0.000000000000000000e+00
0.000000000000000000e+00
0.000000000000000000e+00
0.000000000000000000e+00
0.000000000000000000e+00
0.000000000000000000e+00
0.000000000000000000e+00
0.000000000000000000e+00
0.000000000000000000e+00
0.000000000000000000e+00
0.000000000000000000e+00
0.000000000000000000e+00
0.000000000000000000e+00
0.000000000000000000e+00
0.000000000000000000e+00
0.000000000000000000e+00
0.000000000000000000e+00
0.000000000000000000e+00
0.000000000000000000e+00
0.000000000000000000e+00
0.000000000000000000e+00
0.000000000000000000e+00
0.000000000000000000e+00
0.000000000000000000e+00
0.000000000000000000e+00
0.000000000000000000e+00
0.000000000000000000e+00
0.000000000000000000e+00
0.000000000000000000e+00
0.000000000000000000e+00
0.000000000000000000e+00
