-1.000000000000000000e+00
4.027118682861328125e-01
4.533191025257110596e-01
4.801376760005950928e-01
4.471983015537261963e-01
4.064266681671142578e-01
4.847140610218048096e-01
5.178519487380981445e-01
5.357567071914672852e-01
5.466152429580688477e-01
4.335130751132965088e-01
4.196684360504150391e-01
4.129085540771484375e-01
4.055923819541931152e-01
3.898707628250122070e-01
4.026126861572265625e-01
4.211000204086303711e-01
4.263791441917419434e-01
3.553150296211242676e-01
3.749579489231109619e-01
3.950030803680419922e-01
4.036126136779785156e-01
7.547657489776611328e-01
7.188713550567626953e-01
6.498975753784179688e-01
5.991991758346557617e-01
5.615834593772888184e-01
5.076293349266052246e-01
4.115683734416961670e-01
3.517414033412933350e-01
3.015062808990478516e-01
5.022164583206176758e-01
3.793836236000061035e-01
3.084980249404907227e-01
2.482184171676635742e-01
5.309947729110717773e-01
4.902421236038208008e-01
5.625391006469726562e-01
6.097527146339416504e-01
5.762768983840942383e-01
5.574046373367309570e-01
6.005549430847167969e-01
6.297060847282409668e-01
1.000000000000000000e+00
1.000000000000000000e+00
1.000000000000000000e+00
0.000000000000000000e+00
0.000000000000000000e+00
0.000000000000000000e+00
0.000000000000000000e+00
0.000000000000000000e+00
0.000000000000000000e+00
0.000000000000000000e+00
0.000000000000000000e+00
0.000000000000000000e+00
0.000000000000000000e+00
0.000000000000000000e+00
0.000000000000000000e+00
0.000000000000000000e+00
0.000000000000000000e+00
0.000000000000000000e+00
0.000000000000000000e+00
0.000000000000000000e+00
0.000000000000000000e+00
0.000000000000000000e+00
0.000000000000000000e+00
0.000000000000000000e+00
0.000000000000000000e+00
0.000000000000000000e+00
0.000000000000000000e+00
0.000000000000000000e+00
0.000000000000000000e+00
0.000000000000000000e+00
0.000000000000000000e+00
0.000000000000000000e+00
0.000000000000000000e+00
0.000000000000000000e+00
0.000000000000000000e+00
0.000000000000000000e+00
0.000000000000000000e+00
0.000000000000000000e+00
0.000000000000000000e+00
0.000000000000000000e+00
0.000000000000000000e+00
0.000000000000000000e+00
0.000000000000000000e+00
0.000000000000000000e+00
0.000000000000000000e+00
0.000000000000000000e+00
0.000000000000000000e+00
0.000000000000000000e+00
0.000000000000000000e+00
0.000000000000000000e+00
0.000000000000000000e+00
0.000000000000000000e+00
0.000000000000000000e+00
