-1.000000000000000000e+00
3.414633274078369141e-01
3.857037127017974854e-01
3.997908532619476318e-01
3.768295049667358398e-01
3.445819318294525146e-01
3.978546261787414551e-01
4.255922138690948486e-01
4.420627057552337646e-01
4.531640410423278809e-01
3.523435890674591064e-01
3.348208069801330566e-01
3.254470229148864746e-01
3.170152306556701660e-01
3.139611184597015381e-01
3.168157041072845459e-01
3.384634554386138916e-01
3.503808081150054932e-01
2.850624322891235352e-01
2.966823279857635498e-01
3.224107325077056885e-01
3.424818217754364014e-01
7.543175816535949707e-01
7.079710960388183594e-01
6.466071009635925293e-01
6.067050099372863770e-01
5.715770721435546875e-01
5.086337327957153320e-01
4.142571687698364258e-01
3.572053909301757812e-01
3.092567622661590576e-01
5.067081451416015625e-01
3.937985301017761230e-01
3.266249895095825195e-01
2.685349583625793457e-01
5.368419885635375977e-01
5.038589239120483398e-01
5.575445294380187988e-01
5.962677597999572754e-01
5.834323763847351074e-01
5.639837384223937988e-01
5.869981646537780762e-01
6.046761274337768555e-01
1.000000000000000000e+00
1.000000000000000000e+00
1.000000000000000000e+00
0.000000000000000000e+00
0.000000000000000000e+00
0.000000000000000000e+00
0.000000000000000000e+00
0.000000000000000000e+00
0.000000000000000000e+00
0.000000000000000000e+00
0.000000000000000000e+00
0.000000000000000000e+00
0.000000000000000000e+00
0.000000000000000000e+00
0.000000000000000000e+00
0.000000000000000000e+00
0.000000000000000000e+00
0.000000000000000000e+00
0.000000000000000000e+00
0.000000000000000000e+00
0.000000000000000000e+00
0.000000000000000000e+00
0.000000000000000000e+00
0.000000000000000000e+00
0.000000000000000000e+00
0.000000000000000000e+00
0.000000000000000000e+00
0.000000000000000000e+00
0.000000000000000000e+00
0.000000000000000000e+00
0.000000000000000000e+00
0.000000000000000000e+00
0.000000000000000000e+00
0.000000000000000000e+00
0.000000000000000000e+00
0.000000000000000000e+00
0.000000000000000000e+00
0.000000000000000000e+00
0.000000000000000000e+00
0.000000000000000000e+00
0.000000000000000000e+00
0.000000000000000000e+00
0.000000000000000000e+00
0.000000000000000000e+00
0.000000000000000000e+00
0.000000000000000000e+00
0.000000000000000000e+00
0.000000000000000000e+00
0.000000000000000000e+00
0.000000000000000000e+00
0.000000000000000000e+00
0.000000000000000000e+00
0.000000000000000000e+00
