-1.000000000000000000e+00
3.423217535018920898e-01
3.870049715042114258e-01
4.028673768043518066e-01
3.802443742752075195e-01
3.493866622447967529e-01
3.987588286399841309e-01
4.260369837284088135e-01
4.419166743755340576e-01
4.521363675594329834e-01
3.529508113861083984e-01
3.356896936893463135e-01
3.259863257408142090e-01
3.176740109920501709e-01
3.143308460712432861e-01
3.191440701484680176e-01
3.417457044124603271e-01
3.545493781566619873e-01
2.860415577888488770e-01
3.006028532981872559e-01
3.291800320148468018e-01
3.519872128963470459e-01
7.544531226158142090e-01
7.062218785285949707e-01
6.457690000534057617e-01
6.082214713096618652e-01
5.770590901374816895e-01
5.068982243537902832e-01
4.149157702922821045e-01
3.574616611003875732e-01
3.093858361244201660e-01
5.056891441345214844e-01
3.945155143737792969e-01
3.283948898315429688e-01
2.713414132595062256e-01
5.361950397491455078e-01
4.979034960269927979e-01
5.503894090652465820e-01
5.901031494140625000e-01
5.836795568466186523e-01
5.595777630805969238e-01
5.824100971221923828e-01
6.026384830474853516e-01
1.000000000000000000e+00
1.000000000000000000e+00
1.000000000000000000e+00
0.000000000000000000e+00
0.000000000000000000e+00
0.000000000000000000e+00
0.000000000000000000e+00
0.000000000000000000e+00
0.000000000000000000e+00
0.000000000000000000e+00
0.000000000000000000e+00
0.000000000000000000e+00
0.000000000000000000e+00
0.000000000000000000e+00
0.000000000000000000e+00
0.000000000000000000e+00
0.000000000000000000e+00
0.000000000000000000e+00
0.000000000000000000e+00
0.000000000000000000e+00
0.000000000000000000e+00
0.000000000000000000e+00
0.000000000000000000e+00
0.000000000000000000e+00
0.000000000000000000e+00
0.000000000000000000e+00
0.000000000000000000e+00
0.000000000000000000e+00
0.000000000000000000e+00
0.000000000000000000e+00
0.000000000000000000e+00
0.000000000000000000e+00
0.000000000000000000e+00
0.000000000000000000e+00
0.000000000000000000e+00
0.000000000000000000e+00
0.000000000000000000e+00
0.000000000000000000e+00
0.000000000000000000e+00
0.000000000000000000e+00
0.000000000000000000e+00
0.000000000000000000e+00
0.000000000000000000e+00
0.000000000000000000e+00
0.000000000000000000e+00
0.000000000000000000e+00
0.000000000000000000e+00
0.000000000000000000e+00
0.000000000000000000e+00
0.000000000000000000e+00
0.000000000000000000e+00
0.000000000000000000e+00
0.000000000000000000e+00
