-1.000000000000000000e+00
3.342176973819732666e-01
3.779591917991638184e-01
3.904550969600677490e-01
3.627215325832366943e-01
3.268596827983856201e-01
3.832967579364776611e-01
4.094251394271850586e-01
4.244166612625122070e-01
4.340080618858337402e-01
3.382348418235778809e-01
3.200375437736511230e-01
3.082795143127441406e-01
2.964912354946136475e-01
3.005500733852386475e-01
3.011438548564910889e-01
3.260248899459838867e-01
3.401580452919006348e-01
2.716578245162963867e-01
2.813363075256347656e-01
3.089385330677032471e-01
3.309698998928070068e-01
7.517085075378417969e-01
7.032471895217895508e-01
6.387410759925842285e-01
5.959985852241516113e-01
5.606819987297058105e-01
5.051252245903015137e-01
4.113474488258361816e-01
3.547062277793884277e-01
3.062004446983337402e-01
5.049918889999389648e-01
3.918128013610839844e-01
3.236855268478393555e-01
2.651323676109313965e-01
5.377349853515625000e-01
5.016242265701293945e-01
5.539996623992919922e-01
5.931405425071716309e-01
5.865784287452697754e-01
5.625238418579101562e-01
5.834338665008544922e-01
6.014522314071655273e-01
1.000000000000000000e+00
1.000000000000000000e+00
1.000000000000000000e+00
0.000000000000000000e+00
0.000000000000000000e+00
0.000000000000000000e+00
0.000000000000000000e+00
0.000000000000000000e+00
0.000000000000000000e+00
0.000000000000000000e+00
0.000000000000000000e+00
0.000000000000000000e+00
0.000000000000000000e+00
0.000000000000000000e+00
0.000000000000000000e+00
0.000000000000000000e+00
0.000000000000000000e+00
0.000000000000000000e+00
0.000000000000000000e+00
0.000000000000000000e+00
0.000000000000000000e+00
0.000000000000000000e+00
0.000000000000000000e+00
0.000000000000000000e+00
0.000000000000000000e+00
0.000000000000000000e+00
0.000000000000000000e+00
0.000000000000000000e+00
0.000000000000000000e+00
0.000000000000000000e+00
0.000000000000000000e+00
0.000000000000000000e+00
0.000000000000000000e+00
0.000000000000000000e+00
0.000000000000000000e+00
0.000000000000000000e+00
0.000000000000000000e+00
0.000000000000000000e+00
0.000000000000000000e+00
0.000000000000000000e+00
0.000000000000000000e+00
0.000000000000000000e+00
0.000000000000000000e+00
0.000000000000000000e+00
0.000000000000000000e+00
0.000000000000000000e+00
0.000000000000000000e+00
0.000000000000000000e+00
0.000000000000000000e+00
0.000000000000000000e+00
0.000000000000000000e+00
0.000000000000000000e+00
0.000000000000000000e+00
