-1.000000000000000000e+00
3.320229053497314453e-01
3.739868700504302979e-01
3.868781030178070068e-01
3.568394184112548828e-01
3.191093802452087402e-01
3.761320412158966064e-01
3.982146978378295898e-01
4.110992550849914551e-01
4.186198115348815918e-01
3.318555355072021484e-01
3.085786402225494385e-01
2.963087558746337891e-01
2.848814129829406738e-01
2.957373261451721191e-01
3.013128340244293213e-01
3.244202733039855957e-01
3.345512747764587402e-01
2.699083685874938965e-01
2.836813926696777344e-01
3.112837672233581543e-01
3.302072584629058838e-01
7.454195618629455566e-01
6.977697610855102539e-01
6.323372125625610352e-01
5.877606868743896484e-01
5.535638332366943359e-01
5.027788281440734863e-01
4.100959897041320801e-01
3.544815480709075928e-01
3.070018887519836426e-01
5.049145221710205078e-01
3.936079442501068115e-01
3.291696906089782715e-01
2.742688655853271484e-01
5.363974571228027344e-01
4.929219782352447510e-01
5.445420742034912109e-01
5.846014618873596191e-01
5.818129777908325195e-01
5.481048822402954102e-01
5.733639597892761230e-01
5.986438393592834473e-01
1.000000000000000000e+00
1.000000000000000000e+00
1.000000000000000000e+00
0.000000000000000000e+00
0.000000000000000000e+00
0.000000000000000000e+00
0.000000000000000000e+00
0.000000000000000000e+00
0.000000000000000000e+00
0.000000000000000000e+00
0.000000000000000000e+00
0.000000000000000000e+00
0.000000000000000000e+00
0.000000000000000000e+00
0.000000000000000000e+00
0.000000000000000000e+00
0.000000000000000000e+00
0.000000000000000000e+00
0.000000000000000000e+00
0.000000000000000000e+00
0.000000000000000000e+00
0.000000000000000000e+00
0.000000000000000000e+00
0.000000000000000000e+00
0.000000000000000000e+00
0.000000000000000000e+00
0.000000000000000000e+00
0.000000000000000000e+00
0.000000000000000000e+00
0.000000000000000000e+00
0.000000000000000000e+00
0.000000000000000000e+00
0.000000000000000000e+00
0.000000000000000000e+00
0.000000000000000000e+00
0.000000000000000000e+00
0.000000000000000000e+00
0.000000000000000000e+00
0.000000000000000000e+00
0.000000000000000000e+00
0.000000000000000000e+00
0.000000000000000000e+00
0.000000000000000000e+00
0.000000000000000000e+00
0.000000000000000000e+00
0.000000000000000000e+00
0.000000000000000000e+00
0.000000000000000000e+00
0.000000000000000000e+00
0.000000000000000000e+00
0.000000000000000000e+00
0.000000000000000000e+00
0.000000000000000000e+00
