-1.000000000000000000e+00
3.546783924102783203e-01
3.944042026996612549e-01
4.067090451717376709e-01
3.835280537605285645e-01
3.533724844455718994e-01
3.992077112197875977e-01
4.221613407135009766e-01
4.355376362800598145e-01
4.424319863319396973e-01
3.583725690841674805e-01
3.377487063407897949e-01
3.263157010078430176e-01
3.153760135173797607e-01
3.251585960388183594e-01
3.329837024211883545e-01
3.544364571571350098e-01
3.648630678653717041e-01
3.017818331718444824e-01
3.176543116569519043e-01
3.457960188388824463e-01
3.682291805744171143e-01
7.464822530746459961e-01
7.023056745529174805e-01
6.414532065391540527e-01
6.029862165451049805e-01
5.712451934814453125e-01
5.234203338623046875e-01
4.366503357887268066e-01
3.833968043327331543e-01
3.400115370750427246e-01
5.265895724296569824e-01
4.232530891895294189e-01
3.622814118862152100e-01
3.127013742923736572e-01
5.574079751968383789e-01
5.192317962646484375e-01
5.659886002540588379e-01
6.031910777091979980e-01
6.010896563529968262e-01
5.687819719314575195e-01
5.798636674880981445e-01
5.923386812210083008e-01
1.000000000000000000e+00
1.000000000000000000e+00
1.000000000000000000e+00
0.000000000000000000e+00
0.000000000000000000e+00
0.000000000000000000e+00
0.000000000000000000e+00
0.000000000000000000e+00
0.000000000000000000e+00
0.000000000000000000e+00
0.000000000000000000e+00
0.000000000000000000e+00
0.000000000000000000e+00
0.000000000000000000e+00
0.000000000000000000e+00
0.000000000000000000e+00
0.000000000000000000e+00
0.000000000000000000e+00
0.000000000000000000e+00
0.000000000000000000e+00
0.000000000000000000e+00
0.000000000000000000e+00
0.000000000000000000e+00
0.000000000000000000e+00
0.000000000000000000e+00
0.000000000000000000e+00
0.000000000000000000e+00
0.000000000000000000e+00
0.000000000000000000e+00
0.000000000000000000e+00
0.000000000000000000e+00
0.000000000000000000e+00
0.000000000000000000e+00
0.000000000000000000e+00
0.000000000000000000e+00
0.000000000000000000e+00
0.000000000000000000e+00
0.000000000000000000e+00
0.000000000000000000e+00
0.000000000000000000e+00
0.000000000000000000e+00
0.000000000000000000e+00
0.000000000000000000e+00
0.000000000000000000e+00
0.000000000000000000e+00
0.000000000000000000e+00
0.000000000000000000e+00
0.000000000000000000e+00
0.000000000000000000e+00
0.000000000000000000e+00
0.000000000000000000e+00
0.000000000000000000e+00
0.000000000000000000e+00
