-1.000000000000000000e+00
3.512978255748748779e-01
3.977347016334533691e-01
4.146984517574310303e-01
3.824804723262786865e-01
3.432492315769195557e-01
4.073379635810852051e-01
4.288884997367858887e-01
4.397769868373870850e-01
4.457272887229919434e-01
3.623035848140716553e-01
3.497894406318664551e-01
3.455092906951904297e-01
3.414570391178131104e-01
3.246425390243530273e-01
3.323783576488494873e-01
3.528299927711486816e-01
3.615275621414184570e-01
2.957900166511535645e-01
3.124895095825195312e-01
3.410442471504211426e-01
3.612153530120849609e-01
7.538028359413146973e-01
7.118279933929443359e-01
6.454147696495056152e-01
6.035882830619812012e-01
5.715979337692260742e-01
5.148414969444274902e-01
4.203608632087707520e-01
3.607771396636962891e-01
3.104449510574340820e-01
5.133426189422607422e-01
4.008749127388000488e-01
3.321153521537780762e-01
2.740098834037780762e-01
5.429006218910217285e-01
5.011245012283325195e-01
5.591450929641723633e-01
6.025959253311157227e-01
5.887778997421264648e-01
5.603306293487548828e-01
5.851348042488098145e-01
6.079870462417602539e-01
1.000000000000000000e+00
1.000000000000000000e+00
1.000000000000000000e+00
0.000000000000000000e+00
0.000000000000000000e+00
0.000000000000000000e+00
0.000000000000000000e+00
0.000000000000000000e+00
0.000000000000000000e+00
0.000000000000000000e+00
0.000000000000000000e+00
0.000000000000000000e+00
0.000000000000000000e+00
0.000000000000000000e+00
0.000000000000000000e+00
0.000000000000000000e+00
0.000000000000000000e+00
0.000000000000000000e+00
0.000000000000000000e+00
0.000000000000000000e+00
0.000000000000000000e+00
0.000000000000000000e+00
0.000000000000000000e+00
0.000000000000000000e+00
0.000000000000000000e+00
0.000000000000000000e+00
0.000000000000000000e+00
0.000000000000000000e+00
0.000000000000000000e+00
0.000000000000000000e+00
0.000000000000000000e+00
0.000000000000000000e+00
0.000000000000000000e+00
0.000000000000000000e+00
0.000000000000000000e+00
0.000000000000000000e+00
0.000000000000000000e+00
0.000000000000000000e+00
0.000000000000000000e+00
0.000000000000000000e+00
0.000000000000000000e+00
0.000000000000000000e+00
0.000000000000000000e+00
0.000000000000000000e+00
0.000000000000000000e+00
0.000000000000000000e+00
0.000000000000000000e+00
0.000000000000000000e+00
0.000000000000000000e+00
0.000000000000000000e+00
0.000000000000000000e+00
0.000000000000000000e+00
0.000000000000000000e+00
