-1.000000000000000000e+00
3.542032539844512939e-01
4.009877741336822510e-01
4.170658588409423828e-01
3.900106251239776611e-01
3.539639115333557129e-01
4.115656912326812744e-01
4.356768131256103516e-01
4.486334621906280518e-01
4.558252096176147461e-01
3.663475811481475830e-01
3.548702597618103027e-01
3.494310379028320312e-01
3.437822163105010986e-01
3.274538218975067139e-01
3.367277383804321289e-01
3.582251369953155518e-01
3.678321540355682373e-01
2.975096106529235840e-01
3.150961101055145264e-01
3.448847532272338867e-01
3.668676018714904785e-01
7.544372677803039551e-01
7.105331420898437500e-01
6.451859474182128906e-01
6.047649383544921875e-01
5.712239742279052734e-01
5.082176923751831055e-01
4.125899672508239746e-01
3.515906333923339844e-01
2.998059988021850586e-01
5.068677663803100586e-01
3.922783732414245605e-01
3.215339183807373047e-01
2.618420422077178955e-01
5.378096103668212891e-01
4.940047562122344971e-01
5.537046790122985840e-01
5.986453294754028320e-01
5.855317115783691406e-01
5.553511977195739746e-01
5.785850882530212402e-01
6.007870435714721680e-01
1.000000000000000000e+00
1.000000000000000000e+00
1.000000000000000000e+00
0.000000000000000000e+00
0.000000000000000000e+00
0.000000000000000000e+00
0.000000000000000000e+00
0.000000000000000000e+00
0.000000000000000000e+00
0.000000000000000000e+00
0.000000000000000000e+00
0.000000000000000000e+00
0.000000000000000000e+00
0.000000000000000000e+00
0.000000000000000000e+00
0.000000000000000000e+00
0.000000000000000000e+00
0.000000000000000000e+00
0.000000000000000000e+00
0.000000000000000000e+00
0.000000000000000000e+00
0.000000000000000000e+00
0.000000000000000000e+00
0.000000000000000000e+00
0.000000000000000000e+00
0.000000000000000000e+00
0.000000000000000000e+00
0.000000000000000000e+00
0.000000000000000000e+00
0.000000000000000000e+00
0.000000000000000000e+00
0.000000000000000000e+00
0.000000000000000000e+00
0.000000000000000000e+00
0.000000000000000000e+00
0.000000000000000000e+00
0.000000000000000000e+00
0.000000000000000000e+00
0.000000000000000000e+00
0.000000000000000000e+00
0.000000000000000000e+00
0.000000000000000000e+00
0.000000000000000000e+00
0.000000000000000000e+00
0.000000000000000000e+00
0.000000000000000000e+00
0.000000000000000000e+00
0.000000000000000000e+00
0.000000000000000000e+00
0.000000000000000000e+00
0.000000000000000000e+00
0.000000000000000000e+00
0.000000000000000000e+00
