-1.000000000000000000e+00
3.558062314987182617e-01
3.992314040660858154e-01
4.130195677280426025e-01
3.852554261684417725e-01
3.509143888950347900e-01
4.079959094524383545e-01
4.305149316787719727e-01
4.423797130584716797e-01
4.486957788467407227e-01
3.636540174484252930e-01
3.458000719547271729e-01
3.367902040481567383e-01
3.281030654907226562e-01
3.272370100021362305e-01
3.329491913318634033e-01
3.552618622779846191e-01
3.650785684585571289e-01
3.005441725254058838e-01
3.130258619785308838e-01
3.399842679500579834e-01
3.595259189605712891e-01
7.436154484748840332e-01
6.995237469673156738e-01
6.364485621452331543e-01
5.936951041221618652e-01
5.548658967018127441e-01
5.009623765945434570e-01
4.065002799034118652e-01
3.487112522125244141e-01
2.992205917835235596e-01
5.022659897804260254e-01
3.903218209743499756e-01
3.256143331527709961e-01
2.694238424301147461e-01
5.334399938583374023e-01
4.873142838478088379e-01
5.407062172889709473e-01
5.815070867538452148e-01
5.801677703857421875e-01
5.450738668441772461e-01
5.686308741569519043e-01
5.927544236183166504e-01
1.000000000000000000e+00
1.000000000000000000e+00
1.000000000000000000e+00
0.000000000000000000e+00
0.000000000000000000e+00
0.000000000000000000e+00
0.000000000000000000e+00
0.000000000000000000e+00
0.000000000000000000e+00
0.000000000000000000e+00
0.000000000000000000e+00
0.000000000000000000e+00
0.000000000000000000e+00
0.000000000000000000e+00
0.000000000000000000e+00
0.000000000000000000e+00
0.000000000000000000e+00
0.000000000000000000e+00
0.000000000000000000e+00
0.000000000000000000e+00
0.000000000000000000e+00
0.000000000000000000e+00
0.000000000000000000e+00
0.000000000000000000e+00
0.000000000000000000e+00
0.000000000000000000e+00
0.000000000000000000e+00
0.000000000000000000e+00
0.000000000000000000e+00
0.000000000000000000e+00
0.000000000000000000e+00
0.000000000000000000e+00
0.000000000000000000e+00
0.000000000000000000e+00
0.000000000000000000e+00
0.000000000000000000e+00
0.000000000000000000e+00
0.000000000000000000e+00
0.000000000000000000e+00
0.000000000000000000e+00
0.000000000000000000e+00
0.000000000000000000e+00
0.000000000000000000e+00
0.000000000000000000e+00
0.000000000000000000e+00
0.000000000000000000e+00
0.000000000000000000e+00
0.000000000000000000e+00
0.000000000000000000e+00
0.000000000000000000e+00
0.000000000000000000e+00
0.000000000000000000e+00
0.000000000000000000e+00
