-1.000000000000000000e+00
3.614493906497955322e-01
4.025869369506835938e-01
4.151900410652160645e-01
3.858381509780883789e-01
3.526622056961059570e-01
4.077360033988952637e-01
4.292847514152526855e-01
4.405412673950195312e-01
4.461779594421386719e-01
3.656527996063232422e-01
3.468313217163085938e-01
3.377619087696075439e-01
3.286809027194976807e-01
3.316254615783691406e-01
3.380391299724578857e-01
3.603726923465728760e-01
3.698666989803314209e-01
3.065692782402038574e-01
3.201452493667602539e-01
3.451555967330932617e-01
3.621591329574584961e-01
7.366816997528076172e-01
6.920231580734252930e-01
6.272101998329162598e-01
5.841296911239624023e-01
5.477575659751892090e-01
5.036740303039550781e-01
4.120174348354339600e-01
3.560390770435333252e-01
3.090913295745849609e-01
5.055164694786071777e-01
3.972437381744384766e-01
3.327519893646240234e-01
2.786708176136016846e-01
5.357148051261901855e-01
4.918985962867736816e-01
5.437426567077636719e-01
5.838145017623901367e-01
5.794341564178466797e-01
5.435628294944763184e-01
5.594384074211120605e-01
5.757940411567687988e-01
1.000000000000000000e+00
1.000000000000000000e+00
1.000000000000000000e+00
0.000000000000000000e+00
0.000000000000000000e+00
0.000000000000000000e+00
0.000000000000000000e+00
0.000000000000000000e+00
0.000000000000000000e+00
0.000000000000000000e+00
0.000000000000000000e+00
0.000000000000000000e+00
0.000000000000000000e+00
0.000000000000000000e+00
0.000000000000000000e+00
0.000000000000000000e+00
0.000000000000000000e+00
0.000000000000000000e+00
0.000000000000000000e+00
0.000000000000000000e+00
0.000000000000000000e+00
0.000000000000000000e+00
0.000000000000000000e+00
0.000000000000000000e+00
0.000000000000000000e+00
0.000000000000000000e+00
0.000000000000000000e+00
0.000000000000000000e+00
0.000000000000000000e+00
0.000000000000000000e+00
0.000000000000000000e+00
0.000000000000000000e+00
0.000000000000000000e+00
0.000000000000000000e+00
0.000000000000000000e+00
0.000000000000000000e+00
0.000000000000000000e+00
0.000000000000000000e+00
0.000000000000000000e+00
0.000000000000000000e+00
0.000000000000000000e+00
0.000000000000000000e+00
0.000000000000000000e+00
0.000000000000000000e+00
0.000000000000000000e+00
0.000000000000000000e+00
0.000000000000000000e+00
0.000000000000000000e+00
0.000000000000000000e+00
0.000000000000000000e+00
0.000000000000000000e+00
0.000000000000000000e+00
0.000000000000000000e+00
