-1.000000000000000000e+00
0.000000000000000000e+00
1.532464879360021792e-01
2.991929217307538469e-01
4.090561464198382846e-01
4.884117025618727181e-01
5.579040291137100649e-01
7.565037274907543408e-01
8.918750292420721815e-01
1.000000000000000000e+00
5.758362845628691717e-01
4.721656665081955251e-01
3.490229583448008488e-01
3.122058131836649708e-01
5.225389851708296396e-01
3.495435801577922996e-01
2.538130324473479305e-01
2.550982839818375369e-01
4.346700946916908226e-01
2.479609622962833382e-01
1.751814946637315351e-01
1.913596314389334752e-01
0.000000000000000000e+00
1.000000000000000000e+00
0.000000000000000000e+00
0.000000000000000000e+00
0.000000000000000000e+00
0.000000000000000000e+00
0.000000000000000000e+00
0.000000000000000000e+00
0.000000000000000000e+00
0.000000000000000000e+00
0.000000000000000000e+00
0.000000000000000000e+00
0.000000000000000000e+00
0.000000000000000000e+00
0.000000000000000000e+00
0.000000000000000000e+00
0.000000000000000000e+00
0.000000000000000000e+00
0.000000000000000000e+00
0.000000000000000000e+00
0.000000000000000000e+00
0.000000000000000000e+00
0.000000000000000000e+00
0.000000000000000000e+00
0.000000000000000000e+00
0.000000000000000000e+00
0.000000000000000000e+00
0.000000000000000000e+00
0.000000000000000000e+00
0.000000000000000000e+00
0.000000000000000000e+00
0.000000000000000000e+00
