-1.000000000000000000e+00
0.000000000000000000e+00
2.127700807410730643e-01
3.707661612268136064e-01
4.703187040301827215e-01
5.599264928579661404e-01
6.026381832691953822e-01
7.979069243510072962e-01
9.159640281922000193e-01
1.000000000000000000e+00
5.806738476074474464e-01
5.554209135219085880e-01
4.479851504557192943e-01
3.930241384566442453e-01
4.966998247649190290e-01
4.153670208247024487e-01
3.236646489138106930e-01
2.894113263001137359e-01
3.806524374000154753e-01
3.066237876871442669e-01
2.414126890424270477e-01
2.129714072566919192e-01
0.000000000000000000e+00
1.000000000000000000e+00
0.000000000000000000e+00
0.000000000000000000e+00
0.000000000000000000e+00
1.000000000000000000e+00
0.000000000000000000e+00
1.941154436599360489e-01
3.365387832216633623e-01
4.317589251031921926e-01
5.119008779829146150e-01
5.702072322043737485e-01
7.593388447002333841e-01
8.912404725166666042e-01
1.000000000000000000e+00
5.485909397429089562e-01
5.496501257132595519e-01
4.451519537444619257e-01
3.809346572466058012e-01
4.723427507746838505e-01
4.248956632319655369e-01
3.257985457038783950e-01
2.777597005457118629e-01
3.609799686483075032e-01
3.059666421572832529e-01
2.348972842716213483e-01
1.973259011652049033e-01
1.000000000000000000e+00
1.000000000000000000e+00
0.000000000000000000e+00
0.000000000000000000e+00
0.000000000000000000e+00
