-1.000000000000000000e+00
0.000000000000000000e+00
2.199338216717231509e-01
3.833096845700076361e-01
4.770658938963014961e-01
5.676151331768615194e-01
5.866458191891741336e-01
7.859309529402747074e-01
9.085313267064668574e-01
1.000000000000000000e+00
5.429671519099797949e-01
5.894350252992447414e-01
5.436099309395376888e-01
5.249898668537493762e-01
4.481377420293771729e-01
4.373301458140212983e-01
3.764245774693821822e-01
3.364560835431502639e-01
3.304239047822849495e-01
3.233434443921068269e-01
2.849897839344230910e-01
2.480899622274172212e-01
0.000000000000000000e+00
1.000000000000000000e+00
0.000000000000000000e+00
0.000000000000000000e+00
0.000000000000000000e+00
0.000000000000000000e+00
0.000000000000000000e+00
0.000000000000000000e+00
0.000000000000000000e+00
0.000000000000000000e+00
0.000000000000000000e+00
0.000000000000000000e+00
0.000000000000000000e+00
0.000000000000000000e+00
0.000000000000000000e+00
0.000000000000000000e+00
0.000000000000000000e+00
0.000000000000000000e+00
0.000000000000000000e+00
0.000000000000000000e+00
0.000000000000000000e+00
0.000000000000000000e+00
0.000000000000000000e+00
0.000000000000000000e+00
0.000000000000000000e+00
0.000000000000000000e+00
0.000000000000000000e+00
0.000000000000000000e+00
0.000000000000000000e+00
0.000000000000000000e+00
0.000000000000000000e+00
0.000000000000000000e+00
