-1.000000000000000000e+00
0.000000000000000000e+00
2.060457405019933685e-01
3.833101055398321910e-01
4.804716810884096523e-01
5.597593406873343502e-01
5.897349593057020778e-01
7.972734329654715957e-01
9.158130073354135980e-01
1.000000000000000000e+00
5.368753574258982031e-01
5.791271516417918486e-01
5.319625150970846983e-01
5.102357333660897387e-01
4.303275602018428181e-01
4.416125589466131096e-01
3.942263137739877021e-01
3.679885700955646266e-01
3.063515273574483611e-01
3.270308141783805356e-01
2.953713242125203253e-01
2.640248197139747899e-01
0.000000000000000000e+00
1.000000000000000000e+00
0.000000000000000000e+00
0.000000000000000000e+00
0.000000000000000000e+00
0.000000000000000000e+00
0.000000000000000000e+00
0.000000000000000000e+00
0.000000000000000000e+00
0.000000000000000000e+00
0.000000000000000000e+00
0.000000000000000000e+00
0.000000000000000000e+00
0.000000000000000000e+00
0.000000000000000000e+00
0.000000000000000000e+00
0.000000000000000000e+00
0.000000000000000000e+00
0.000000000000000000e+00
0.000000000000000000e+00
0.000000000000000000e+00
0.000000000000000000e+00
0.000000000000000000e+00
0.000000000000000000e+00
0.000000000000000000e+00
0.000000000000000000e+00
0.000000000000000000e+00
0.000000000000000000e+00
0.000000000000000000e+00
0.000000000000000000e+00
0.000000000000000000e+00
0.000000000000000000e+00
