-1.000000000000000000e+00
0.000000000000000000e+00
2.040246514155576174e-01
3.775898615129680280e-01
4.822879300064200625e-01
5.515478653007580556e-01
5.872722679216547670e-01
7.844664985072403729e-01
9.071584399832774981e-01
1.000000000000000000e+00
5.260859509731367067e-01
5.561148469056338417e-01
4.912412488750227402e-01
4.412979907808984859e-01
4.127647340629013173e-01
4.250485124855056807e-01
3.570088389603176537e-01
3.081152292583472230e-01
2.856234535099550498e-01
3.225835493494343398e-01
2.765134363381169802e-01
2.280446170113930859e-01
0.000000000000000000e+00
1.000000000000000000e+00
0.000000000000000000e+00
0.000000000000000000e+00
0.000000000000000000e+00
1.000000000000000000e+00
0.000000000000000000e+00
1.951333587743821485e-01
3.339107394785581495e-01
4.219922939197351952e-01
4.821305497269985918e-01
5.559497730128638571e-01
7.495636759064459032e-01
8.851650687273138196e-01
1.000000000000000000e+00
5.417168105819509805e-01
5.242223760797971588e-01
4.301288885080422064e-01
3.737419580519118489e-01
4.695420097054915920e-01
4.017778788728912365e-01
3.138375153625942993e-01
2.712392023788409712e-01
3.585639744996800271e-01
2.882070728274100935e-01
2.237065529731655511e-01
1.884394751121204747e-01
1.000000000000000000e+00
1.000000000000000000e+00
0.000000000000000000e+00
0.000000000000000000e+00
0.000000000000000000e+00
