-1.000000000000000000e+00
0.000000000000000000e+00
2.140048374035112555e-01
3.598538132469679685e-01
4.513108021281509452e-01
5.166278978768976682e-01
5.867606960902761459e-01
7.983488896727568562e-01
9.218031657383729538e-01
1.000000000000000000e+00
5.576354841256342398e-01
5.466977674345510074e-01
4.544910135231363668e-01
4.133578096828075532e-01
4.652969547829071129e-01
4.232417167823375181e-01
3.381990405544864076e-01
3.008120425854282076e-01
3.487312203356376372e-01
3.118388140550782395e-01
2.529170315051748053e-01
2.143921833446647829e-01
0.000000000000000000e+00
1.000000000000000000e+00
0.000000000000000000e+00
0.000000000000000000e+00
0.000000000000000000e+00
1.000000000000000000e+00
0.000000000000000000e+00
1.756915318465907538e-01
3.151315521517333296e-01
4.058556390785809098e-01
4.806765261556060764e-01
5.521898989120815893e-01
7.573679811388842609e-01
8.882804519907535612e-01
1.000000000000000000e+00
5.422986128555232765e-01
5.493562626402240801e-01
4.425141328628983128e-01
3.808196010938699194e-01
4.820738017274452947e-01
4.286304942484562841e-01
3.234434430305094255e-01
2.803772990148897248e-01
3.871542036490768224e-01
3.068951025279206268e-01
2.269291014100650317e-01
1.930902175059470705e-01
1.000000000000000000e+00
1.000000000000000000e+00
0.000000000000000000e+00
0.000000000000000000e+00
0.000000000000000000e+00
