-1.000000000000000000e+00
0.000000000000000000e+00
2.277741642086894280e-01
3.821279612596974462e-01
4.783073652943366505e-01
5.603921321113300991e-01
6.033475928893060614e-01
8.189122260559451583e-01
9.314268974736846785e-01
1.000000000000000000e+00
5.757909485779421077e-01
5.935052486485052903e-01
5.363002957611389121e-01
5.078454302413126786e-01
4.895353946335083695e-01
4.234201047516607530e-01
3.360605408013350170e-01
2.879840555387468970e-01
3.761600792313756214e-01
3.107673417631774404e-01
2.535872637268894447e-01
2.163629691538027089e-01
0.000000000000000000e+00
1.000000000000000000e+00
0.000000000000000000e+00
0.000000000000000000e+00
0.000000000000000000e+00
1.000000000000000000e+00
0.000000000000000000e+00
1.762635491118838826e-01
3.198279018076218838e-01
4.104061242971167589e-01
4.735436470174060331e-01
5.467410214539311086e-01
7.476605645468527017e-01
8.845802992501633488e-01
1.000000000000000000e+00
5.363422874512802085e-01
5.354435545048036316e-01
4.235494615455481782e-01
3.663873653207939118e-01
4.764615043420135643e-01
4.273243670852577836e-01
3.251907180939234698e-01
2.903689339418702442e-01
3.823158254167556280e-01
3.146953306678099693e-01
2.393545360841226599e-01
2.186928818377035511e-01
1.000000000000000000e+00
1.000000000000000000e+00
0.000000000000000000e+00
0.000000000000000000e+00
0.000000000000000000e+00
