-1.000000000000000000e+00
0.000000000000000000e+00
2.221796958449697712e-01
3.669471850922306211e-01
4.607762100348904433e-01
5.322753186879736198e-01
5.793505058488620518e-01
7.667544480339281154e-01
8.983236094657091053e-01
1.000000000000000000e+00
5.598755510701484139e-01
5.440785477864868991e-01
4.550761720974647040e-01
4.085413513688194165e-01
4.773249310273056656e-01
4.144490364120623771e-01
3.321531747120421985e-01
2.912967233213893947e-01
3.682017582973637904e-01
3.101838270268548747e-01
2.568528188366243636e-01
2.215889965421825869e-01
0.000000000000000000e+00
1.000000000000000000e+00
0.000000000000000000e+00
0.000000000000000000e+00
0.000000000000000000e+00
0.000000000000000000e+00
0.000000000000000000e+00
0.000000000000000000e+00
0.000000000000000000e+00
0.000000000000000000e+00
0.000000000000000000e+00
0.000000000000000000e+00
0.000000000000000000e+00
0.000000000000000000e+00
0.000000000000000000e+00
0.000000000000000000e+00
0.000000000000000000e+00
0.000000000000000000e+00
0.000000000000000000e+00
0.000000000000000000e+00
0.000000000000000000e+00
0.000000000000000000e+00
0.000000000000000000e+00
0.000000000000000000e+00
0.000000000000000000e+00
0.000000000000000000e+00
0.000000000000000000e+00
0.000000000000000000e+00
0.000000000000000000e+00
0.000000000000000000e+00
0.000000000000000000e+00
0.000000000000000000e+00
