-1.000000000000000000e+00
0.000000000000000000e+00
2.300442692545704715e-01
3.781137376694201357e-01
4.728880596881067100e-01
5.450466449636547361e-01
5.821485444318148517e-01
7.764256868548483626e-01
9.067044427013345453e-01
1.000000000000000000e+00
5.568987637182101214e-01
5.469504448607173108e-01
4.577305387021768368e-01
4.144807582540715463e-01
4.673039571220800048e-01
4.264182955686244836e-01
3.433567396850167874e-01
3.011605849718321792e-01
3.540118343986562444e-01
3.274418558220281716e-01
2.741962937304961434e-01
2.324308397729059061e-01
0.000000000000000000e+00
1.000000000000000000e+00
0.000000000000000000e+00
0.000000000000000000e+00
0.000000000000000000e+00
1.000000000000000000e+00
0.000000000000000000e+00
1.764912522492753932e-01
3.165320285854729132e-01
4.122723726562599889e-01
4.690969774628753752e-01
5.474856037003881237e-01
7.465140594598617119e-01
8.860226693704854606e-01
1.000000000000000000e+00
5.349357388177339301e-01
5.473432866115701678e-01
4.429738139691495324e-01
3.864367891648736175e-01
4.724135120424699519e-01
4.279855772359017485e-01
3.303255351632453096e-01
2.911018173853497371e-01
3.743961814676453614e-01
3.176291535474897731e-01
2.440412284182714719e-01
2.126794210179313027e-01
1.000000000000000000e+00
1.000000000000000000e+00
0.000000000000000000e+00
0.000000000000000000e+00
0.000000000000000000e+00
