-1.000000000000000000e+00
0.000000000000000000e+00
1.437692754411291352e-01
2.871167414850363531e-01
3.676838592807458173e-01
4.151100331248663844e-01
5.518486613294301124e-01
7.638010815896336680e-01
8.934535657495032979e-01
1.000000000000000000e+00
5.710526744174059255e-01
4.676408021510395918e-01
3.430588235931071872e-01
3.056726409577785186e-01
5.247222504360138373e-01
3.673350028685222757e-01
2.753883720879338748e-01
2.775059433015196753e-01
4.436990565424366317e-01
2.730100308791503783e-01
2.022436344848711764e-01
2.172385901599811486e-01
1.000000000000000000e+00
1.000000000000000000e+00
0.000000000000000000e+00
0.000000000000000000e+00
0.000000000000000000e+00
0.000000000000000000e+00
0.000000000000000000e+00
0.000000000000000000e+00
0.000000000000000000e+00
0.000000000000000000e+00
0.000000000000000000e+00
0.000000000000000000e+00
0.000000000000000000e+00
0.000000000000000000e+00
0.000000000000000000e+00
0.000000000000000000e+00
0.000000000000000000e+00
0.000000000000000000e+00
0.000000000000000000e+00
0.000000000000000000e+00
0.000000000000000000e+00
0.000000000000000000e+00
0.000000000000000000e+00
0.000000000000000000e+00
0.000000000000000000e+00
0.000000000000000000e+00
0.000000000000000000e+00
0.000000000000000000e+00
0.000000000000000000e+00
0.000000000000000000e+00
0.000000000000000000e+00
0.000000000000000000e+00
