-1.000000000000000000e+00
0.000000000000000000e+00
2.325915150213962168e-01
3.822311039800520560e-01
4.758129346536358328e-01
5.417309925338722465e-01
5.864111560799535328e-01
7.839580721881469483e-01
9.109279478243534900e-01
1.000000000000000000e+00
5.589358569525054721e-01
5.588339602288584507e-01
4.715423685470070958e-01
4.249025108634430503e-01
4.662417754606114073e-01
4.330038891247027788e-01
3.507468189577964690e-01
3.068927852411058588e-01
3.509855099194482131e-01
3.290151301451717525e-01
2.756604622683979655e-01
2.302839871828067930e-01
0.000000000000000000e+00
1.000000000000000000e+00
0.000000000000000000e+00
0.000000000000000000e+00
0.000000000000000000e+00
1.000000000000000000e+00
0.000000000000000000e+00
1.941677270206883799e-01
3.381310763990838519e-01
4.314897253540935784e-01
4.802273263406700021e-01
5.521801272380271186e-01
7.493288610610648881e-01
8.847896167912738807e-01
1.000000000000000000e+00
5.350102050617031590e-01
5.621635733418787195e-01
4.485908397665662739e-01
3.858054438488958127e-01
4.692925829092242651e-01
4.370009526676124634e-01
3.351145184339112681e-01
2.881317564464906389e-01
3.705375228136371102e-01
3.249659518027497307e-01
2.499438326946311351e-01
2.130535080676932702e-01
1.000000000000000000e+00
1.000000000000000000e+00
0.000000000000000000e+00
0.000000000000000000e+00
0.000000000000000000e+00
