-1.000000000000000000e+00
0.000000000000000000e+00
2.310385311352654014e-01
3.823916643976943419e-01
4.706184069163597550e-01
5.293665152585524947e-01
5.935781117153557940e-01
7.933689212551556791e-01
9.149552809524685859e-01
1.000000000000000000e+00
5.781003387889719347e-01
5.712006741566717505e-01
4.816808428781299556e-01
4.315025247597851221e-01
4.926324994950118663e-01
4.484921092891175354e-01
3.655751057947512761e-01
3.219474136395025776e-01
3.766850198351873180e-01
3.379927253378468555e-01
2.887382267486515719e-01
2.492340859320094082e-01
0.000000000000000000e+00
1.000000000000000000e+00
0.000000000000000000e+00
0.000000000000000000e+00
0.000000000000000000e+00
1.000000000000000000e+00
0.000000000000000000e+00
1.560566737929441894e-01
2.950491155630521334e-01
3.839308274081231764e-01
4.410288952555979081e-01
5.372458204419457983e-01
7.395959882247928885e-01
8.854143830742103871e-01
1.000000000000000000e+00
5.340917846490371712e-01
5.295190399014209071e-01
4.201603023335140352e-01
3.548945202942787591e-01
4.705689738027598046e-01
4.168950664492487856e-01
3.207963283712544911e-01
2.784063764511811589e-01
3.672738092285196543e-01
2.998294030182307446e-01
2.292095132600769081e-01
2.014509163088306631e-01
1.000000000000000000e+00
1.000000000000000000e+00
0.000000000000000000e+00
0.000000000000000000e+00
0.000000000000000000e+00
