1.000000000000000000e+00
0.000000000000000000e+00
2.998134748809773154e-01
5.780847651010951882e-01
8.332105712626414196e-01
1.000000000000000000e+00
6.599871977401896572e-01
7.702904374278707333e-01
6.135525137555227770e-01
5.306482681980168037e-01
5.889092710263976738e-01
6.675260385365622273e-01
4.559600844401472397e-01
4.529614508760160252e-01
5.259128192642779087e-01
6.240617706754396643e-01
4.502844050694478351e-01
3.876254843458427635e-01
4.932749666718695414e-01
6.937427636606074977e-01
8.157184151987086906e-01
9.534527515400129660e-01
0.000000000000000000e+00
0.000000000000000000e+00
0.000000000000000000e+00
0.000000000000000000e+00
1.000000000000000000e+00
0.000000000000000000e+00
0.000000000000000000e+00
0.000000000000000000e+00
0.000000000000000000e+00
0.000000000000000000e+00
0.000000000000000000e+00
0.000000000000000000e+00
0.000000000000000000e+00
0.000000000000000000e+00
0.000000000000000000e+00
0.000000000000000000e+00
0.000000000000000000e+00
0.000000000000000000e+00
0.000000000000000000e+00
0.000000000000000000e+00
0.000000000000000000e+00
0.000000000000000000e+00
0.000000000000000000e+00
0.000000000000000000e+00
0.000000000000000000e+00
0.000000000000000000e+00
0.000000000000000000e+00
0.000000000000000000e+00
0.000000000000000000e+00
0.000000000000000000e+00
0.000000000000000000e+00
0.000000000000000000e+00
