1.000000000000000000e+00
0.000000000000000000e+00
2.812619723364560009e-01
5.725134523787935859e-01
8.267172420886507167e-01
1.000000000000000000e+00
6.460755550382510926e-01
7.214977920835988767e-01
5.641427300835375469e-01
5.335166287030850274e-01
5.637946351253384503e-01
6.245606525031724976e-01
4.218412006563695416e-01
4.492851065418396739e-01
4.994526234191026259e-01
5.859150661581360442e-01
4.133987918183277821e-01
3.811978993070711530e-01
4.749439119079368887e-01
6.518879516309479261e-01
7.478236169546489398e-01
8.749198081132217863e-01
0.000000000000000000e+00
0.000000000000000000e+00
0.000000000000000000e+00
0.000000000000000000e+00
1.000000000000000000e+00
0.000000000000000000e+00
0.000000000000000000e+00
0.000000000000000000e+00
0.000000000000000000e+00
0.000000000000000000e+00
0.000000000000000000e+00
0.000000000000000000e+00
0.000000000000000000e+00
0.000000000000000000e+00
0.000000000000000000e+00
0.000000000000000000e+00
0.000000000000000000e+00
0.000000000000000000e+00
0.000000000000000000e+00
0.000000000000000000e+00
0.000000000000000000e+00
0.000000000000000000e+00
0.000000000000000000e+00
0.000000000000000000e+00
0.000000000000000000e+00
0.000000000000000000e+00
0.000000000000000000e+00
0.000000000000000000e+00
0.000000000000000000e+00
0.000000000000000000e+00
0.000000000000000000e+00
0.000000000000000000e+00
