1.000000000000000000e+00
0.000000000000000000e+00
2.813796391229507754e-01
5.689185461585950510e-01
8.263699292754828063e-01
1.000000000000000000e+00
6.395790353661994221e-01
7.228077914224104727e-01
5.643493149147471577e-01
5.250191531023103986e-01
5.622402975830425031e-01
6.287958549571669442e-01
4.223664682629633127e-01
4.424159662154617534e-01
4.973575196282586930e-01
5.769371778742024004e-01
4.005661611779282594e-01
3.638800768464503510e-01
4.714917027230265956e-01
6.528401240004377826e-01
7.500975972503669542e-01
8.807778817640620206e-01
0.000000000000000000e+00
0.000000000000000000e+00
0.000000000000000000e+00
0.000000000000000000e+00
1.000000000000000000e+00
0.000000000000000000e+00
0.000000000000000000e+00
0.000000000000000000e+00
0.000000000000000000e+00
0.000000000000000000e+00
0.000000000000000000e+00
0.000000000000000000e+00
0.000000000000000000e+00
0.000000000000000000e+00
0.000000000000000000e+00
0.000000000000000000e+00
0.000000000000000000e+00
0.000000000000000000e+00
0.000000000000000000e+00
0.000000000000000000e+00
0.000000000000000000e+00
0.000000000000000000e+00
0.000000000000000000e+00
0.000000000000000000e+00
0.000000000000000000e+00
0.000000000000000000e+00
0.000000000000000000e+00
0.000000000000000000e+00
0.000000000000000000e+00
0.000000000000000000e+00
0.000000000000000000e+00
0.000000000000000000e+00
