1.000000000000000000e+00
0.000000000000000000e+00
2.999217435186022906e-01
5.978053205974062090e-01
8.404056232165409979e-01
1.000000000000000000e+00
6.651198154288558984e-01
7.637816258696317195e-01
5.883030693003736822e-01
5.404397655679638035e-01
5.936982207727735661e-01
6.717558896658907264e-01
4.621082900942387606e-01
4.695907359924865743e-01
5.309855764772367648e-01
6.212338129445623691e-01
4.386408885331740670e-01
3.876950941876446399e-01
5.016172345666536359e-01
6.870666107144673962e-01
7.902560482928711050e-01
9.175935655272597913e-01
0.000000000000000000e+00
0.000000000000000000e+00
0.000000000000000000e+00
0.000000000000000000e+00
1.000000000000000000e+00
0.000000000000000000e+00
0.000000000000000000e+00
0.000000000000000000e+00
0.000000000000000000e+00
0.000000000000000000e+00
0.000000000000000000e+00
0.000000000000000000e+00
0.000000000000000000e+00
0.000000000000000000e+00
0.000000000000000000e+00
0.000000000000000000e+00
0.000000000000000000e+00
0.000000000000000000e+00
0.000000000000000000e+00
0.000000000000000000e+00
0.000000000000000000e+00
0.000000000000000000e+00
0.000000000000000000e+00
0.000000000000000000e+00
0.000000000000000000e+00
0.000000000000000000e+00
0.000000000000000000e+00
0.000000000000000000e+00
0.000000000000000000e+00
0.000000000000000000e+00
0.000000000000000000e+00
0.000000000000000000e+00
