1.000000000000000000e+00
0.000000000000000000e+00
2.647366855127187835e-01
5.544967116267124352e-01
8.135642877051307842e-01
9.751989615138580980e-01
6.766679398410917479e-01
7.898606479386465207e-01
6.164275024267491521e-01
5.650787901596329155e-01
6.243904449921025002e-01
7.219624879005465123e-01
4.837413797965433027e-01
4.943067406773802297e-01
5.741736890472327604e-01
6.726028656765054015e-01
4.703846500462149360e-01
4.200153501740965245e-01
5.492591506764764597e-01
7.493383609565095194e-01
8.568422083365117015e-01
1.000000000000000000e+00
0.000000000000000000e+00
0.000000000000000000e+00
0.000000000000000000e+00
0.000000000000000000e+00
1.000000000000000000e+00
0.000000000000000000e+00
0.000000000000000000e+00
0.000000000000000000e+00
0.000000000000000000e+00
0.000000000000000000e+00
0.000000000000000000e+00
0.000000000000000000e+00
0.000000000000000000e+00
0.000000000000000000e+00
0.000000000000000000e+00
0.000000000000000000e+00
0.000000000000000000e+00
0.000000000000000000e+00
0.000000000000000000e+00
0.000000000000000000e+00
0.000000000000000000e+00
0.000000000000000000e+00
0.000000000000000000e+00
0.000000000000000000e+00
0.000000000000000000e+00
0.000000000000000000e+00
0.000000000000000000e+00
0.000000000000000000e+00
0.000000000000000000e+00
0.000000000000000000e+00
0.000000000000000000e+00
0.000000000000000000e+00
