1.000000000000000000e+00
0.000000000000000000e+00
2.706713331323057359e-01
5.663154274648319886e-01
8.204921104623494887e-01
9.754211731868268620e-01
6.713125567700889418e-01
7.874836528731886665e-01
6.049446311088542139e-01
5.554379929029032992e-01
6.115773643961923689e-01
7.136385375664958675e-01
4.757098946653547933e-01
4.841121458965109148e-01
5.595166880681486932e-01
6.803654432026179366e-01
4.760191824243013570e-01
4.170027997944836251e-01
5.371315506616683999e-01
7.389268077776004473e-01
8.500079639016263622e-01
1.000000000000000000e+00
0.000000000000000000e+00
0.000000000000000000e+00
0.000000000000000000e+00
0.000000000000000000e+00
1.000000000000000000e+00
0.000000000000000000e+00
0.000000000000000000e+00
0.000000000000000000e+00
0.000000000000000000e+00
0.000000000000000000e+00
0.000000000000000000e+00
0.000000000000000000e+00
0.000000000000000000e+00
0.000000000000000000e+00
0.000000000000000000e+00
0.000000000000000000e+00
0.000000000000000000e+00
0.000000000000000000e+00
0.000000000000000000e+00
0.000000000000000000e+00
0.000000000000000000e+00
0.000000000000000000e+00
0.000000000000000000e+00
0.000000000000000000e+00
0.000000000000000000e+00
0.000000000000000000e+00
0.000000000000000000e+00
0.000000000000000000e+00
0.000000000000000000e+00
0.000000000000000000e+00
0.000000000000000000e+00
0.000000000000000000e+00
