1.000000000000000000e+00
0.000000000000000000e+00
2.908603179360606528e-01
5.795166152839720253e-01
8.329866724356783658e-01
1.000000000000000000e+00
6.545384809409907634e-01
7.533165677069256772e-01
5.890220222701036956e-01
5.325130312547788902e-01
5.792787392603984120e-01
6.589827734154474204e-01
4.542376564985593501e-01
4.473633190591269071e-01
5.152551402433523942e-01
6.151486585508355587e-01
4.362258374020419605e-01
3.790031464245686155e-01
4.839089208417731158e-01
6.706329327974520638e-01
7.816596256308691038e-01
9.192518450739356473e-01
0.000000000000000000e+00
0.000000000000000000e+00
0.000000000000000000e+00
0.000000000000000000e+00
1.000000000000000000e+00
0.000000000000000000e+00
0.000000000000000000e+00
0.000000000000000000e+00
0.000000000000000000e+00
0.000000000000000000e+00
0.000000000000000000e+00
0.000000000000000000e+00
0.000000000000000000e+00
0.000000000000000000e+00
0.000000000000000000e+00
0.000000000000000000e+00
0.000000000000000000e+00
0.000000000000000000e+00
0.000000000000000000e+00
0.000000000000000000e+00
0.000000000000000000e+00
0.000000000000000000e+00
0.000000000000000000e+00
0.000000000000000000e+00
0.000000000000000000e+00
0.000000000000000000e+00
0.000000000000000000e+00
0.000000000000000000e+00
0.000000000000000000e+00
0.000000000000000000e+00
0.000000000000000000e+00
0.000000000000000000e+00
