1.000000000000000000e+00
0.000000000000000000e+00
3.136540149273334688e-01
5.971226587656228713e-01
8.348185990073052620e-01
1.000000000000000000e+00
6.500811759444542481e-01
7.285633034323016899e-01
5.661115028622905054e-01
5.383540335672933885e-01
5.853718529462657028e-01
6.429069513973618699e-01
4.456685872410388050e-01
4.548728665514646385e-01
5.305929680109230384e-01
6.071051328694114790e-01
4.362236212600651974e-01
3.980320893831534868e-01
5.035200020305318214e-01
6.557227399661200717e-01
7.436104359845294720e-01
8.759028923630453045e-01
0.000000000000000000e+00
0.000000000000000000e+00
0.000000000000000000e+00
0.000000000000000000e+00
1.000000000000000000e+00
0.000000000000000000e+00
0.000000000000000000e+00
0.000000000000000000e+00
0.000000000000000000e+00
0.000000000000000000e+00
0.000000000000000000e+00
0.000000000000000000e+00
0.000000000000000000e+00
0.000000000000000000e+00
0.000000000000000000e+00
0.000000000000000000e+00
0.000000000000000000e+00
0.000000000000000000e+00
0.000000000000000000e+00
0.000000000000000000e+00
0.000000000000000000e+00
0.000000000000000000e+00
0.000000000000000000e+00
0.000000000000000000e+00
0.000000000000000000e+00
0.000000000000000000e+00
0.000000000000000000e+00
0.000000000000000000e+00
0.000000000000000000e+00
0.000000000000000000e+00
0.000000000000000000e+00
0.000000000000000000e+00
