1.000000000000000000e+00
0.000000000000000000e+00
2.912794772502870777e-01
5.713871847808773552e-01
8.165647677381898673e-01
1.000000000000000000e+00
6.366483102681133044e-01
7.007590052326124752e-01
5.515200390917208706e-01
5.219382116487800705e-01
5.534648216064780302e-01
5.989478322178720671e-01
4.049230252637360250e-01
4.341411964289347836e-01
4.971679426736123064e-01
5.686182477901725596e-01
3.981314554572948916e-01
3.643818540314162080e-01
4.949517811571714221e-01
6.879238402486761439e-01
8.041078394077593172e-01
9.438039960862317779e-01
1.000000000000000000e+00
0.000000000000000000e+00
0.000000000000000000e+00
1.000000000000000000e+00
0.000000000000000000e+00
0.000000000000000000e+00
0.000000000000000000e+00
0.000000000000000000e+00
0.000000000000000000e+00
0.000000000000000000e+00
0.000000000000000000e+00
0.000000000000000000e+00
0.000000000000000000e+00
0.000000000000000000e+00
0.000000000000000000e+00
0.000000000000000000e+00
0.000000000000000000e+00
0.000000000000000000e+00
0.000000000000000000e+00
0.000000000000000000e+00
0.000000000000000000e+00
0.000000000000000000e+00
0.000000000000000000e+00
0.000000000000000000e+00
0.000000000000000000e+00
0.000000000000000000e+00
0.000000000000000000e+00
0.000000000000000000e+00
0.000000000000000000e+00
0.000000000000000000e+00
0.000000000000000000e+00
0.000000000000000000e+00
