-1.000000000000000000e+00
3.327790796756744385e-01
4.042599499225616455e-01
4.509686827659606934e-01
3.901662528514862061e-01
3.194366991519927979e-01
4.253398478031158447e-01
4.384809434413909912e-01
4.445389509201049805e-01
4.421442747116088867e-01
3.487215042114257812e-01
3.595374524593353271e-01
3.710311949253082275e-01
3.688726723194122314e-01
2.838954925537109375e-01
2.961257100105285645e-01
3.244712948799133301e-01
3.322150111198425293e-01
2.282545119524002075e-01
2.455116212368011475e-01
2.714060544967651367e-01
2.771311998367309570e-01
8.970827460289001465e-01
8.436932563781738281e-01
7.354326248168945312e-01
6.525532603263854980e-01
6.075945496559143066e-01
5.346001386642456055e-01
3.658787012100219727e-01
2.664174437522888184e-01
1.783525645732879639e-01
5.390402674674987793e-01
5.183231830596923828e-01
6.217771768569946289e-01
6.661665439605712891e-01
5.756453275680541992e-01
5.855329632759094238e-01
6.810966730117797852e-01
7.023755908012390137e-01
6.300405859947204590e-01
6.445559859275817871e-01
7.101512551307678223e-01
7.232857346534729004e-01
1.000000000000000000e+00
1.000000000000000000e+00
0.000000000000000000e+00
0.000000000000000000e+00
0.000000000000000000e+00
0.000000000000000000e+00
0.000000000000000000e+00
0.000000000000000000e+00
0.000000000000000000e+00
0.000000000000000000e+00
0.000000000000000000e+00
0.000000000000000000e+00
0.000000000000000000e+00
0.000000000000000000e+00
0.000000000000000000e+00
0.000000000000000000e+00
0.000000000000000000e+00
0.000000000000000000e+00
0.000000000000000000e+00
0.000000000000000000e+00
0.000000000000000000e+00
0.000000000000000000e+00
0.000000000000000000e+00
0.000000000000000000e+00
0.000000000000000000e+00
0.000000000000000000e+00
0.000000000000000000e+00
0.000000000000000000e+00
0.000000000000000000e+00
0.000000000000000000e+00
0.000000000000000000e+00
0.000000000000000000e+00
0.000000000000000000e+00
0.000000000000000000e+00
0.000000000000000000e+00
0.000000000000000000e+00
0.000000000000000000e+00
0.000000000000000000e+00
0.000000000000000000e+00
0.000000000000000000e+00
0.000000000000000000e+00
0.000000000000000000e+00
0.000000000000000000e+00
0.000000000000000000e+00
0.000000000000000000e+00
0.000000000000000000e+00
0.000000000000000000e+00
0.000000000000000000e+00
0.000000000000000000e+00
0.000000000000000000e+00
0.000000000000000000e+00
0.000000000000000000e+00
0.000000000000000000e+00
