-1.000000000000000000e+00
3.755591213703155518e-01
4.196535348892211914e-01
4.287491738796234131e-01
3.630371987819671631e-01
3.049694001674652100e-01
4.489459097385406494e-01
4.519583582878112793e-01
4.520132243633270264e-01
4.497024118900299072e-01
3.893209397792816162e-01
3.557198643684387207e-01
3.614437282085418701e-01
3.831341266632080078e-01
3.349510431289672852e-01
3.000653386116027832e-01
3.194624483585357666e-01
3.469591438770294189e-01
2.920644283294677734e-01
2.598437070846557617e-01
2.809638977050781250e-01
3.054712414741516113e-01
8.553831577301025391e-01
8.119200468063354492e-01
7.187908887863159180e-01
6.411682367324829102e-01
5.711551308631896973e-01
5.237632393836975098e-01
3.776068687438964844e-01
2.824101746082305908e-01
2.023041844367980957e-01
5.301804542541503906e-01
4.951308071613311768e-01
5.977910161018371582e-01
6.451998353004455566e-01
5.559373497962951660e-01
5.557199716567993164e-01
6.497820615768432617e-01
6.687980890274047852e-01
5.939498543739318848e-01
5.811831951141357422e-01
6.471850872039794922e-01
6.730210781097412109e-01
1.000000000000000000e+00
1.000000000000000000e+00
0.000000000000000000e+00
0.000000000000000000e+00
0.000000000000000000e+00
0.000000000000000000e+00
0.000000000000000000e+00
0.000000000000000000e+00
0.000000000000000000e+00
0.000000000000000000e+00
0.000000000000000000e+00
0.000000000000000000e+00
0.000000000000000000e+00
0.000000000000000000e+00
0.000000000000000000e+00
0.000000000000000000e+00
0.000000000000000000e+00
0.000000000000000000e+00
0.000000000000000000e+00
0.000000000000000000e+00
0.000000000000000000e+00
0.000000000000000000e+00
0.000000000000000000e+00
0.000000000000000000e+00
0.000000000000000000e+00
0.000000000000000000e+00
0.000000000000000000e+00
0.000000000000000000e+00
0.000000000000000000e+00
0.000000000000000000e+00
0.000000000000000000e+00
0.000000000000000000e+00
0.000000000000000000e+00
0.000000000000000000e+00
0.000000000000000000e+00
0.000000000000000000e+00
0.000000000000000000e+00
0.000000000000000000e+00
0.000000000000000000e+00
0.000000000000000000e+00
0.000000000000000000e+00
0.000000000000000000e+00
0.000000000000000000e+00
0.000000000000000000e+00
0.000000000000000000e+00
0.000000000000000000e+00
0.000000000000000000e+00
0.000000000000000000e+00
0.000000000000000000e+00
0.000000000000000000e+00
0.000000000000000000e+00
0.000000000000000000e+00
0.000000000000000000e+00
