-1.000000000000000000e+00
2.037680149078369141e-01
2.536633312702178955e-01
2.727995216846466064e-01
2.038512080907821655e-01
1.416607052087783813e-01
2.580325901508331299e-01
2.704289257526397705e-01
2.762729823589324951e-01
2.753649055957794189e-01
1.920536160469055176e-01
1.849342435598373413e-01
1.979515403509140015e-01
2.049058824777603149e-01
1.384884119033813477e-01
1.323470771312713623e-01
1.605035811662673950e-01
1.756008416414260864e-01
9.423284977674484253e-02
9.321002662181854248e-02
1.194945052266120911e-01
1.353972852230072021e-01
9.093868732452392578e-01
8.386201858520507812e-01
7.378054261207580566e-01
6.728726029396057129e-01
6.460321545600891113e-01
5.764341354370117188e-01
4.316638112068176270e-01
3.443200290203094482e-01
2.704668343067169189e-01
5.939947366714477539e-01
5.573639869689941406e-01
6.484673619270324707e-01
6.919080018997192383e-01
6.361683011054992676e-01
6.304873824119567871e-01
7.061527967453002930e-01
7.251628637313842773e-01
6.920262575149536133e-01
6.791435480117797852e-01
7.247700691223144531e-01
7.386767864227294922e-01
1.000000000000000000e+00
1.000000000000000000e+00
0.000000000000000000e+00
0.000000000000000000e+00
0.000000000000000000e+00
0.000000000000000000e+00
0.000000000000000000e+00
0.000000000000000000e+00
0.000000000000000000e+00
0.000000000000000000e+00
0.000000000000000000e+00
0.000000000000000000e+00
0.000000000000000000e+00
0.000000000000000000e+00
0.000000000000000000e+00
0.000000000000000000e+00
0.000000000000000000e+00
0.000000000000000000e+00
0.000000000000000000e+00
0.000000000000000000e+00
0.000000000000000000e+00
0.000000000000000000e+00
0.000000000000000000e+00
0.000000000000000000e+00
0.000000000000000000e+00
0.000000000000000000e+00
0.000000000000000000e+00
0.000000000000000000e+00
0.000000000000000000e+00
0.000000000000000000e+00
0.000000000000000000e+00
0.000000000000000000e+00
0.000000000000000000e+00
0.000000000000000000e+00
0.000000000000000000e+00
0.000000000000000000e+00
0.000000000000000000e+00
0.000000000000000000e+00
0.000000000000000000e+00
0.000000000000000000e+00
0.000000000000000000e+00
0.000000000000000000e+00
0.000000000000000000e+00
0.000000000000000000e+00
0.000000000000000000e+00
0.000000000000000000e+00
0.000000000000000000e+00
0.000000000000000000e+00
0.000000000000000000e+00
0.000000000000000000e+00
0.000000000000000000e+00
0.000000000000000000e+00
0.000000000000000000e+00
