1.000000000000000000e+00
4.165793657302856445e-01
4.581553936004638672e-01
4.632470011711120605e-01
4.786489605903625488e-01
4.898653328418731689e-01
4.127412438392639160e-01
4.316552877426147461e-01
4.404694736003875732e-01
4.451260566711425781e-01
4.158988893032073975e-01
4.354479610919952393e-01
4.464503228664398193e-01
4.510000050067901611e-01
4.285863637924194336e-01
4.530914425849914551e-01
4.650919735431671143e-01
4.699142575263977051e-01
4.555206000804901123e-01
4.835868477821350098e-01
5.001628994941711426e-01
5.158556699752807617e-01
8.538775444030761719e-01
7.396251559257507324e-01
6.352021098136901855e-01
5.628526210784912109e-01
4.940957427024841309e-01
5.687953233718872070e-01
4.494536519050598145e-01
3.666412830352783203e-01
2.952694892883300781e-01
5.846908688545227051e-01
4.418398737907409668e-01
3.439750373363494873e-01
2.577770948410034180e-01
6.206787228584289551e-01
4.753698110580444336e-01
3.866351842880249023e-01
3.085538446903228760e-01
6.668041944503784180e-01
5.894153118133544922e-01
5.300495624542236328e-01
4.756507277488708496e-01
0.000000000000000000e+00
1.000000000000000000e+00
1.000000000000000000e+00
1.000000000000000000e+00
1.000000000000000000e+00
0.000000000000000000e+00
0.000000000000000000e+00
0.000000000000000000e+00
0.000000000000000000e+00
0.000000000000000000e+00
0.000000000000000000e+00
0.000000000000000000e+00
0.000000000000000000e+00
0.000000000000000000e+00
0.000000000000000000e+00
0.000000000000000000e+00
0.000000000000000000e+00
0.000000000000000000e+00
0.000000000000000000e+00
0.000000000000000000e+00
0.000000000000000000e+00
0.000000000000000000e+00
0.000000000000000000e+00
0.000000000000000000e+00
0.000000000000000000e+00
0.000000000000000000e+00
0.000000000000000000e+00
0.000000000000000000e+00
0.000000000000000000e+00
0.000000000000000000e+00
0.000000000000000000e+00
0.000000000000000000e+00
0.000000000000000000e+00
0.000000000000000000e+00
0.000000000000000000e+00
0.000000000000000000e+00
0.000000000000000000e+00
0.000000000000000000e+00
0.000000000000000000e+00
0.000000000000000000e+00
0.000000000000000000e+00
0.000000000000000000e+00
0.000000000000000000e+00
0.000000000000000000e+00
0.000000000000000000e+00
0.000000000000000000e+00
0.000000000000000000e+00
0.000000000000000000e+00
0.000000000000000000e+00
0.000000000000000000e+00
0.000000000000000000e+00
0.000000000000000000e+00
0.000000000000000000e+00
