-1.000000000000000000e+00
3.877127468585968018e-01
4.912921488285064697e-01
5.819523334503173828e-01
6.458959579467773438e-01
7.038505673408508301e-01
5.320267081260681152e-01
5.804866552352905273e-01
6.075209379196166992e-01
6.273225545883178711e-01
4.725142121315002441e-01
4.991146624088287354e-01
5.106095075607299805e-01
5.147135257720947266e-01
4.128946065902709961e-01
4.116742610931396484e-01
4.071404337882995605e-01
4.015557765960693359e-01
3.518839180469512939e-01
3.128606081008911133e-01
2.874766588211059570e-01
2.693407237529754639e-01
8.718305826187133789e-01
8.498839139938354492e-01
7.865642309188842773e-01
7.275295853614807129e-01
7.048684954643249512e-01
5.737219452857971191e-01
4.583628773689270020e-01
3.827096223831176758e-01
3.112494349479675293e-01
5.379790663719177246e-01
3.978749513626098633e-01
3.029905557632446289e-01
2.211089134216308594e-01
5.398985147476196289e-01
4.073059558868408203e-01
3.159434199333190918e-01
2.359306514263153076e-01
5.709621310234069824e-01
4.734681844711303711e-01
4.063340723514556885e-01
3.402322530746459961e-01
0.000000000000000000e+00
1.000000000000000000e+00
1.000000000000000000e+00
1.000000000000000000e+00
1.000000000000000000e+00
0.000000000000000000e+00
0.000000000000000000e+00
0.000000000000000000e+00
0.000000000000000000e+00
0.000000000000000000e+00
0.000000000000000000e+00
0.000000000000000000e+00
0.000000000000000000e+00
0.000000000000000000e+00
0.000000000000000000e+00
0.000000000000000000e+00
0.000000000000000000e+00
0.000000000000000000e+00
0.000000000000000000e+00
0.000000000000000000e+00
0.000000000000000000e+00
0.000000000000000000e+00
0.000000000000000000e+00
0.000000000000000000e+00
0.000000000000000000e+00
0.000000000000000000e+00
0.000000000000000000e+00
0.000000000000000000e+00
0.000000000000000000e+00
0.000000000000000000e+00
0.000000000000000000e+00
0.000000000000000000e+00
0.000000000000000000e+00
0.000000000000000000e+00
0.000000000000000000e+00
0.000000000000000000e+00
0.000000000000000000e+00
0.000000000000000000e+00
0.000000000000000000e+00
0.000000000000000000e+00
0.000000000000000000e+00
0.000000000000000000e+00
0.000000000000000000e+00
0.000000000000000000e+00
0.000000000000000000e+00
0.000000000000000000e+00
0.000000000000000000e+00
0.000000000000000000e+00
0.000000000000000000e+00
0.000000000000000000e+00
0.000000000000000000e+00
0.000000000000000000e+00
0.000000000000000000e+00
