-1.000000000000000000e+00
5.132559537887573242e-01
5.507774353027343750e-01
5.501086711883544922e-01
5.397946834564208984e-01
5.336488485336303711e-01
5.303947925567626953e-01
5.358947515487670898e-01
5.397221446037292480e-01
5.414665937423706055e-01
5.235900878906250000e-01
5.318172574043273926e-01
5.377875566482543945e-01
5.420467257499694824e-01
5.161690711975097656e-01
5.238664746284484863e-01
5.294201374053955078e-01
5.321025252342224121e-01
5.096782445907592773e-01
5.121761560440063477e-01
5.137354731559753418e-01
5.153556466102600098e-01
7.809495329856872559e-01
7.326237559318542480e-01
6.722016334533691406e-01
6.314825415611267090e-01
5.988813638687133789e-01
5.996383428573608398e-01
5.271465182304382324e-01
4.732035398483276367e-01
4.276313483715057373e-01
5.988982915878295898e-01
5.168045759201049805e-01
4.579859375953674316e-01
4.048119783401489258e-01
6.047217249870300293e-01
5.222465991973876953e-01
4.662788808345794678e-01
4.190570712089538574e-01
6.179748773574829102e-01
5.578931570053100586e-01
5.142589211463928223e-01
4.767644405364990234e-01
1.000000000000000000e+00
1.000000000000000000e+00
1.000000000000000000e+00
1.000000000000000000e+00
1.000000000000000000e+00
0.000000000000000000e+00
0.000000000000000000e+00
0.000000000000000000e+00
0.000000000000000000e+00
0.000000000000000000e+00
0.000000000000000000e+00
0.000000000000000000e+00
0.000000000000000000e+00
0.000000000000000000e+00
0.000000000000000000e+00
0.000000000000000000e+00
0.000000000000000000e+00
0.000000000000000000e+00
0.000000000000000000e+00
0.000000000000000000e+00
0.000000000000000000e+00
0.000000000000000000e+00
0.000000000000000000e+00
0.000000000000000000e+00
0.000000000000000000e+00
0.000000000000000000e+00
0.000000000000000000e+00
0.000000000000000000e+00
0.000000000000000000e+00
0.000000000000000000e+00
0.000000000000000000e+00
0.000000000000000000e+00
0.000000000000000000e+00
0.000000000000000000e+00
0.000000000000000000e+00
0.000000000000000000e+00
0.000000000000000000e+00
0.000000000000000000e+00
0.000000000000000000e+00
0.000000000000000000e+00
0.000000000000000000e+00
0.000000000000000000e+00
0.000000000000000000e+00
0.000000000000000000e+00
0.000000000000000000e+00
0.000000000000000000e+00
0.000000000000000000e+00
0.000000000000000000e+00
0.000000000000000000e+00
0.000000000000000000e+00
0.000000000000000000e+00
0.000000000000000000e+00
0.000000000000000000e+00
