-1.000000000000000000e+00
4.576681852340698242e-01
5.315207839012145996e-01
5.955490469932556152e-01
6.407255530357360840e-01
6.781412363052368164e-01
5.626642704010009766e-01
5.948722362518310547e-01
6.119357943534851074e-01
6.239932179450988770e-01
5.238693952560424805e-01
5.388741493225097656e-01
5.444785952568054199e-01
5.460723042488098145e-01
4.850530326366424561e-01
4.906020462512969971e-01
4.923589229583740234e-01
4.927853047847747803e-01
4.435696005821228027e-01
4.199270606040954590e-01
4.055299460887908936e-01
3.949158191680908203e-01
7.752282619476318359e-01
7.675827741622924805e-01
7.254580259323120117e-01
6.859295368194580078e-01
6.806433200836181641e-01
5.717763304710388184e-01
4.984300136566162109e-01
4.499176144599914551e-01
4.061238467693328857e-01
5.473758578300476074e-01
4.555245041847229004e-01
3.974157571792602539e-01
3.489602804183959961e-01
5.464083552360534668e-01
4.605547189712524414e-01
4.048793017864227295e-01
3.571546673774719238e-01
5.654588341712951660e-01
5.023661851882934570e-01
4.581643342971801758e-01
4.169861078262329102e-01
0.000000000000000000e+00
1.000000000000000000e+00
1.000000000000000000e+00
1.000000000000000000e+00
1.000000000000000000e+00
0.000000000000000000e+00
0.000000000000000000e+00
0.000000000000000000e+00
0.000000000000000000e+00
0.000000000000000000e+00
0.000000000000000000e+00
0.000000000000000000e+00
0.000000000000000000e+00
0.000000000000000000e+00
0.000000000000000000e+00
0.000000000000000000e+00
0.000000000000000000e+00
0.000000000000000000e+00
0.000000000000000000e+00
0.000000000000000000e+00
0.000000000000000000e+00
0.000000000000000000e+00
0.000000000000000000e+00
0.000000000000000000e+00
0.000000000000000000e+00
0.000000000000000000e+00
0.000000000000000000e+00
0.000000000000000000e+00
0.000000000000000000e+00
0.000000000000000000e+00
0.000000000000000000e+00
0.000000000000000000e+00
0.000000000000000000e+00
0.000000000000000000e+00
0.000000000000000000e+00
0.000000000000000000e+00
0.000000000000000000e+00
0.000000000000000000e+00
0.000000000000000000e+00
0.000000000000000000e+00
0.000000000000000000e+00
0.000000000000000000e+00
0.000000000000000000e+00
0.000000000000000000e+00
0.000000000000000000e+00
0.000000000000000000e+00
0.000000000000000000e+00
0.000000000000000000e+00
0.000000000000000000e+00
0.000000000000000000e+00
0.000000000000000000e+00
0.000000000000000000e+00
0.000000000000000000e+00
