-1.000000000000000000e+00
3.257253170013427734e-01
3.365384340286254883e-01
3.754572272300720215e-01
4.013628065586090088e-01
3.905656337738037109e-01
4.192519783973693848e-01
4.899818897247314453e-01
4.731024205684661865e-01
4.452262222766876221e-01
4.374927580356597900e-01
4.985907673835754395e-01
4.803335666656494141e-01
4.541182518005371094e-01
4.520843327045440674e-01
4.982742071151733398e-01
4.798146188259124756e-01
4.544514119625091553e-01
4.621708095073699951e-01
4.921262264251708984e-01
4.727893769741058350e-01
4.531350731849670410e-01
8.007730841636657715e-01
6.995815038681030273e-01
6.051235198974609375e-01
5.319344401359558105e-01
4.759785830974578857e-01
6.000269651412963867e-01
6.215819716453552246e-01
6.485276818275451660e-01
6.514103412628173828e-01
6.592631936073303223e-01
6.723605394363403320e-01
6.947157979011535645e-01
6.973177194595336914e-01
7.241945862770080566e-01
7.267742753028869629e-01
7.416442036628723145e-01
7.457223534584045410e-01
7.840232253074645996e-01
7.684745192527770996e-01
7.794212698936462402e-01
7.858370542526245117e-01
1.000000000000000000e+00
0.000000000000000000e+00
0.000000000000000000e+00
0.000000000000000000e+00
0.000000000000000000e+00
1.000000000000000000e+00
7.811278104782104492e-01
7.545543313026428223e-01
7.121255993843078613e-01
6.890016794204711914e-01
6.852216720581054688e-01
6.602315306663513184e-01
5.895043611526489258e-01
6.130980253219604492e-01
6.429332494735717773e-01
6.553454399108886719e-01
5.857636928558349609e-01
6.117957234382629395e-01
6.422768831253051758e-01
6.559574604034423828e-01
5.933583378791809082e-01
6.174447536468505859e-01
6.465902924537658691e-01
6.605803370475769043e-01
6.088088750839233398e-01
6.300489902496337891e-01
6.547700166702270508e-01
7.453221082687377930e-01
6.415870189666748047e-01
5.529541969299316406e-01
4.755026996135711670e-01
4.135129451751708984e-01
5.876497626304626465e-01
6.024988889694213867e-01
6.147222518920898438e-01
6.159526705741882324e-01
6.571566462516784668e-01
6.574873924255371094e-01
6.648378968238830566e-01
6.686573624610900879e-01
7.232379913330078125e-01
7.103913426399230957e-01
7.142282128334045410e-01
7.188537120819091797e-01
7.831789255142211914e-01
7.654813528060913086e-01
7.641924619674682617e-01
7.680864930152893066e-01
1.000000000000000000e+00
0.000000000000000000e+00
0.000000000000000000e+00
0.000000000000000000e+00
0.000000000000000000e+00
