-1.000000000000000000e+00
1.537503004074096680e-01
1.773179769515991211e-01
2.583375275135040283e-01
2.936486899852752686e-01
2.727175652980804443e-01
3.094241917133331299e-01
4.741739034652709961e-01
4.193780720233917236e-01
3.554379045963287354e-01
3.316987454891204834e-01
5.002285242080688477e-01
4.527041316032409668e-01
3.903533518314361572e-01
3.437890708446502686e-01
4.798069000244140625e-01
4.418402314186096191e-01
3.921718597412109375e-01
3.545202016830444336e-01
4.604029655456542969e-01
4.286733269691467285e-01
3.886064291000366211e-01
9.776931405067443848e-01
7.927566766738891602e-01
6.090019345283508301e-01
4.648261368274688721e-01
3.503287732601165771e-01
7.204896211624145508e-01
6.816827058792114258e-01
6.796205043792724609e-01
6.916847825050354004e-01
8.560244441032409668e-01
7.921382188796997070e-01
7.718194723129272461e-01
7.899899482727050781e-01
9.624186158180236816e-01
8.913762569427490234e-01
8.726342320442199707e-01
8.925312757492065430e-01
1.038865208625793457e+00
9.690052270889282227e-01
9.553997516632080078e-01
9.762045145034790039e-01
1.000000000000000000e+00
0.000000000000000000e+00
1.000000000000000000e+00
0.000000000000000000e+00
0.000000000000000000e+00
1.000000000000000000e+00
9.567793011665344238e-01
9.179065227508544922e-01
8.598442673683166504e-01
8.310354351997375488e-01
8.231061697006225586e-01
7.474736571311950684e-01
6.062671542167663574e-01
6.500944495201110840e-01
7.100412845611572266e-01
7.246086597442626953e-01
5.928568840026855469e-01
6.339460015296936035e-01
6.872527003288269043e-01
7.213673591613769531e-01
6.045538187026977539e-01
6.397305727005004883e-01
6.868246197700500488e-01
7.273098230361938477e-01
6.290526986122131348e-01
6.588710546493530273e-01
6.995176672935485840e-01
9.748972654342651367e-01
7.793964147567749023e-01
6.108785867691040039e-01
4.525605738162994385e-01
3.249390423297882080e-01
7.335034608840942383e-01
6.899042129516601562e-01
6.883203983306884766e-01
7.005250453948974609e-01
8.566424846649169922e-01
7.876144051551818848e-01
7.746362686157226562e-01
7.886046171188354492e-01
9.607993960380554199e-01
8.816184997558593750e-01
8.718201518058776855e-01
8.827051520347595215e-01
1.040109515190124512e+00
9.646236896514892578e-01
9.561872482299804688e-01
9.691529870033264160e-01
1.000000000000000000e+00
0.000000000000000000e+00
0.000000000000000000e+00
0.000000000000000000e+00
0.000000000000000000e+00
