-1.000000000000000000e+00
3.066646456718444824e-01
3.285673260688781738e-01
3.722878098487854004e-01
3.969247639179229736e-01
3.873897790908813477e-01
4.080036580562591553e-01
4.870811700820922852e-01
4.615318179130554199e-01
4.304930567741394043e-01
4.153439998626708984e-01
4.917777180671691895e-01
4.636286497116088867e-01
4.302727580070495605e-01
4.213768839836120605e-01
4.875420033931732178e-01
4.598323702812194824e-01
4.273684918880462646e-01
4.243987500667572021e-01
4.692373871803283691e-01
4.424675703048706055e-01
4.158605635166168213e-01
6.337088942527770996e-01
5.450811982154846191e-01
4.536395668983459473e-01
3.833090066909790039e-01
3.244722783565521240e-01
4.570562541484832764e-01
4.907841682434082031e-01
5.090671777725219727e-01
5.011440515518188477e-01
5.201560258865356445e-01
5.413467884063720703e-01
5.560134053230285645e-01
5.527896881103515625e-01
5.865383744239807129e-01
5.987192392349243164e-01
6.102549433708190918e-01
6.088763475418090820e-01
6.501042842864990234e-01
6.514073014259338379e-01
6.584897637367248535e-01
6.567696332931518555e-01
1.000000000000000000e+00
0.000000000000000000e+00
0.000000000000000000e+00
0.000000000000000000e+00
0.000000000000000000e+00
1.000000000000000000e+00
7.435950040817260742e-01
7.226498723030090332e-01
6.840909123420715332e-01
6.564611196517944336e-01
6.404035091400146484e-01
6.320152878761291504e-01
5.558837652206420898e-01
5.773121118545532227e-01
6.124402880668640137e-01
6.243536472320556641e-01
5.512649416923522949e-01
5.738267898559570312e-01
6.075460910797119141e-01
6.206403374671936035e-01
5.598528385162353516e-01
5.795547366142272949e-01
6.082681417465209961e-01
6.199766397476196289e-01
5.667226314544677734e-01
5.881507992744445801e-01
6.149760484695434570e-01
5.920516848564147949e-01
4.892561733722686768e-01
3.986642062664031982e-01
3.244282901287078857e-01
2.618786990642547607e-01
4.199476242065429688e-01
4.383307993412017822e-01
4.535979628562927246e-01
4.563485682010650635e-01
4.849802851676940918e-01
4.872918725013732910e-01
5.014329552650451660e-01
5.054086446762084961e-01
5.482272505760192871e-01
5.372440814971923828e-01
5.506754517555236816e-01
5.544703602790832520e-01
6.063123941421508789e-01
5.870079398155212402e-01
5.957417488098144531e-01
6.016999483108520508e-01
1.000000000000000000e+00
0.000000000000000000e+00
0.000000000000000000e+00
0.000000000000000000e+00
0.000000000000000000e+00
