-1.000000000000000000e+00
3.120181262493133545e-01
3.309503793716430664e-01
3.761959969997406006e-01
4.048356711864471436e-01
3.988205790519714355e-01
4.183478653430938721e-01
4.970017671585083008e-01
4.737503528594970703e-01
4.409650266170501709e-01
4.280064404010772705e-01
4.991266131401062012e-01
4.727908670902252197e-01
4.395389258861541748e-01
4.334800243377685547e-01
4.952958524227142334e-01
4.697200953960418701e-01
4.369723200798034668e-01
4.338750839233398438e-01
4.730114340782165527e-01
4.475533068180084229e-01
4.217407107353210449e-01
6.560836434364318848e-01
5.640333294868469238e-01
4.744399487972259521e-01
4.045242667198181152e-01
3.425308167934417725e-01
4.855055212974548340e-01
5.035359859466552734e-01
5.253669619560241699e-01
5.225412845611572266e-01
5.467026233673095703e-01
5.613752007484436035e-01
5.784580111503601074e-01
5.762857198715209961e-01
6.126365065574645996e-01
6.197026371955871582e-01
6.309447288513183594e-01
6.295189261436462402e-01
6.757518649101257324e-01
6.756662726402282715e-01
6.810794472694396973e-01
6.790713071823120117e-01
1.000000000000000000e+00
0.000000000000000000e+00
0.000000000000000000e+00
0.000000000000000000e+00
0.000000000000000000e+00
1.000000000000000000e+00
7.424749135971069336e-01
7.228660583496093750e-01
6.860706210136413574e-01
6.604556441307067871e-01
6.471025347709655762e-01
6.341447234153747559e-01
5.612351298332214355e-01
5.835640430450439453e-01
6.149875521659851074e-01
6.282678246498107910e-01
5.563124418258666992e-01
5.825021266937255859e-01
6.157874464988708496e-01
6.263012290000915527e-01
5.661692619323730469e-01
5.901315808296203613e-01
6.205762028694152832e-01
6.274093389511108398e-01
5.804989337921142578e-01
6.036787033081054688e-01
6.299382448196411133e-01
6.069681048393249512e-01
5.068749785423278809e-01
4.135400652885437012e-01
3.403505384922027588e-01
2.782523036003112793e-01
4.395085573196411133e-01
4.553025960922241211e-01
4.676646292209625244e-01
4.672526121139526367e-01
5.110582709312438965e-01
5.101248621940612793e-01
5.213673114776611328e-01
5.239167213439941406e-01
5.783245563507080078e-01
5.663573741912841797e-01
5.750771760940551758e-01
5.766038298606872559e-01
6.391215920448303223e-01
6.189514994621276855e-01
6.231641769409179688e-01
6.266143918037414551e-01
1.000000000000000000e+00
0.000000000000000000e+00
0.000000000000000000e+00
0.000000000000000000e+00
0.000000000000000000e+00
