-1.000000000000000000e+00
3.057560622692108154e-01
3.180408477783203125e-01
3.606915473937988281e-01
3.904228806495666504e-01
3.836255073547363281e-01
4.003128409385681152e-01
4.779276549816131592e-01
4.578124284744262695e-01
4.285004734992980957e-01
4.143131077289581299e-01
4.847002327442169189e-01
4.632258713245391846e-01
4.332462549209594727e-01
4.258256554603576660e-01
4.870310425758361816e-01
4.664666354656219482e-01
4.371936917304992676e-01
4.332557320594787598e-01
4.817613959312438965e-01
4.599066376686096191e-01
4.349435865879058838e-01
6.971591711044311523e-01
5.983775854110717773e-01
5.043624043464660645e-01
4.298983812332153320e-01
3.652428388595581055e-01
5.082408785820007324e-01
5.186638236045837402e-01
5.433820486068725586e-01
5.457553267478942871e-01
5.677306652069091797e-01
5.705815553665161133e-01
5.915002822875976562e-01
5.947995781898498535e-01
6.322923302650451660e-01
6.239528059959411621e-01
6.397252082824707031e-01
6.462885737419128418e-01
6.930160522460937500e-01
6.720370054244995117e-01
6.828221678733825684e-01
6.915640234947204590e-01
1.000000000000000000e+00
0.000000000000000000e+00
0.000000000000000000e+00
0.000000000000000000e+00
0.000000000000000000e+00
1.000000000000000000e+00
7.406098842620849609e-01
7.181902527809143066e-01
6.800872087478637695e-01
6.550732254981994629e-01
6.426950693130493164e-01
6.237802505493164062e-01
5.513737797737121582e-01
5.774042010307312012e-01
6.096568107604980469e-01
6.175439953804016113e-01
5.465525984764099121e-01
5.751361846923828125e-01
6.088204383850097656e-01
6.175076961517333984e-01
5.617772340774536133e-01
5.867123603820800781e-01
6.169368624687194824e-01
6.224185228347778320e-01
5.802399516105651855e-01
6.014192700386047363e-01
6.257661581039428711e-01
6.103845834732055664e-01
5.100912451744079590e-01
4.209713339805603027e-01
3.482802510261535645e-01
2.892906963825225830e-01
4.480346441268920898e-01
4.633719027042388916e-01
4.761447310447692871e-01
4.748634397983551025e-01
5.170374512672424316e-01
5.171158909797668457e-01
5.290420055389404297e-01
5.313929319381713867e-01
5.828750133514404297e-01
5.767781734466552734e-01
5.840007662773132324e-01
5.839269161224365234e-01
6.429716944694519043e-01
6.318404674530029297e-01
6.324831843376159668e-01
6.321411132812500000e-01
1.000000000000000000e+00
0.000000000000000000e+00
0.000000000000000000e+00
0.000000000000000000e+00
0.000000000000000000e+00
