-1.000000000000000000e+00
2.347657382488250732e-01
2.475973814725875854e-01
2.869849801063537598e-01
3.108944296836853027e-01
3.016931116580963135e-01
2.956374585628509521e-01
3.861684501171112061e-01
3.694072067737579346e-01
3.374656438827514648e-01
3.030439019203186035e-01
3.962919116020202637e-01
3.719498515129089355e-01
3.364243507385253906e-01
3.144782483577728271e-01
3.959988653659820557e-01
3.710467517375946045e-01
3.383943736553192139e-01
3.271863162517547607e-01
3.831057548522949219e-01
3.595964610576629639e-01
3.322288691997528076e-01
7.186986207962036133e-01
6.297525167465209961e-01
5.311859250068664551e-01
4.595821499824523926e-01
4.018179178237915039e-01
5.392218232154846191e-01
5.455595850944519043e-01
5.631313323974609375e-01
5.654676556587219238e-01
5.990486145019531250e-01
6.012583971023559570e-01
6.158306598663330078e-01
6.221025586128234863e-01
6.591455340385437012e-01
6.598029732704162598e-01
6.684865951538085938e-01
6.705036759376525879e-01
7.165570855140686035e-01
7.122169733047485352e-01
7.177764177322387695e-01
7.172160744667053223e-01
1.000000000000000000e+00
0.000000000000000000e+00
0.000000000000000000e+00
0.000000000000000000e+00
0.000000000000000000e+00
1.000000000000000000e+00
7.155669927597045898e-01
6.916576027870178223e-01
6.517390608787536621e-01
6.180498003959655762e-01
5.990881323814392090e-01
5.833233594894409180e-01
5.118837356567382812e-01
5.369457006454467773e-01
5.702250003814697266e-01
5.762146115303039551e-01
5.057012438774108887e-01
5.334584116935729980e-01
5.688089132308959961e-01
5.765960812568664551e-01
5.175783634185791016e-01
5.445768833160400391e-01
5.775629878044128418e-01
5.831940174102783203e-01
5.429911613464355469e-01
5.694384574890136719e-01
5.964119434356689453e-01
6.264207363128662109e-01
5.212940573692321777e-01
4.286739230155944824e-01
3.568642735481262207e-01
2.951105833053588867e-01
4.577350020408630371e-01
4.842098653316497803e-01
5.004767775535583496e-01
4.974118769168853760e-01
5.282314419746398926e-01
5.413138866424560547e-01
5.556681156158447266e-01
5.537029504776000977e-01
5.957469940185546875e-01
5.981805920600891113e-01
6.081601381301879883e-01
6.051452159881591797e-01
6.574126482009887695e-01
6.541628241539001465e-01
6.567690372467041016e-01
6.519961953163146973e-01
1.000000000000000000e+00
0.000000000000000000e+00
0.000000000000000000e+00
0.000000000000000000e+00
1.000000000000000000e+00
