-1.000000000000000000e+00
2.489155828952789307e-01
2.607074677944183350e-01
3.033590018749237061e-01
3.283417224884033203e-01
3.203258514404296875e-01
3.222390711307525635e-01
4.133575856685638428e-01
3.916711509227752686e-01
3.579868376255035400e-01
3.298938572406768799e-01
4.227854311466217041e-01
3.949421942234039307e-01
3.579174876213073730e-01
3.406284749507904053e-01
4.224917590618133545e-01
3.947557508945465088e-01
3.598659932613372803e-01
3.516628742218017578e-01
4.075755476951599121e-01
3.829784989356994629e-01
3.550054132938385010e-01
7.288408279418945312e-01
6.353542804718017578e-01
5.334496498107910156e-01
4.608822464942932129e-01
4.003750085830688477e-01
5.401377677917480469e-01
5.532857775688171387e-01
5.676742792129516602e-01
5.646255016326904297e-01
6.051512360572814941e-01
6.095756292343139648e-01
6.211213469505310059e-01
6.240864396095275879e-01
6.704475283622741699e-01
6.682621240615844727e-01
6.764508485794067383e-01
6.786205768585205078e-01
7.315593361854553223e-01
7.229928374290466309e-01
7.283746004104614258e-01
7.292271852493286133e-01
1.000000000000000000e+00
0.000000000000000000e+00
0.000000000000000000e+00
0.000000000000000000e+00
0.000000000000000000e+00
1.000000000000000000e+00
7.468085289001464844e-01
7.223256230354309082e-01
6.790440082550048828e-01
6.471231579780578613e-01
6.286906003952026367e-01
6.235746741294860840e-01
5.452874898910522461e-01
5.697819590568542480e-01
6.019402742385864258e-01
6.175121665000915527e-01
5.379491448402404785e-01
5.664108395576477051e-01
6.004288196563720703e-01
6.170805692672729492e-01
5.476871728897094727e-01
5.761929750442504883e-01
6.086242198944091797e-01
6.219548583030700684e-01
5.707311034202575684e-01
5.951229929924011230e-01
6.208897233009338379e-01
6.459183096885681152e-01
5.383254885673522949e-01
4.450353682041168213e-01
3.673514723777770996e-01
3.034372329711914062e-01
4.800907671451568604e-01
4.900938272476196289e-01
5.029146075248718262e-01
5.035957098007202148e-01
5.500582456588745117e-01
5.499666929244995117e-01
5.594859719276428223e-01
5.608624219894409180e-01
6.171182394027709961e-01
6.063111424446105957e-01
6.117780208587646484e-01
6.127068996429443359e-01
6.783051490783691406e-01
6.624086499214172363e-01
6.615334153175354004e-01
6.608427762985229492e-01
1.000000000000000000e+00
0.000000000000000000e+00
0.000000000000000000e+00
0.000000000000000000e+00
1.000000000000000000e+00
