-1.000000000000000000e+00
2.498860955238342285e-01
2.610833346843719482e-01
3.048613965511322021e-01
3.308905959129333496e-01
3.213638663291931152e-01
3.247187733650207520e-01
4.149938225746154785e-01
3.960551619529724121e-01
3.615435361862182617e-01
3.349779844284057617e-01
4.269274473190307617e-01
4.006945490837097168e-01
3.614273071289062500e-01
3.467558622360229492e-01
4.272801578044891357e-01
4.004447460174560547e-01
3.638482689857482910e-01
3.574249148368835449e-01
4.098776280879974365e-01
3.856266140937805176e-01
3.577831387519836426e-01
7.294902205467224121e-01
6.351967453956604004e-01
5.329295992851257324e-01
4.584767818450927734e-01
3.954319655895233154e-01
5.375095605850219727e-01
5.502526760101318359e-01
5.663309097290039062e-01
5.668026804924011230e-01
6.022371053695678711e-01
6.061542630195617676e-01
6.206947565078735352e-01
6.266185641288757324e-01
6.686250567436218262e-01
6.661725044250488281e-01
6.763237118721008301e-01
6.810507178306579590e-01
7.311661839485168457e-01
7.209243178367614746e-01
7.288981676101684570e-01
7.333128452301025391e-01
1.000000000000000000e+00
0.000000000000000000e+00
0.000000000000000000e+00
0.000000000000000000e+00
0.000000000000000000e+00
1.000000000000000000e+00
7.492123246192932129e-01
7.249395251274108887e-01
6.824567914009094238e-01
6.517129540443420410e-01
6.370052695274353027e-01
6.275885105133056641e-01
5.483999848365783691e-01
5.710062980651855469e-01
6.028978824615478516e-01
6.216824054718017578e-01
5.419663190841674805e-01
5.700696706771850586e-01
6.047013401985168457e-01
6.210446357727050781e-01
5.544252991676330566e-01
5.813331604003906250e-01
6.128107309341430664e-01
6.251088380813598633e-01
5.757502317428588867e-01
5.991607308387756348e-01
6.242096424102783203e-01
6.434435844421386719e-01
5.372445583343505859e-01
4.444117844104766846e-01
3.674875497817993164e-01
3.016302287578582764e-01
4.741970896720886230e-01
4.875049889087677002e-01
5.018804669380187988e-01
5.022596716880798340e-01
5.460604429244995117e-01
5.476331710815429688e-01
5.596177577972412109e-01
5.615942478179931641e-01
6.146500110626220703e-01
6.069841384887695312e-01
6.139745712280273438e-01
6.143611073493957520e-01
6.773000359535217285e-01
6.630777120590209961e-01
6.633166074752807617e-01
6.629858016967773438e-01
1.000000000000000000e+00
0.000000000000000000e+00
0.000000000000000000e+00
0.000000000000000000e+00
1.000000000000000000e+00
