-1.000000000000000000e+00
2.880823910236358643e-01
2.981853783130645752e-01
3.361727893352508545e-01
3.592357635498046875e-01
3.464086353778839111e-01
3.879353404045104980e-01
4.717499613761901855e-01
4.517154693603515625e-01
4.190860688686370850e-01
4.072113931179046631e-01
4.815226495265960693e-01
4.570663571357727051e-01
4.236927032470703125e-01
4.212585687637329102e-01
4.817395210266113281e-01
4.566281735897064209e-01
4.234395325183868408e-01
4.293449521064758301e-01
4.611669778823852539e-01
4.362995028495788574e-01
4.121716320514678955e-01
7.150328159332275391e-01
6.023224592208862305e-01
5.030198097229003906e-01
4.223272204399108887e-01
3.560298085212707520e-01
4.950253963470458984e-01
5.048706531524658203e-01
5.350625514984130859e-01
5.393348932266235352e-01
5.649875402450561523e-01
5.674240589141845703e-01
5.909311771392822266e-01
5.972974896430969238e-01
6.398518085479736328e-01
6.344352960586547852e-01
6.496223807334899902e-01
6.563302874565124512e-01
7.099471688270568848e-01
6.954756975173950195e-01
7.062711715698242188e-01
7.131380438804626465e-01
1.000000000000000000e+00
0.000000000000000000e+00
0.000000000000000000e+00
0.000000000000000000e+00
0.000000000000000000e+00
1.000000000000000000e+00
7.817599177360534668e-01
7.586865425109863281e-01
7.144300937652587891e-01
6.850538849830627441e-01
6.674925684928894043e-01
6.898852586746215820e-01
5.912064909934997559e-01
6.152566671371459961e-01
6.493876576423645020e-01
6.887844800949096680e-01
5.852129459381103516e-01
6.139664053916931152e-01
6.504755616188049316e-01
6.881136894226074219e-01
5.953886508941650391e-01
6.234134435653686523e-01
6.584192514419555664e-01
6.864396929740905762e-01
6.111784577369689941e-01
6.347326040267944336e-01
6.666129231452941895e-01
6.447774171829223633e-01
5.475634336471557617e-01
4.468246698379516602e-01
3.721453249454498291e-01
3.100235462188720703e-01
4.705395698547363281e-01
4.907130599021911621e-01
5.061521530151367188e-01
5.023721456527709961e-01
5.373813509941101074e-01
5.519348978996276855e-01
5.625699162483215332e-01
5.621893405914306641e-01
6.049958467483520508e-01
6.135729551315307617e-01
6.189040541648864746e-01
6.167582273483276367e-01
6.708223223686218262e-01
6.699415445327758789e-01
6.687445044517517090e-01
6.679143309593200684e-01
1.000000000000000000e+00
0.000000000000000000e+00
0.000000000000000000e+00
0.000000000000000000e+00
1.000000000000000000e+00
