-1.000000000000000000e+00
3.419371545314788818e-01
3.480037450790405273e-01
3.840000331401824951e-01
4.141285419464111328e-01
4.052364826202392578e-01
4.609301388263702393e-01
5.215783119201660156e-01
5.014445781707763672e-01
4.725147187709808350e-01
4.871581792831420898e-01
5.320317745208740234e-01
5.095937848091125488e-01
4.819507598876953125e-01
5.018073320388793945e-01
5.343877673149108887e-01
5.134188532829284668e-01
4.845603406429290771e-01
5.076215863227844238e-01
5.186027884483337402e-01
4.981881380081176758e-01
4.772688746452331543e-01
7.209839224815368652e-01
5.965380072593688965e-01
4.932788908481597900e-01
4.070865213871002197e-01
3.403733968734741211e-01
4.887801706790924072e-01
5.198148488998413086e-01
5.469997525215148926e-01
5.493986606597900391e-01
5.605821609497070312e-01
5.779584050178527832e-01
5.978410840034484863e-01
6.042404770851135254e-01
6.381092667579650879e-01
6.430884003639221191e-01
6.556597948074340820e-01
6.622280478477478027e-01
7.096846699714660645e-01
7.040905952453613281e-01
7.150176763534545898e-01
7.220713496208190918e-01
1.000000000000000000e+00
0.000000000000000000e+00
0.000000000000000000e+00
0.000000000000000000e+00
0.000000000000000000e+00
1.000000000000000000e+00
8.032929301261901855e-01
7.798404693603515625e-01
7.426588535308837891e-01
7.207855582237243652e-01
7.092167735099792480e-01
7.341091632843017578e-01
6.318129301071166992e-01
6.513841748237609863e-01
6.847454309463500977e-01
7.369808554649353027e-01
6.284861564636230469e-01
6.536590456962585449e-01
6.897259354591369629e-01
7.374885678291320801e-01
6.417263150215148926e-01
6.680588722229003906e-01
7.023822069168090820e-01
7.343562245368957520e-01
6.562759876251220703e-01
6.792784929275512695e-01
7.102262377738952637e-01
6.620796918869018555e-01
5.722877383232116699e-01
4.690873622894287109e-01
3.914367556571960449e-01
3.238547742366790771e-01
4.811706542968750000e-01
4.944537281990051270e-01
5.185835361480712891e-01
5.202443599700927734e-01
5.427048206329345703e-01
5.588775277137756348e-01
5.730500817298889160e-01
5.738071203231811523e-01
6.084083318710327148e-01
6.184971928596496582e-01
6.274261474609375000e-01
6.260533332824707031e-01
6.721118688583374023e-01
6.730611324310302734e-01
6.752635240554809570e-01
6.744157075881958008e-01
1.000000000000000000e+00
0.000000000000000000e+00
0.000000000000000000e+00
0.000000000000000000e+00
0.000000000000000000e+00
