-1.000000000000000000e+00
3.472533524036407471e-01
3.540931046009063721e-01
3.916374742984771729e-01
4.206936359405517578e-01
4.102503061294555664e-01
4.692682027816772461e-01
5.277748703956604004e-01
5.055648088455200195e-01
4.753701388835906982e-01
4.939664602279663086e-01
5.371313691139221191e-01
5.138282775878906250e-01
4.861699342727661133e-01
5.075621604919433594e-01
5.404909849166870117e-01
5.186308622360229492e-01
4.890546500682830811e-01
5.129620432853698730e-01
5.260503888130187988e-01
5.037202239036560059e-01
4.811157286167144775e-01
7.308939099311828613e-01
6.055554747581481934e-01
4.991301894187927246e-01
4.126061797142028809e-01
3.449923992156982422e-01
4.962966442108154297e-01
5.285796523094177246e-01
5.540730357170104980e-01
5.568630099296569824e-01
5.655102133750915527e-01
5.847510099411010742e-01
6.050533652305603027e-01
6.136101484298706055e-01
6.414483785629272461e-01
6.487357020378112793e-01
6.634026169776916504e-01
6.715328693389892578e-01
7.134828567504882812e-01
7.123889327049255371e-01
7.231590747833251953e-01
7.294003963470458984e-01
1.000000000000000000e+00
0.000000000000000000e+00
0.000000000000000000e+00
0.000000000000000000e+00
0.000000000000000000e+00
1.000000000000000000e+00
8.074541687965393066e-01
7.861700057983398438e-01
7.494499087333679199e-01
7.266147732734680176e-01
7.148592472076416016e-01
7.442886829376220703e-01
6.385824680328369141e-01
6.602002382278442383e-01
6.934757232666015625e-01
7.460885643959045410e-01
6.365355849266052246e-01
6.628876924514770508e-01
6.984707713127136230e-01
7.449026703834533691e-01
6.485741734504699707e-01
6.741631627082824707e-01
7.075593471527099609e-01
7.402474880218505859e-01
6.610130667686462402e-01
6.839819550514221191e-01
7.150852084159851074e-01
6.731712818145751953e-01
5.798760652542114258e-01
4.768942892551422119e-01
4.005027115345001221e-01
3.328261971473693848e-01
4.942885637283325195e-01
5.062400102615356445e-01
5.255979895591735840e-01
5.269579887390136719e-01
5.592836737632751465e-01
5.708712935447692871e-01
5.809592008590698242e-01
5.832525491714477539e-01
6.257038116455078125e-01
6.273837089538574219e-01
6.348922848701477051e-01
6.369049549102783203e-01
6.891050338745117188e-01
6.819298863410949707e-01
6.833277940750122070e-01
6.861681938171386719e-01
1.000000000000000000e+00
0.000000000000000000e+00
0.000000000000000000e+00
0.000000000000000000e+00
0.000000000000000000e+00
