1.000000000000000000e+00
3.988682031631469727e-01
3.746719360351562500e-01
3.735232055187225342e-01
4.045911729335784912e-01
4.409404695034027100e-01
3.447943925857543945e-01
4.277363121509552002e-01
4.347473084926605225e-01
4.147222042083740234e-01
3.684094548225402832e-01
4.553418159484863281e-01
4.557130336761474609e-01
4.342153966426849365e-01
3.992916643619537354e-01
4.787342846393585205e-01
4.732863008975982666e-01
4.489029049873352051e-01
4.343622922897338867e-01
4.926688075065612793e-01
4.862687587738037109e-01
4.647880196571350098e-01
6.020304560661315918e-01
5.141805410385131836e-01
4.247625768184661865e-01
3.720558881759643555e-01
3.591040372848510742e-01
3.690813481807708740e-01
3.153625428676605225e-01
3.547303080558776855e-01
3.778129816055297852e-01
3.813757300376892090e-01
3.330669403076171875e-01
3.724328875541687012e-01
3.942464888095855713e-01
4.017238914966583252e-01
3.684159815311431885e-01
4.049455225467681885e-01
4.225319921970367432e-01
4.281251430511474609e-01
4.075388312339782715e-01
4.412117004394531250e-01
4.564471244812011719e-01
0.000000000000000000e+00
0.000000000000000000e+00
0.000000000000000000e+00
0.000000000000000000e+00
0.000000000000000000e+00
0.000000000000000000e+00
0.000000000000000000e+00
0.000000000000000000e+00
0.000000000000000000e+00
0.000000000000000000e+00
0.000000000000000000e+00
0.000000000000000000e+00
0.000000000000000000e+00
0.000000000000000000e+00
0.000000000000000000e+00
0.000000000000000000e+00
0.000000000000000000e+00
0.000000000000000000e+00
0.000000000000000000e+00
0.000000000000000000e+00
0.000000000000000000e+00
0.000000000000000000e+00
0.000000000000000000e+00
0.000000000000000000e+00
0.000000000000000000e+00
0.000000000000000000e+00
0.000000000000000000e+00
0.000000000000000000e+00
0.000000000000000000e+00
0.000000000000000000e+00
0.000000000000000000e+00
0.000000000000000000e+00
0.000000000000000000e+00
0.000000000000000000e+00
0.000000000000000000e+00
0.000000000000000000e+00
0.000000000000000000e+00
0.000000000000000000e+00
0.000000000000000000e+00
0.000000000000000000e+00
0.000000000000000000e+00
0.000000000000000000e+00
0.000000000000000000e+00
0.000000000000000000e+00
0.000000000000000000e+00
0.000000000000000000e+00
0.000000000000000000e+00
0.000000000000000000e+00
0.000000000000000000e+00
0.000000000000000000e+00
0.000000000000000000e+00
0.000000000000000000e+00
0.000000000000000000e+00
