1.000000000000000000e+00
4.136463403701782227e-01
3.821265399456024170e-01
3.775595426559448242e-01
4.062842726707458496e-01
4.430065155029296875e-01
3.615401387214660645e-01
4.299232661724090576e-01
4.394551217555999756e-01
4.263253211975097656e-01
3.927899897098541260e-01
4.615408182144165039e-01
4.669093787670135498e-01
4.524603188037872314e-01
4.286009371280670166e-01
4.911470711231231689e-01
4.892196655273437500e-01
4.703738391399383545e-01
4.654024243354797363e-01
5.120384693145751953e-01
5.066093206405639648e-01
4.888751506805419922e-01
6.009783744812011719e-01
5.171653628349304199e-01
4.412530064582824707e-01
3.984973728656768799e-01
3.945310115814208984e-01
3.858656585216522217e-01
3.400556445121765137e-01
3.741032779216766357e-01
4.001067876815795898e-01
3.941398561000823975e-01
3.568608164787292480e-01
3.919119536876678467e-01
4.158725142478942871e-01
4.123672544956207275e-01
3.892173469066619873e-01
4.224578738212585449e-01
4.418590068817138672e-01
4.382907748222351074e-01
4.263041615486145020e-01
4.571881890296936035e-01
4.724341630935668945e-01
0.000000000000000000e+00
0.000000000000000000e+00
0.000000000000000000e+00
0.000000000000000000e+00
0.000000000000000000e+00
0.000000000000000000e+00
0.000000000000000000e+00
0.000000000000000000e+00
0.000000000000000000e+00
0.000000000000000000e+00
0.000000000000000000e+00
0.000000000000000000e+00
0.000000000000000000e+00
0.000000000000000000e+00
0.000000000000000000e+00
0.000000000000000000e+00
0.000000000000000000e+00
0.000000000000000000e+00
0.000000000000000000e+00
0.000000000000000000e+00
0.000000000000000000e+00
0.000000000000000000e+00
0.000000000000000000e+00
0.000000000000000000e+00
0.000000000000000000e+00
0.000000000000000000e+00
0.000000000000000000e+00
0.000000000000000000e+00
0.000000000000000000e+00
0.000000000000000000e+00
0.000000000000000000e+00
0.000000000000000000e+00
0.000000000000000000e+00
0.000000000000000000e+00
0.000000000000000000e+00
0.000000000000000000e+00
0.000000000000000000e+00
0.000000000000000000e+00
0.000000000000000000e+00
0.000000000000000000e+00
0.000000000000000000e+00
0.000000000000000000e+00
0.000000000000000000e+00
0.000000000000000000e+00
0.000000000000000000e+00
0.000000000000000000e+00
0.000000000000000000e+00
0.000000000000000000e+00
0.000000000000000000e+00
0.000000000000000000e+00
0.000000000000000000e+00
0.000000000000000000e+00
0.000000000000000000e+00
