-1.000000000000000000e+00
3.195752501487731934e-01
3.616134822368621826e-01
3.934592008590698242e-01
3.662467598915100098e-01
3.280885815620422363e-01
3.740182518959045410e-01
3.431385159492492676e-01
3.375109136104583740e-01
3.464444577693939209e-01
3.305546939373016357e-01
3.037332296371459961e-01
3.082785010337829590e-01
3.222959935665130615e-01
2.943472266197204590e-01
2.662308216094970703e-01
2.792249917984008789e-01
2.971802949905395508e-01
2.607604265213012695e-01
2.414791882038116455e-01
2.572458386421203613e-01
2.748683691024780273e-01
5.995472669601440430e-01
5.611204504966735840e-01
4.885752499103546143e-01
4.271965324878692627e-01
3.958854377269744873e-01
3.989073038101196289e-01
3.492212891578674316e-01
4.168134331703186035e-01
4.599581956863403320e-01
4.061736464500427246e-01
3.502860665321350098e-01
4.297732710838317871e-01
4.664073586463928223e-01
4.221066534519195557e-01
3.767623901367187500e-01
4.470683634281158447e-01
4.767882823944091797e-01
4.461325407028198242e-01
4.193104207515716553e-01
4.659114181995391846e-01
4.872007369995117188e-01
1.000000000000000000e+00
0.000000000000000000e+00
0.000000000000000000e+00
0.000000000000000000e+00
0.000000000000000000e+00
0.000000000000000000e+00
0.000000000000000000e+00
0.000000000000000000e+00
0.000000000000000000e+00
0.000000000000000000e+00
0.000000000000000000e+00
0.000000000000000000e+00
0.000000000000000000e+00
0.000000000000000000e+00
0.000000000000000000e+00
0.000000000000000000e+00
0.000000000000000000e+00
0.000000000000000000e+00
0.000000000000000000e+00
0.000000000000000000e+00
0.000000000000000000e+00
0.000000000000000000e+00
0.000000000000000000e+00
0.000000000000000000e+00
0.000000000000000000e+00
0.000000000000000000e+00
0.000000000000000000e+00
0.000000000000000000e+00
0.000000000000000000e+00
0.000000000000000000e+00
0.000000000000000000e+00
0.000000000000000000e+00
0.000000000000000000e+00
0.000000000000000000e+00
0.000000000000000000e+00
0.000000000000000000e+00
0.000000000000000000e+00
0.000000000000000000e+00
0.000000000000000000e+00
0.000000000000000000e+00
0.000000000000000000e+00
0.000000000000000000e+00
0.000000000000000000e+00
0.000000000000000000e+00
0.000000000000000000e+00
0.000000000000000000e+00
0.000000000000000000e+00
0.000000000000000000e+00
0.000000000000000000e+00
0.000000000000000000e+00
0.000000000000000000e+00
0.000000000000000000e+00
0.000000000000000000e+00
