-1.000000000000000000e+00
3.213077485561370850e-01
3.664917945861816406e-01
4.023708701133728027e-01
3.810830116271972656e-01
3.433698117733001709e-01
3.684565424919128418e-01
3.517304658889770508e-01
3.511427342891693115e-01
3.573182821273803711e-01
3.287613093852996826e-01
3.103084266185760498e-01
3.183999657630920410e-01
3.293773531913757324e-01
2.944306433200836182e-01
2.731324732303619385e-01
2.878136336803436279e-01
3.019264042377471924e-01
2.610567212104797363e-01
2.464286684989929199e-01
2.632422447204589844e-01
2.785850465297698975e-01
6.009160280227661133e-01
5.598697066307067871e-01
4.837009608745574951e-01
4.220870435237884521e-01
3.947077989578247070e-01
4.067008197307586670e-01
3.505287468433380127e-01
4.160133302211761475e-01
4.605264663696289062e-01
4.152351319789886475e-01
3.547785878181457520e-01
4.315617084503173828e-01
4.708413779735565186e-01
4.330382943153381348e-01
3.791543543338775635e-01
4.486796557903289795e-01
4.820866882801055908e-01
4.582566022872924805e-01
4.245832562446594238e-01
4.698548018932342529e-01
4.939873218536376953e-01
1.000000000000000000e+00
0.000000000000000000e+00
0.000000000000000000e+00
0.000000000000000000e+00
0.000000000000000000e+00
0.000000000000000000e+00
0.000000000000000000e+00
0.000000000000000000e+00
0.000000000000000000e+00
0.000000000000000000e+00
0.000000000000000000e+00
0.000000000000000000e+00
0.000000000000000000e+00
0.000000000000000000e+00
0.000000000000000000e+00
0.000000000000000000e+00
0.000000000000000000e+00
0.000000000000000000e+00
0.000000000000000000e+00
0.000000000000000000e+00
0.000000000000000000e+00
0.000000000000000000e+00
0.000000000000000000e+00
0.000000000000000000e+00
0.000000000000000000e+00
0.000000000000000000e+00
0.000000000000000000e+00
0.000000000000000000e+00
0.000000000000000000e+00
0.000000000000000000e+00
0.000000000000000000e+00
0.000000000000000000e+00
0.000000000000000000e+00
0.000000000000000000e+00
0.000000000000000000e+00
0.000000000000000000e+00
0.000000000000000000e+00
0.000000000000000000e+00
0.000000000000000000e+00
0.000000000000000000e+00
0.000000000000000000e+00
0.000000000000000000e+00
0.000000000000000000e+00
0.000000000000000000e+00
0.000000000000000000e+00
0.000000000000000000e+00
0.000000000000000000e+00
0.000000000000000000e+00
0.000000000000000000e+00
0.000000000000000000e+00
0.000000000000000000e+00
0.000000000000000000e+00
0.000000000000000000e+00
