-1.000000000000000000e+00
3.451233804225921631e-01
3.874355852603912354e-01
4.041106104850769043e-01
3.588063716888427734e-01
3.130309581756591797e-01
3.703443109989166260e-01
3.629784286022186279e-01
3.733471035957336426e-01
3.774151802062988281e-01
3.270069658756256104e-01
3.175862431526184082e-01
3.380183279514312744e-01
3.436971604824066162e-01
2.894519865512847900e-01
2.802294790744781494e-01
3.073316812515258789e-01
3.124319911003112793e-01
2.538405656814575195e-01
2.591058015823364258e-01
2.828420698642730713e-01
2.861154079437255859e-01
6.578998565673828125e-01
6.028943061828613281e-01
5.105268359184265137e-01
4.718794524669647217e-01
4.661047756671905518e-01
4.428236782550811768e-01
3.785511255264282227e-01
4.416582584381103516e-01
4.862726330757141113e-01
4.592916071414947510e-01
3.897575139999389648e-01
4.622384011745452881e-01
4.973069131374359131e-01
4.883420467376708984e-01
4.300741851329803467e-01
4.966148734092712402e-01
5.237698554992675781e-01
5.282288789749145508e-01
4.917135834693908691e-01
5.337820053100585938e-01
5.500856637954711914e-01
1.000000000000000000e+00
0.000000000000000000e+00
0.000000000000000000e+00
0.000000000000000000e+00
0.000000000000000000e+00
0.000000000000000000e+00
0.000000000000000000e+00
0.000000000000000000e+00
0.000000000000000000e+00
0.000000000000000000e+00
0.000000000000000000e+00
0.000000000000000000e+00
0.000000000000000000e+00
0.000000000000000000e+00
0.000000000000000000e+00
0.000000000000000000e+00
0.000000000000000000e+00
0.000000000000000000e+00
0.000000000000000000e+00
0.000000000000000000e+00
0.000000000000000000e+00
0.000000000000000000e+00
0.000000000000000000e+00
0.000000000000000000e+00
0.000000000000000000e+00
0.000000000000000000e+00
0.000000000000000000e+00
0.000000000000000000e+00
0.000000000000000000e+00
0.000000000000000000e+00
0.000000000000000000e+00
0.000000000000000000e+00
0.000000000000000000e+00
0.000000000000000000e+00
0.000000000000000000e+00
0.000000000000000000e+00
0.000000000000000000e+00
0.000000000000000000e+00
0.000000000000000000e+00
0.000000000000000000e+00
0.000000000000000000e+00
0.000000000000000000e+00
0.000000000000000000e+00
0.000000000000000000e+00
0.000000000000000000e+00
0.000000000000000000e+00
0.000000000000000000e+00
0.000000000000000000e+00
0.000000000000000000e+00
0.000000000000000000e+00
0.000000000000000000e+00
0.000000000000000000e+00
0.000000000000000000e+00
