-1.000000000000000000e+00
4.048210680484771729e-01
4.682603478431701660e-01
5.093145966529846191e-01
4.830903112888336182e-01
4.611641764640808105e-01
4.854547977447509766e-01
4.868607819080352783e-01
4.861845672130584717e-01
4.863784313201904297e-01
4.333788752555847168e-01
4.334597885608673096e-01
4.406662881374359131e-01
4.427182674407958984e-01
3.844867050647735596e-01
3.841803073883056641e-01
3.987929821014404297e-01
4.009791612625122070e-01
3.334463238716125488e-01
3.416284024715423584e-01
3.588899672031402588e-01
3.625942468643188477e-01
5.280487537384033203e-01
4.754510521888732910e-01
3.808325529098510742e-01
3.014710843563079834e-01
2.501305341720581055e-01
2.768011093139648438e-01
2.062899470329284668e-01
2.888955175876617432e-01
3.262990713119506836e-01
2.781552672386169434e-01
2.018297463655471802e-01
2.986445128917694092e-01
3.283836245536804199e-01
2.950676083564758301e-01
2.291087508201599121e-01
3.210619688034057617e-01
3.476214408874511719e-01
3.245204687118530273e-01
2.804192304611206055e-01
3.413803279399871826e-01
3.610495030879974365e-01
1.000000000000000000e+00
0.000000000000000000e+00
0.000000000000000000e+00
0.000000000000000000e+00
0.000000000000000000e+00
0.000000000000000000e+00
0.000000000000000000e+00
0.000000000000000000e+00
0.000000000000000000e+00
0.000000000000000000e+00
0.000000000000000000e+00
0.000000000000000000e+00
0.000000000000000000e+00
0.000000000000000000e+00
0.000000000000000000e+00
0.000000000000000000e+00
0.000000000000000000e+00
0.000000000000000000e+00
0.000000000000000000e+00
0.000000000000000000e+00
0.000000000000000000e+00
0.000000000000000000e+00
0.000000000000000000e+00
0.000000000000000000e+00
0.000000000000000000e+00
0.000000000000000000e+00
0.000000000000000000e+00
0.000000000000000000e+00
0.000000000000000000e+00
0.000000000000000000e+00
0.000000000000000000e+00
0.000000000000000000e+00
0.000000000000000000e+00
0.000000000000000000e+00
0.000000000000000000e+00
0.000000000000000000e+00
0.000000000000000000e+00
0.000000000000000000e+00
0.000000000000000000e+00
0.000000000000000000e+00
0.000000000000000000e+00
0.000000000000000000e+00
0.000000000000000000e+00
0.000000000000000000e+00
0.000000000000000000e+00
0.000000000000000000e+00
0.000000000000000000e+00
0.000000000000000000e+00
0.000000000000000000e+00
0.000000000000000000e+00
0.000000000000000000e+00
0.000000000000000000e+00
0.000000000000000000e+00
