-1.000000000000000000e+00
4.231074452400207520e-01
4.849291443824768066e-01
5.142433643341064453e-01
4.952284991741180420e-01
4.663753211498260498e-01
4.842855036258697510e-01
5.077923536300659180e-01
5.188739895820617676e-01
5.117385387420654297e-01
4.437630772590637207e-01
4.711998105049133301e-01
4.854849576950073242e-01
4.754285514354705811e-01
4.031364917755126953e-01
4.318695068359375000e-01
4.475092887878417969e-01
4.349634945392608643e-01
3.606226742267608643e-01
3.993758559226989746e-01
4.147503972053527832e-01
4.029201865196228027e-01
5.645558238029479980e-01
5.094672441482543945e-01
4.253749251365661621e-01
3.653233349323272705e-01
3.232117295265197754e-01
3.276635706424713135e-01
2.680358886718750000e-01
3.370508849620819092e-01
3.787106275558471680e-01
3.278307914733886719e-01
2.650903463363647461e-01
3.534399271011352539e-01
3.900878131389617920e-01
3.414502441883087158e-01
2.866081595420837402e-01
3.717513084411621094e-01
4.022344648838043213e-01
3.683916032314300537e-01
3.427197039127349854e-01
3.977732956409454346e-01
4.170517027378082275e-01
1.000000000000000000e+00
0.000000000000000000e+00
0.000000000000000000e+00
0.000000000000000000e+00
0.000000000000000000e+00
0.000000000000000000e+00
0.000000000000000000e+00
0.000000000000000000e+00
0.000000000000000000e+00
0.000000000000000000e+00
0.000000000000000000e+00
0.000000000000000000e+00
0.000000000000000000e+00
0.000000000000000000e+00
0.000000000000000000e+00
0.000000000000000000e+00
0.000000000000000000e+00
0.000000000000000000e+00
0.000000000000000000e+00
0.000000000000000000e+00
0.000000000000000000e+00
0.000000000000000000e+00
0.000000000000000000e+00
0.000000000000000000e+00
0.000000000000000000e+00
0.000000000000000000e+00
0.000000000000000000e+00
0.000000000000000000e+00
0.000000000000000000e+00
0.000000000000000000e+00
0.000000000000000000e+00
0.000000000000000000e+00
0.000000000000000000e+00
0.000000000000000000e+00
0.000000000000000000e+00
0.000000000000000000e+00
0.000000000000000000e+00
0.000000000000000000e+00
0.000000000000000000e+00
0.000000000000000000e+00
0.000000000000000000e+00
0.000000000000000000e+00
0.000000000000000000e+00
0.000000000000000000e+00
0.000000000000000000e+00
0.000000000000000000e+00
0.000000000000000000e+00
0.000000000000000000e+00
0.000000000000000000e+00
0.000000000000000000e+00
0.000000000000000000e+00
0.000000000000000000e+00
0.000000000000000000e+00
