-1.000000000000000000e+00
3.445028066635131836e-01
3.895006477832794189e-01
4.031780958175659180e-01
3.545042574405670166e-01
3.081732690334320068e-01
3.684231638908386230e-01
3.633038103580474854e-01
3.739063739776611328e-01
3.781672716140747070e-01
3.252380788326263428e-01
3.157478868961334229e-01
3.388829529285430908e-01
3.463214933872222900e-01
2.882691323757171631e-01
2.786297500133514404e-01
3.075128495693206787e-01
3.123782873153686523e-01
2.537128031253814697e-01
2.590715587139129639e-01
2.839606702327728271e-01
2.854699492454528809e-01
6.580616235733032227e-01
6.015021204948425293e-01
5.048405528068542480e-01
4.642883539199829102e-01
4.557590782642364502e-01
4.440369904041290283e-01
3.817036449909210205e-01
4.404117166996002197e-01
4.836652576923370361e-01
4.608758687973022461e-01
3.919095695018768311e-01
4.656113982200622559e-01
5.020282864570617676e-01
4.898229837417602539e-01
4.319745898246765137e-01
4.972021877765655518e-01
5.241373777389526367e-01
5.304157733917236328e-01
4.916046559810638428e-01
5.345813035964965820e-01
5.517316460609436035e-01
1.000000000000000000e+00
0.000000000000000000e+00
0.000000000000000000e+00
0.000000000000000000e+00
0.000000000000000000e+00
0.000000000000000000e+00
0.000000000000000000e+00
0.000000000000000000e+00
0.000000000000000000e+00
0.000000000000000000e+00
0.000000000000000000e+00
0.000000000000000000e+00
0.000000000000000000e+00
0.000000000000000000e+00
0.000000000000000000e+00
0.000000000000000000e+00
0.000000000000000000e+00
0.000000000000000000e+00
0.000000000000000000e+00
0.000000000000000000e+00
0.000000000000000000e+00
0.000000000000000000e+00
0.000000000000000000e+00
0.000000000000000000e+00
0.000000000000000000e+00
0.000000000000000000e+00
0.000000000000000000e+00
0.000000000000000000e+00
0.000000000000000000e+00
0.000000000000000000e+00
0.000000000000000000e+00
0.000000000000000000e+00
0.000000000000000000e+00
0.000000000000000000e+00
0.000000000000000000e+00
0.000000000000000000e+00
0.000000000000000000e+00
0.000000000000000000e+00
0.000000000000000000e+00
0.000000000000000000e+00
0.000000000000000000e+00
0.000000000000000000e+00
0.000000000000000000e+00
0.000000000000000000e+00
0.000000000000000000e+00
0.000000000000000000e+00
0.000000000000000000e+00
0.000000000000000000e+00
0.000000000000000000e+00
0.000000000000000000e+00
0.000000000000000000e+00
0.000000000000000000e+00
0.000000000000000000e+00
