-1.000000000000000000e+00
2.866189479827880859e-01
3.436241447925567627e-01
3.965635299682617188e-01
3.804648220539093018e-01
3.537200391292572021e-01
3.985764384269714355e-01
4.081459641456604004e-01
3.886997699737548828e-01
3.783960640430450439e-01
3.477399349212646484e-01
3.559245765209197998e-01
3.456148207187652588e-01
3.456878066062927246e-01
2.998610734939575195e-01
3.038125634193420410e-01
3.025166988372802734e-01
3.045222461223602295e-01
2.509307563304901123e-01
2.615289688110351562e-01
2.666148841381072998e-01
2.692180871963500977e-01
6.271748542785644531e-01
5.988052487373352051e-01
5.243067741394042969e-01
4.455712437629699707e-01
3.954601287841796875e-01
4.320288598537445068e-01
3.647089302539825439e-01
4.375860095024108887e-01
4.808146059513092041e-01
4.195932745933532715e-01
3.494718074798583984e-01
4.425706565380096436e-01
4.740310907363891602e-01
4.198330342769622803e-01
3.629154264926910400e-01
4.505947232246398926e-01
4.730290472507476807e-01
4.293745458126068115e-01
3.967562317848205566e-01
4.569586515426635742e-01
4.724488854408264160e-01
1.000000000000000000e+00
0.000000000000000000e+00
0.000000000000000000e+00
0.000000000000000000e+00
0.000000000000000000e+00
0.000000000000000000e+00
0.000000000000000000e+00
0.000000000000000000e+00
0.000000000000000000e+00
0.000000000000000000e+00
0.000000000000000000e+00
0.000000000000000000e+00
0.000000000000000000e+00
0.000000000000000000e+00
0.000000000000000000e+00
0.000000000000000000e+00
0.000000000000000000e+00
0.000000000000000000e+00
0.000000000000000000e+00
0.000000000000000000e+00
0.000000000000000000e+00
0.000000000000000000e+00
0.000000000000000000e+00
0.000000000000000000e+00
0.000000000000000000e+00
0.000000000000000000e+00
0.000000000000000000e+00
0.000000000000000000e+00
0.000000000000000000e+00
0.000000000000000000e+00
0.000000000000000000e+00
0.000000000000000000e+00
0.000000000000000000e+00
0.000000000000000000e+00
0.000000000000000000e+00
0.000000000000000000e+00
0.000000000000000000e+00
0.000000000000000000e+00
0.000000000000000000e+00
0.000000000000000000e+00
0.000000000000000000e+00
0.000000000000000000e+00
0.000000000000000000e+00
0.000000000000000000e+00
0.000000000000000000e+00
0.000000000000000000e+00
0.000000000000000000e+00
0.000000000000000000e+00
0.000000000000000000e+00
0.000000000000000000e+00
0.000000000000000000e+00
0.000000000000000000e+00
0.000000000000000000e+00
