-1.000000000000000000e+00
3.027898967266082764e-01
3.614552319049835205e-01
4.094737470149993896e-01
3.921551704406738281e-01
3.688177168369293213e-01
4.089118838310241699e-01
4.210330843925476074e-01
4.053979516029357910e-01
3.927201032638549805e-01
3.586474955081939697e-01
3.702210783958435059e-01
3.633140921592712402e-01
3.597404956817626953e-01
3.113552927970886230e-01
3.181288540363311768e-01
3.193801045417785645e-01
3.176970481872558594e-01
2.637222707271575928e-01
2.763831913471221924e-01
2.830398678779602051e-01
2.829255461692810059e-01
6.521934270858764648e-01
6.200981140136718750e-01
5.474490523338317871e-01
4.755786955356597900e-01
4.302466511726379395e-01
4.562555253505706787e-01
3.915079236030578613e-01
4.620470404624938965e-01
5.053613781929016113e-01
4.455210268497467041e-01
3.752422332763671875e-01
4.650198817253112793e-01
4.943782389163970947e-01
4.484254121780395508e-01
3.914864957332611084e-01
4.744699597358703613e-01
4.921368658542633057e-01
4.619317948818206787e-01
4.284397959709167480e-01
4.833646714687347412e-01
4.946860074996948242e-01
1.000000000000000000e+00
0.000000000000000000e+00
0.000000000000000000e+00
0.000000000000000000e+00
0.000000000000000000e+00
0.000000000000000000e+00
0.000000000000000000e+00
0.000000000000000000e+00
0.000000000000000000e+00
0.000000000000000000e+00
0.000000000000000000e+00
0.000000000000000000e+00
0.000000000000000000e+00
0.000000000000000000e+00
0.000000000000000000e+00
0.000000000000000000e+00
0.000000000000000000e+00
0.000000000000000000e+00
0.000000000000000000e+00
0.000000000000000000e+00
0.000000000000000000e+00
0.000000000000000000e+00
0.000000000000000000e+00
0.000000000000000000e+00
0.000000000000000000e+00
0.000000000000000000e+00
0.000000000000000000e+00
0.000000000000000000e+00
0.000000000000000000e+00
0.000000000000000000e+00
0.000000000000000000e+00
0.000000000000000000e+00
0.000000000000000000e+00
0.000000000000000000e+00
0.000000000000000000e+00
0.000000000000000000e+00
0.000000000000000000e+00
0.000000000000000000e+00
0.000000000000000000e+00
0.000000000000000000e+00
0.000000000000000000e+00
0.000000000000000000e+00
0.000000000000000000e+00
0.000000000000000000e+00
0.000000000000000000e+00
0.000000000000000000e+00
0.000000000000000000e+00
0.000000000000000000e+00
0.000000000000000000e+00
0.000000000000000000e+00
0.000000000000000000e+00
0.000000000000000000e+00
0.000000000000000000e+00
