-1.000000000000000000e+00
2.506018579006195068e-01
3.002430200576782227e-01
3.307085037231445312e-01
2.928719520568847656e-01
2.521623969078063965e-01
3.816454112529754639e-01
4.298743009567260742e-01
4.574778676033020020e-01
4.765103161334991455e-01
3.298548161983489990e-01
3.499418497085571289e-01
3.575543463230133057e-01
3.610197305679321289e-01
2.810558676719665527e-01
2.676637768745422363e-01
2.550506591796875000e-01
2.434716373682022095e-01
2.377675771713256836e-01
2.456393837928771973e-01
2.504846453666687012e-01
2.516986429691314697e-01
9.097086787223815918e-01
8.980238437652587891e-01
8.413618803024291992e-01
7.773837447166442871e-01
7.142366766929626465e-01
6.805281639099121094e-01
5.829340815544128418e-01
5.187848806381225586e-01
4.590342640876770020e-01
6.474384665489196777e-01
5.168854594230651855e-01
4.331850707530975342e-01
3.653135597705841064e-01
6.556795239448547363e-01
5.388693809509277344e-01
4.567725956439971924e-01
3.877576291561126709e-01
6.957734823226928711e-01
6.850151419639587402e-01
7.439392805099487305e-01
7.981051206588745117e-01
1.000000000000000000e+00
1.000000000000000000e+00
1.000000000000000000e+00
1.000000000000000000e+00
0.000000000000000000e+00
1.000000000000000000e+00
8.915656208992004395e-01
7.955348491668701172e-01
7.064263820648193359e-01
6.384204626083374023e-01
5.801398754119873047e-01
7.516595125198364258e-01
7.072418928146362305e-01
6.857320666313171387e-01
6.705398559570312500e-01
8.061895370483398438e-01
7.830617427825927734e-01
7.710747718811035156e-01
7.611578106880187988e-01
8.624212145805358887e-01
8.470616936683654785e-01
8.342558145523071289e-01
8.216569423675537109e-01
9.200592637062072754e-01
9.400220513343811035e-01
9.524409770965576172e-01
9.609909057617187500e-01
7.043184041976928711e-01
6.876460313796997070e-01
6.306676268577575684e-01
5.829466581344604492e-01
5.624251961708068848e-01
4.337697625160217285e-01
3.194260895252227783e-01
2.478242218494415283e-01
1.847503781318664551e-01
3.993626534938812256e-01
2.616815865039825439e-01
1.769239902496337891e-01
1.064212322235107422e-01
3.966122865676879883e-01
2.677591443061828613e-01
1.925642788410186768e-01
1.273862719535827637e-01
4.174081683158874512e-01
3.175091147422790527e-01
2.538982033729553223e-01
1.943113505840301514e-01
1.000000000000000000e+00
1.000000000000000000e+00
1.000000000000000000e+00
1.000000000000000000e+00
1.000000000000000000e+00
