-1.000000000000000000e+00
2.673207819461822510e-01
3.116474151611328125e-01
3.400034010410308838e-01
3.038432002067565918e-01
2.645366787910461426e-01
3.946057856082916260e-01
4.404470622539520264e-01
4.636356830596923828e-01
4.822690784931182861e-01
3.464654982089996338e-01
3.646762073040008545e-01
3.715897798538208008e-01
3.786429762840270996e-01
3.001199364662170410e-01
2.904748618602752686e-01
2.818867564201354980e-01
2.762822508811950684e-01
2.598696053028106689e-01
2.601416409015655518e-01
2.628333866596221924e-01
2.647269368171691895e-01
8.685033917427062988e-01
8.522483110427856445e-01
7.998214960098266602e-01
7.366269230842590332e-01
6.739314198493957520e-01
6.449802517890930176e-01
5.522810816764831543e-01
4.923712611198425293e-01
4.346177577972412109e-01
6.127120256423950195e-01
4.903525114059448242e-01
4.130654335021972656e-01
3.451608419418334961e-01
6.198252439498901367e-01
5.085431337356567383e-01
4.331214427947998047e-01
3.678669631481170654e-01
6.589085459709167480e-01
6.405193805694580078e-01
6.946732401847839355e-01
7.479172945022583008e-01
1.000000000000000000e+00
1.000000000000000000e+00
1.000000000000000000e+00
1.000000000000000000e+00
0.000000000000000000e+00
1.000000000000000000e+00
8.692411184310913086e-01
7.790310382843017578e-01
6.945648193359375000e-01
6.314598321914672852e-01
5.759267807006835938e-01
7.278395295143127441e-01
6.812223196029663086e-01
6.562675833702087402e-01
6.383728981018066406e-01
7.761318087577819824e-01
7.488184571266174316e-01
7.340038418769836426e-01
7.228133082389831543e-01
8.268576860427856445e-01
8.063887357711791992e-01
7.910677194595336914e-01
7.769948244094848633e-01
8.797541260719299316e-01
8.913232088088989258e-01
8.988085389137268066e-01
9.041445255279541016e-01
6.698688268661499023e-01
6.595894098281860352e-01
6.094002723693847656e-01
5.683220028877258301e-01
5.519133806228637695e-01
4.192373454570770264e-01
3.178184926509857178e-01
2.528622746467590332e-01
1.961695402860641479e-01
3.836873471736907959e-01
2.588199973106384277e-01
1.819034516811370850e-01
1.189604997634887695e-01
3.760024607181549072e-01
2.603930830955505371e-01
1.908170431852340698e-01
1.303545534610748291e-01
3.904045820236206055e-01
2.999989986419677734e-01
2.400984615087509155e-01
1.838345825672149658e-01
1.000000000000000000e+00
1.000000000000000000e+00
1.000000000000000000e+00
1.000000000000000000e+00
1.000000000000000000e+00
