-1.000000000000000000e+00
2.865039706230163574e-01
3.301831185817718506e-01
3.537274599075317383e-01
3.190314173698425293e-01
2.808678448200225830e-01
4.054079055786132812e-01
4.490419030189514160e-01
4.717799127101898193e-01
4.896174073219299316e-01
3.589843213558197021e-01
3.754027783870697021e-01
3.808200955390930176e-01
3.863693475723266602e-01
3.145681619644165039e-01
3.006193339824676514e-01
2.894268631935119629e-01
2.827412486076354980e-01
2.757245302200317383e-01
2.741920948028564453e-01
2.781856656074523926e-01
2.826738357543945312e-01
8.835884332656860352e-01
8.644733428955078125e-01
8.070259690284729004e-01
7.453954219818115234e-01
6.859090924263000488e-01
6.571003794670104980e-01
5.655197501182556152e-01
5.073074698448181152e-01
4.512897729873657227e-01
6.288373470306396484e-01
5.084165930747985840e-01
4.329293966293334961e-01
3.680205941200256348e-01
6.381583213806152344e-01
5.305931568145751953e-01
4.545205235481262207e-01
3.887182474136352539e-01
6.777771711349487305e-01
6.634198427200317383e-01
7.167820930480957031e-01
7.679105401039123535e-01
1.000000000000000000e+00
1.000000000000000000e+00
1.000000000000000000e+00
1.000000000000000000e+00
0.000000000000000000e+00
1.000000000000000000e+00
8.651646375656127930e-01
7.780077457427978516e-01
6.943718791007995605e-01
6.316772699356079102e-01
5.796089172363281250e-01
7.251415848731994629e-01
6.812096238136291504e-01
6.590399742126464844e-01
6.420294642448425293e-01
7.719773650169372559e-01
7.449362874031066895e-01
7.309060692787170410e-01
7.188694477081298828e-01
8.215360045433044434e-01
8.017219305038452148e-01
7.866957187652587891e-01
7.717375159263610840e-01
8.737683296203613281e-01
8.850427269935607910e-01
8.918927311897277832e-01
8.958579897880554199e-01
6.801503896713256836e-01
6.709015369415283203e-01
6.229767799377441406e-01
5.856086015701293945e-01
5.727643966674804688e-01
4.420389533042907715e-01
3.446422219276428223e-01
2.822216451168060303e-01
2.260666340589523315e-01
4.074186682701110840e-01
2.876843512058258057e-01
2.131905406713485718e-01
1.493198871612548828e-01
3.999747931957244873e-01
2.904610037803649902e-01
2.240499258041381836e-01
1.651814877986907959e-01
4.138261079788208008e-01
3.283154368400573730e-01
2.708049416542053223e-01
2.160719633102416992e-01
1.000000000000000000e+00
1.000000000000000000e+00
1.000000000000000000e+00
1.000000000000000000e+00
1.000000000000000000e+00
