-1.000000000000000000e+00
2.862208485603332520e-01
3.316810727119445801e-01
3.569121062755584717e-01
3.224844932556152344e-01
2.838172912597656250e-01
4.030051529407501221e-01
4.459432363510131836e-01
4.690351784229278564e-01
4.868553578853607178e-01
3.570690155029296875e-01
3.745997548103332520e-01
3.807906806468963623e-01
3.857867717742919922e-01
3.134456574916839600e-01
3.010309636592864990e-01
2.899464070796966553e-01
2.811993658542633057e-01
2.755309343338012695e-01
2.774238586425781250e-01
2.829469144344329834e-01
2.868104279041290283e-01
8.853429555892944336e-01
8.666085004806518555e-01
8.094714879989624023e-01
7.470926046371459961e-01
6.879185438156127930e-01
6.616017818450927734e-01
5.717414021492004395e-01
5.156035423278808594e-01
4.609880447387695312e-01
6.341407299041748047e-01
5.178041458129882812e-01
4.442747235298156738e-01
3.810504376888275146e-01
6.436147093772888184e-01
5.399567484855651855e-01
4.666853547096252441e-01
4.045417308807373047e-01
6.821414828300476074e-01
6.674476265907287598e-01
7.187254428863525391e-01
7.683681249618530273e-01
1.000000000000000000e+00
1.000000000000000000e+00
1.000000000000000000e+00
1.000000000000000000e+00
0.000000000000000000e+00
1.000000000000000000e+00
8.582245111465454102e-01
7.739748358726501465e-01
6.933599710464477539e-01
6.313285827636718750e-01
5.798124074935913086e-01
7.188416123390197754e-01
6.756463646888732910e-01
6.535341143608093262e-01
6.358207464218139648e-01
7.645419836044311523e-01
7.383989691734313965e-01
7.243613600730895996e-01
7.113502621650695801e-01
8.128364682197570801e-01
7.931404113769531250e-01
7.781769633293151855e-01
7.628258466720581055e-01
8.639410734176635742e-01
8.735666275024414062e-01
8.799840807914733887e-01
8.836633563041687012e-01
6.857250928878784180e-01
6.780707240104675293e-01
6.358168721199035645e-01
6.000609993934631348e-01
5.849351286888122559e-01
4.560430645942687988e-01
3.625489175319671631e-01
3.031259775161743164e-01
2.481305897235870361e-01
4.221926331520080566e-01
3.071753978729248047e-01
2.362848520278930664e-01
1.736553609371185303e-01
4.154189229011535645e-01
3.095342516899108887e-01
2.455786168575286865e-01
1.875384449958801270e-01
4.293755292892456055e-01
3.459916710853576660e-01
2.897520661354064941e-01
2.354831844568252563e-01
1.000000000000000000e+00
1.000000000000000000e+00
1.000000000000000000e+00
1.000000000000000000e+00
1.000000000000000000e+00
