-1.000000000000000000e+00
3.181384205818176270e-01
3.757432997226715088e-01
4.189144074916839600e-01
4.138425290584564209e-01
3.742713034152984619e-01
3.943565189838409424e-01
4.209925830364227295e-01
4.392293691635131836e-01
4.517456293106079102e-01
3.540214002132415771e-01
3.482107818126678467e-01
3.505298495292663574e-01
3.499265909194946289e-01
3.226737678050994873e-01
3.217796385288238525e-01
3.195665180683135986e-01
3.121944069862365723e-01
2.995301783084869385e-01
3.495219051837921143e-01
3.811492025852203369e-01
3.989559113979339600e-01
8.924705982208251953e-01
8.656089305877685547e-01
8.004727363586425781e-01
7.539286613464355469e-01
7.318593263626098633e-01
6.453138589859008789e-01
5.485771894454956055e-01
4.912323355674743652e-01
4.385220408439636230e-01
6.425131559371948242e-01
5.265235900878906250e-01
4.506595730781555176e-01
3.845602869987487793e-01
6.711186766624450684e-01
5.823550224304199219e-01
5.124949216842651367e-01
4.539243578910827637e-01
7.216747999191284180e-01
7.173243165016174316e-01
7.472161650657653809e-01
7.750976085662841797e-01
1.000000000000000000e+00
1.000000000000000000e+00
1.000000000000000000e+00
1.000000000000000000e+00
0.000000000000000000e+00
1.000000000000000000e+00
8.416765332221984863e-01
7.745438814163208008e-01
7.273944616317749023e-01
7.042341232299804688e-01
6.764590144157409668e-01
7.541866302490234375e-01
7.301575541496276855e-01
7.143085598945617676e-01
7.014396786689758301e-01
7.874241471290588379e-01
7.735441923141479492e-01
7.668659687042236328e-01
7.610342502593994141e-01
8.220731616020202637e-01
8.182213306427001953e-01
8.160784244537353516e-01
8.122594356536865234e-01
8.602249026298522949e-01
8.965581655502319336e-01
9.205185174942016602e-01
9.394775629043579102e-01
7.030156254768371582e-01
6.711334586143493652e-01
5.903825163841247559e-01
5.277469754219055176e-01
4.915604293346405029e-01
4.384289383888244629e-01
3.419579863548278809e-01
2.793563008308410645e-01
2.270747423171997070e-01
4.268349707126617432e-01
3.078714013099670410e-01
2.307155132293701172e-01
1.666534543037414551e-01
4.404217004776000977e-01
3.237287998199462891e-01
2.472567707300186157e-01
1.788985431194305420e-01
4.753797054290771484e-01
3.944031596183776855e-01
3.329132795333862305e-01
2.756371200084686279e-01
1.000000000000000000e+00
1.000000000000000000e+00
1.000000000000000000e+00
1.000000000000000000e+00
1.000000000000000000e+00
