-1.000000000000000000e+00
3.182275891304016113e-01
3.749986290931701660e-01
4.218009710311889648e-01
4.285576641559600830e-01
3.907484710216522217e-01
3.945596814155578613e-01
4.184688329696655273e-01
4.339981079101562500e-01
4.429985582828521729e-01
3.551741540431976318e-01
3.546870052814483643e-01
3.592491745948791504e-01
3.588487505912780762e-01
3.238501548767089844e-01
3.223519921302795410e-01
3.236525356769561768e-01
3.204549551010131836e-01
3.012315928936004639e-01
3.535642027854919434e-01
3.862373828887939453e-01
4.068148434162139893e-01
8.905470371246337891e-01
8.681045174598693848e-01
8.036046028137207031e-01
7.485386729240417480e-01
7.344045042991638184e-01
6.431633234024047852e-01
5.506584644317626953e-01
4.913937449455261230e-01
4.402551054954528809e-01
6.413252353668212891e-01
5.221145749092102051e-01
4.485634565353393555e-01
3.908181190490722656e-01
6.717918515205383301e-01
5.850265026092529297e-01
5.110930800437927246e-01
4.515696763992309570e-01
7.244868278503417969e-01
7.137637734413146973e-01
7.422099709510803223e-01
7.728449702262878418e-01
1.000000000000000000e+00
1.000000000000000000e+00
1.000000000000000000e+00
1.000000000000000000e+00
0.000000000000000000e+00
1.000000000000000000e+00
8.335028290748596191e-01
7.710258364677429199e-01
7.336426377296447754e-01
7.176504135131835938e-01
6.954622268676757812e-01
7.583330273628234863e-01
7.416705489158630371e-01
7.258173823356628418e-01
7.118375897407531738e-01
7.865391373634338379e-01
7.762598395347595215e-01
7.666318416595458984e-01
7.586333751678466797e-01
8.156834244728088379e-01
8.172186613082885742e-01
8.165327310562133789e-01
8.145602941513061523e-01
8.462303280830383301e-01
8.770823478698730469e-01
8.970661163330078125e-01
9.137129783630371094e-01
7.035492658615112305e-01
6.601317524909973145e-01
5.833370685577392578e-01
5.268405079841613770e-01
4.846612513065338135e-01
4.396663606166839600e-01
3.378430008888244629e-01
2.767676413059234619e-01
2.231883406639099121e-01
4.332181513309478760e-01
3.120143413543701172e-01
2.325582802295684814e-01
1.640970110893249512e-01
4.488393366336822510e-01
3.335406184196472168e-01
2.563014924526214600e-01
1.878749728202819824e-01
4.840670526027679443e-01
4.067711830139160156e-01
3.485470712184906006e-01
2.943918704986572266e-01
1.000000000000000000e+00
1.000000000000000000e+00
1.000000000000000000e+00
1.000000000000000000e+00
1.000000000000000000e+00
