1.000000000000000000e+00
3.747404217720031738e-01
3.450336456298828125e-01
3.679762184619903564e-01
4.250567257404327393e-01
4.616138935089111328e-01
3.346054553985595703e-01
3.360369801521301270e-01
3.318135738372802734e-01
3.266421556472778320e-01
3.737066686153411865e-01
3.948667645454406738e-01
4.078334867954254150e-01
4.166743755340576172e-01
4.139310121536254883e-01
4.599510133266448975e-01
4.833990335464477539e-01
4.992223978042602539e-01
4.533158242702484131e-01
4.571033716201782227e-01
4.331637024879455566e-01
4.190461337566375732e-01
8.704404234886169434e-01
7.730204463005065918e-01
6.889708638191223145e-01
6.570636034011840820e-01
6.502915620803833008e-01
6.603519320487976074e-01
5.524021387100219727e-01
4.890128374099731445e-01
4.352303147315979004e-01
6.786242723464965820e-01
5.534896254539489746e-01
4.799474775791168213e-01
4.235982298851013184e-01
7.033537626266479492e-01
5.892225503921508789e-01
5.278601646423339844e-01
4.821844696998596191e-01
7.275294065475463867e-01
6.582000851631164551e-01
6.799941658973693848e-01
7.044537663459777832e-01
0.000000000000000000e+00
1.000000000000000000e+00
1.000000000000000000e+00
1.000000000000000000e+00
0.000000000000000000e+00
-1.000000000000000000e+00
8.414959907531738281e-01
8.908631801605224609e-01
9.280161857604980469e-01
9.629033207893371582e-01
9.978049397468566895e-01
8.700563311576843262e-01
8.706681132316589355e-01
8.642085194587707520e-01
8.574282526969909668e-01
8.282844424247741699e-01
8.100848793983459473e-01
7.935185432434082031e-01
7.808749079704284668e-01
7.880005240440368652e-01
7.710368633270263672e-01
7.604407668113708496e-01
7.535579800605773926e-01
7.501351833343505859e-01
7.139515280723571777e-01
6.878336668014526367e-01
6.663254499435424805e-01
6.684155464172363281e-01
6.087920665740966797e-01
5.434768795967102051e-01
4.857884049415588379e-01
4.510065913200378418e-01
4.488149881362915039e-01
3.381626009941101074e-01
2.673633694648742676e-01
2.108226418495178223e-01
4.525955319404602051e-01
3.327261209487915039e-01
2.561570405960083008e-01
1.969562470912933350e-01
4.741099178791046143e-01
3.627450168132781982e-01
2.893108725547790527e-01
2.333646267652511597e-01
5.067560076713562012e-01
4.362926483154296875e-01
3.904358148574829102e-01
3.510119318962097168e-01
0.000000000000000000e+00
1.000000000000000000e+00
1.000000000000000000e+00
1.000000000000000000e+00
1.000000000000000000e+00
