-1.000000000000000000e+00
3.484343886375427246e-01
4.135967493057250977e-01
4.410901069641113281e-01
4.591946303844451904e-01
4.639625549316406250e-01
3.798235654830932617e-01
4.048925638198852539e-01
4.199399054050445557e-01
4.278331995010375977e-01
3.579398691654205322e-01
3.792208135128021240e-01
3.922011554241180420e-01
4.011227190494537354e-01
3.452166318893432617e-01
3.799859285354614258e-01
3.998257219791412354e-01
4.120739102363586426e-01
3.449737131595611572e-01
4.054501652717590332e-01
4.413060247898101807e-01
4.669920504093170166e-01
8.832712173461914062e-01
8.371706008911132812e-01
7.826277017593383789e-01
7.433621883392333984e-01
7.127609252929687500e-01
6.510226726531982422e-01
5.753848552703857422e-01
5.171873569488525391e-01
4.681151509284973145e-01
6.568806171417236328e-01
5.616173744201660156e-01
4.907839596271514893e-01
4.301625490188598633e-01
6.868555545806884766e-01
6.188825964927673340e-01
5.534040927886962891e-01
4.967024624347686768e-01
7.366772890090942383e-01
7.286872267723083496e-01
7.353385686874389648e-01
7.453811764717102051e-01
0.000000000000000000e+00
1.000000000000000000e+00
1.000000000000000000e+00
1.000000000000000000e+00
0.000000000000000000e+00
1.000000000000000000e+00
8.331433534622192383e-01
7.852323651313781738e-01
7.685545086860656738e-01
7.625986933708190918e-01
7.539542913436889648e-01
7.934448719024658203e-01
7.724422812461853027e-01
7.557482719421386719e-01
7.430894374847412109e-01
8.039117455482482910e-01
7.790876030921936035e-01
7.602576017379760742e-01
7.457962036132812500e-01
8.116757273674011230e-01
7.899983525276184082e-01
7.730063796043395996e-01
7.578462362289428711e-01
8.163415193557739258e-01
8.046756386756896973e-01
7.923043370246887207e-01
7.796602249145507812e-01
6.346755623817443848e-01
5.844832062721252441e-01
5.239620804786682129e-01
4.843438863754272461e-01
4.488363862037658691e-01
4.292643964290618896e-01
3.351186215877532959e-01
2.724316716194152832e-01
2.220333963632583618e-01
4.319795370101928711e-01
3.316500782966613770e-01
2.639178633689880371e-01
2.078285664319992065e-01
4.476169049739837646e-01
3.532494902610778809e-01
2.903378605842590332e-01
2.376641035079956055e-01
4.744785428047180176e-01
4.116464853286743164e-01
3.678559660911560059e-01
3.297477662563323975e-01
1.000000000000000000e+00
1.000000000000000000e+00
1.000000000000000000e+00
1.000000000000000000e+00
1.000000000000000000e+00
