-1.000000000000000000e+00
2.905900776386260986e-01
3.295756578445434570e-01
3.497681617736816406e-01
3.139012157917022705e-01
2.782288491725921631e-01
3.904646635055541992e-01
4.312807619571685791e-01
4.527663886547088623e-01
4.693579673767089844e-01
3.491742610931396484e-01
3.672627508640289307e-01
3.751133680343627930e-01
3.816773891448974609e-01
3.101648092269897461e-01
2.943588495254516602e-01
2.836841046810150146e-01
2.763003706932067871e-01
2.764281332492828369e-01
2.741867899894714355e-01
2.807831168174743652e-01
2.860741615295410156e-01
8.356441259384155273e-01
8.193718194961547852e-01
7.717176079750061035e-01
7.146959900856018066e-01
6.599532365798950195e-01
6.356457471847534180e-01
5.549991726875305176e-01
5.032492876052856445e-01
4.540667831897735596e-01
6.098917722702026367e-01
5.062250494956970215e-01
4.405592978000640869e-01
3.845152258872985840e-01
6.194676756858825684e-01
5.262920856475830078e-01
4.594386816024780273e-01
4.031934142112731934e-01
6.549164056777954102e-01
6.392784714698791504e-01
6.796236038208007812e-01
7.197055816650390625e-01
1.000000000000000000e+00
1.000000000000000000e+00
1.000000000000000000e+00
1.000000000000000000e+00
0.000000000000000000e+00
1.000000000000000000e+00
9.211887717247009277e-01
8.402537703514099121e-01
7.630959749221801758e-01
7.018669247627258301e-01
6.510424613952636719e-01
7.845087051391601562e-01
7.415459156036376953e-01
7.195426225662231445e-01
7.013252973556518555e-01
8.275795578956604004e-01
8.017621040344238281e-01
7.862132191658020020e-01
7.713395357131958008e-01
8.731448054313659668e-01
8.537158966064453125e-01
8.373194932937622070e-01
8.199974894523620605e-01
9.214218258857727051e-01
9.265940785408020020e-01
9.286910295486450195e-01
9.277654886245727539e-01
6.285629272460937500e-01
6.273682117462158203e-01
5.919135808944702148e-01
5.604081153869628906e-01
5.428549051284790039e-01
4.135103225708007812e-01
3.232453465461730957e-01
2.652072906494140625e-01
2.127337157726287842e-01
3.801440298557281494e-01
2.696210145950317383e-01
2.019544541835784912e-01
1.433776319026947021e-01
3.733004033565521240e-01
2.717468738555908203e-01
2.126087546348571777e-01
1.596619486808776855e-01
3.854035139083862305e-01
3.040252923965454102e-01
2.524878680706024170e-01
2.027678191661834717e-01
1.000000000000000000e+00
1.000000000000000000e+00
1.000000000000000000e+00
1.000000000000000000e+00
1.000000000000000000e+00
