-1.000000000000000000e+00
2.836858332157135010e-01
3.244423866271972656e-01
3.468020856380462646e-01
3.142710328102111816e-01
2.780506610870361328e-01
3.856930434703826904e-01
4.259842038154602051e-01
4.471312761306762695e-01
4.634442329406738281e-01
3.439362943172454834e-01
3.616265952587127686e-01
3.688192367553710938e-01
3.736173510551452637e-01
3.048335015773773193e-01
2.901800870895385742e-01
2.801839709281921387e-01
2.711804509162902832e-01
2.712596654891967773e-01
2.725039720535278320e-01
2.789999842643737793e-01
2.818026840686798096e-01
8.371283411979675293e-01
8.179419636726379395e-01
7.687992453575134277e-01
7.109569311141967773e-01
6.571264863014221191e-01
6.370900273323059082e-01
5.543301105499267578e-01
5.029495954513549805e-01
4.536535441875457764e-01
6.122260093688964844e-01
5.074692964553833008e-01
4.415912926197052002e-01
3.857847154140472412e-01
6.219834089279174805e-01
5.285053253173828125e-01
4.627677798271179199e-01
4.080110490322113037e-01
6.568181514739990234e-01
6.408683657646179199e-01
6.840919256210327148e-01
7.277206182479858398e-01
1.000000000000000000e+00
1.000000000000000000e+00
1.000000000000000000e+00
1.000000000000000000e+00
0.000000000000000000e+00
1.000000000000000000e+00
8.999066948890686035e-01
8.205655813217163086e-01
7.437186241149902344e-01
6.844790577888488770e-01
6.350642442703247070e-01
7.676092386245727539e-01
7.263488173484802246e-01
7.045120000839233398e-01
6.872321367263793945e-01
8.098438382148742676e-01
7.856032848358154297e-01
7.711716890335083008e-01
7.580140233039855957e-01
8.544838428497314453e-01
8.357217907905578613e-01
8.194264769554138184e-01
8.036872148513793945e-01
9.024909734725952148e-01
9.119809865951538086e-01
9.170747995376586914e-01
9.200943112373352051e-01
6.322897076606750488e-01
6.251569986343383789e-01
5.869959592819213867e-01
5.544475317001342773e-01
5.416522622108459473e-01
4.133103191852569580e-01
3.245219886302947998e-01
2.686424851417541504e-01
2.197925150394439697e-01
3.825551569461822510e-01
2.735307812690734863e-01
2.090916037559509277e-01
1.547842323780059814e-01
3.757336735725402832e-01
2.746678590774536133e-01
2.164136022329330444e-01
1.655477285385131836e-01
3.870046734809875488e-01
3.067542612552642822e-01
2.550970315933227539e-01
2.067582905292510986e-01
1.000000000000000000e+00
1.000000000000000000e+00
1.000000000000000000e+00
1.000000000000000000e+00
1.000000000000000000e+00
