-1.000000000000000000e+00
2.385696321725845337e-01
2.827860116958618164e-01
3.046434223651885986e-01
2.724311053752899170e-01
2.340131551027297974e-01
3.419378995895385742e-01
3.795820772647857666e-01
3.992094993591308594e-01
4.135642647743225098e-01
2.982980608940124512e-01
3.128575682640075684e-01
3.176078796386718750e-01
3.211696147918701172e-01
2.578909695148468018e-01
2.424210160970687866e-01
2.300366014242172241e-01
2.204222977161407471e-01
2.234964072704315186e-01
2.255536019802093506e-01
2.336926311254501343e-01
2.395442128181457520e-01
8.388763666152954102e-01
8.143447041511535645e-01
7.599531412124633789e-01
7.041010260581970215e-01
6.532964110374450684e-01
6.285761594772338867e-01
5.412729978561401367e-01
4.888866841793060303e-01
4.390459358692169189e-01
6.059218049049377441e-01
4.994181394577026367e-01
4.334830939769744873e-01
3.765234649181365967e-01
6.167361736297607422e-01
5.226026177406311035e-01
4.558503627777099609e-01
3.988091945648193359e-01
6.528032422065734863e-01
6.330097913742065430e-01
6.779294013977050781e-01
7.234318256378173828e-01
1.000000000000000000e+00
1.000000000000000000e+00
1.000000000000000000e+00
1.000000000000000000e+00
0.000000000000000000e+00
1.000000000000000000e+00
8.290935754776000977e-01
7.486736774444580078e-01
6.721777915954589844e-01
6.161484718322753906e-01
5.695524215698242188e-01
6.962624788284301758e-01
6.559892892837524414e-01
6.353627443313598633e-01
6.185690164566040039e-01
7.377165555953979492e-01
7.125704288482666016e-01
6.993228197097778320e-01
6.868663430213928223e-01
7.823250293731689453e-01
7.626990675926208496e-01
7.486937046051025391e-01
7.339096069335937500e-01
8.307471871376037598e-01
8.377138972282409668e-01
8.431243896484375000e-01
8.458072543144226074e-01
6.261442899703979492e-01
6.212367415428161621e-01
5.848932862281799316e-01
5.541336536407470703e-01
5.419616699218750000e-01
4.191064238548278809e-01
3.318288326263427734e-01
2.760847806930541992e-01
2.259906530380249023e-01
3.873609006404876709e-01
2.803205847740173340e-01
2.157369852066040039e-01
1.594657897949218750e-01
3.797765076160430908e-01
2.796549201011657715e-01
2.210697382688522339e-01
1.693387329578399658e-01
3.906259238719940186e-01
3.091374933719635010e-01
2.566260099411010742e-01
2.079488784074783325e-01
1.000000000000000000e+00
1.000000000000000000e+00
1.000000000000000000e+00
1.000000000000000000e+00
1.000000000000000000e+00
