-1.000000000000000000e+00
2.302294075489044189e-01
2.745771408081054688e-01
2.974643707275390625e-01
2.629164159297943115e-01
2.240699231624603271e-01
3.347385227680206299e-01
3.728672862052917480e-01
3.929966688156127930e-01
4.080958962440490723e-01
2.907823324203491211e-01
3.053938448429107666e-01
3.102350533008575439e-01
3.139655590057373047e-01
2.499271780252456665e-01
2.339569330215454102e-01
2.217394560575485229e-01
2.122983783483505249e-01
2.143842428922653198e-01
2.166164070367813110e-01
2.249138653278350830e-01
2.306673526763916016e-01
8.397909998893737793e-01
8.174896240234375000e-01
7.627726197242736816e-01
7.038158178329467773e-01
6.510799527168273926e-01
6.297968029975891113e-01
5.433206558227539062e-01
4.907289445400238037e-01
4.403377771377563477e-01
6.061664819717407227e-01
4.999396204948425293e-01
4.336060881614685059e-01
3.760163187980651855e-01
6.168096065521240234e-01
5.236624479293823242e-01
4.560441672801971436e-01
3.970731496810913086e-01
6.530244350433349609e-01
6.368383765220642090e-01
6.837859153747558594e-01
7.290670275688171387e-01
1.000000000000000000e+00
1.000000000000000000e+00
1.000000000000000000e+00
1.000000000000000000e+00
0.000000000000000000e+00
1.000000000000000000e+00
8.144908547401428223e-01
7.338207960128784180e-01
6.579125523567199707e-01
6.011039018630981445e-01
5.529747605323791504e-01
6.797133684158325195e-01
6.390489935874938965e-01
6.180347204208374023e-01
6.008963584899902344e-01
7.221795320510864258e-01
6.960417032241821289e-01
6.816369295120239258e-01
6.681017279624938965e-01
7.674128413200378418e-01
7.471784949302673340e-01
7.314296960830688477e-01
7.157193422317504883e-01
8.157197833061218262e-01
8.222885727882385254e-01
8.269464969635009766e-01
8.288823366165161133e-01
6.249269247055053711e-01
6.235129833221435547e-01
5.891605019569396973e-01
5.578029155731201172e-01
5.446389913558959961e-01
4.180186688899993896e-01
3.316191732883453369e-01
2.759491801261901855e-01
2.248052060604095459e-01
3.843516707420349121e-01
2.775093615055084229e-01
2.108543813228607178e-01
1.520088613033294678e-01
3.761834502220153809e-01
2.776671648025512695e-01
2.176713198423385620e-01
1.638591885566711426e-01
3.866527974605560303e-01
3.060728907585144043e-01
2.533575296401977539e-01
2.028735429048538208e-01
1.000000000000000000e+00
1.000000000000000000e+00
1.000000000000000000e+00
1.000000000000000000e+00
1.000000000000000000e+00
