-1.000000000000000000e+00
2.754420042037963867e-01
3.166421651840209961e-01
3.380874097347259521e-01
3.100595772266387939e-01
2.745754420757293701e-01
3.654289245605468750e-01
3.991168737411499023e-01
4.156133234500885010e-01
4.284065365791320801e-01
3.230435550212860107e-01
3.341240882873535156e-01
3.374589979648590088e-01
3.405904173851013184e-01
2.858648598194122314e-01
2.679063379764556885e-01
2.545815110206604004e-01
2.461524307727813721e-01
2.562396228313446045e-01
2.513636946678161621e-01
2.583616971969604492e-01
2.661418318748474121e-01
8.552036881446838379e-01
8.297916650772094727e-01
7.788439393043518066e-01
7.281352877616882324e-01
6.843861341476440430e-01
6.482539176940917969e-01
5.651337504386901855e-01
5.142704844474792480e-01
4.679793119430541992e-01
6.298397183418273926e-01
5.239328742027282715e-01
4.576898217201232910e-01
4.024207293987274170e-01
6.450661420822143555e-01
5.570424199104309082e-01
4.957652390003204346e-01
4.452579617500305176e-01
6.847683787345886230e-01
6.690955758094787598e-01
7.059362530708312988e-01
7.457947134971618652e-01
1.000000000000000000e+00
1.000000000000000000e+00
1.000000000000000000e+00
1.000000000000000000e+00
0.000000000000000000e+00
1.000000000000000000e+00
7.749292850494384766e-01
7.016297578811645508e-01
6.338486671447753906e-01
5.825303792953491211e-01
5.374338030815124512e-01
6.640177965164184570e-01
6.302255392074584961e-01
6.128540039062500000e-01
5.997766256332397461e-01
7.040438652038574219e-01
6.840756535530090332e-01
6.753067374229431152e-01
6.687898039817810059e-01
7.452203631401062012e-01
7.297309041023254395e-01
7.206138372421264648e-01
7.117361426353454590e-01
7.886551022529602051e-01
7.998668551445007324e-01
8.081842660903930664e-01
8.140333890914916992e-01
6.817885041236877441e-01
6.715321540832519531e-01
6.247090101242065430e-01
5.850103497505187988e-01
5.679532289505004883e-01
4.718706607818603516e-01
3.880511820316314697e-01
3.339504003524780273e-01
2.850483357906341553e-01
4.481360316276550293e-01
3.469694852828979492e-01
2.849586606025695801e-01
2.318730354309082031e-01
4.477908015251159668e-01
3.515545427799224854e-01
2.942451834678649902e-01
2.427513003349304199e-01
4.652834236621856689e-01
3.923087716102600098e-01
3.442532420158386230e-01
2.984366416931152344e-01
1.000000000000000000e+00
1.000000000000000000e+00
1.000000000000000000e+00
1.000000000000000000e+00
1.000000000000000000e+00
