-1.000000000000000000e+00
3.650282323360443115e-01
4.058820307254791260e-01
4.291335344314575195e-01
4.061933457851409912e-01
3.775805234909057617e-01
4.505846500396728516e-01
4.735333323478698730e-01
4.864165186882019043e-01
4.962787628173828125e-01
4.145893454551696777e-01
4.209318757057189941e-01
4.240814447402954102e-01
4.265200495719909668e-01
3.826760351657867432e-01
3.707802295684814453e-01
3.606227636337280273e-01
3.516083359718322754e-01
3.557286560535430908e-01
3.677256107330322266e-01
3.775151968002319336e-01
3.831329643726348877e-01
8.633601665496826172e-01
8.463049530982971191e-01
7.977807521820068359e-01
7.496942877769470215e-01
7.104505300521850586e-01
6.944808959960937500e-01
6.258367896080017090e-01
5.833659172058105469e-01
5.428333282470703125e-01
6.785781979560852051e-01
5.944789648056030273e-01
5.409477353096008301e-01
4.963576793670654297e-01
6.907132267951965332e-01
6.141261458396911621e-01
5.617092847824096680e-01
5.198796987533569336e-01
7.211992740631103516e-01
7.020788192749023438e-01
7.365213632583618164e-01
7.714449167251586914e-01
1.000000000000000000e+00
1.000000000000000000e+00
1.000000000000000000e+00
1.000000000000000000e+00
0.000000000000000000e+00
1.000000000000000000e+00
7.463923096656799316e-01
6.902642846107482910e-01
6.370607614517211914e-01
5.989153981208801270e-01
5.647192001342773438e-01
6.644471883773803711e-01
6.412847638130187988e-01
6.290360689163208008e-01
6.188902854919433594e-01
6.982564330101013184e-01
6.887460947036743164e-01
6.847658753395080566e-01
6.805871129035949707e-01
7.318456172943115234e-01
7.255485653877258301e-01
7.212694287300109863e-01
7.155819535255432129e-01
7.660650610923767090e-01
7.796276807785034180e-01
7.882624268531799316e-01
7.941785454750061035e-01
7.599480748176574707e-01
7.479782104492187500e-01
7.080030441284179688e-01
6.780518889427185059e-01
6.669334769248962402e-01
5.872601270675659180e-01
5.156986713409423828e-01
4.709197282791137695e-01
4.313423633575439453e-01
5.707759857177734375e-01
4.868675172328948975e-01
4.351626038551330566e-01
3.918192684650421143e-01
5.725752711296081543e-01
4.943823814392089844e-01
4.477578997611999512e-01
4.049769043922424316e-01
5.883458852767944336e-01
5.322670936584472656e-01
4.940074980258941650e-01
4.566818475723266602e-01
1.000000000000000000e+00
1.000000000000000000e+00
1.000000000000000000e+00
1.000000000000000000e+00
1.000000000000000000e+00
