-1.000000000000000000e+00
2.428412586450576782e-01
2.993809878826141357e-01
3.291661143302917480e-01
2.929906249046325684e-01
2.524650394916534424e-01
3.533703982830047607e-01
4.085573852062225342e-01
4.338140487670898438e-01
4.533912837505340576e-01
3.016370832920074463e-01
3.101818859577178955e-01
3.061088919639587402e-01
3.038346767425537109e-01
2.547265887260437012e-01
2.388626635074615479e-01
2.239188402891159058e-01
2.145112901926040649e-01
2.171059250831604004e-01
2.178033888339996338e-01
2.280719876289367676e-01
2.389293760061264038e-01
9.571380615234375000e-01
9.503223299980163574e-01
9.153974056243896484e-01
8.662208318710327148e-01
8.112142682075500488e-01
7.710992693901062012e-01
6.685869097709655762e-01
6.081259846687316895e-01
5.519509315490722656e-01
7.455666661262512207e-01
6.112928986549377441e-01
5.251348018646240234e-01
4.534550607204437256e-01
7.600406408309936523e-01
6.470262408256530762e-01
5.752308964729309082e-01
5.168238878250122070e-01
8.036226034164428711e-01
7.873631715774536133e-01
8.228617310523986816e-01
8.619600534439086914e-01
1.000000000000000000e+00
1.000000000000000000e+00
1.000000000000000000e+00
1.000000000000000000e+00
0.000000000000000000e+00
0.000000000000000000e+00
0.000000000000000000e+00
0.000000000000000000e+00
0.000000000000000000e+00
0.000000000000000000e+00
0.000000000000000000e+00
0.000000000000000000e+00
0.000000000000000000e+00
0.000000000000000000e+00
0.000000000000000000e+00
0.000000000000000000e+00
0.000000000000000000e+00
0.000000000000000000e+00
0.000000000000000000e+00
0.000000000000000000e+00
0.000000000000000000e+00
0.000000000000000000e+00
0.000000000000000000e+00
0.000000000000000000e+00
0.000000000000000000e+00
0.000000000000000000e+00
0.000000000000000000e+00
0.000000000000000000e+00
0.000000000000000000e+00
0.000000000000000000e+00
0.000000000000000000e+00
0.000000000000000000e+00
0.000000000000000000e+00
0.000000000000000000e+00
0.000000000000000000e+00
0.000000000000000000e+00
0.000000000000000000e+00
0.000000000000000000e+00
0.000000000000000000e+00
0.000000000000000000e+00
0.000000000000000000e+00
0.000000000000000000e+00
0.000000000000000000e+00
0.000000000000000000e+00
0.000000000000000000e+00
0.000000000000000000e+00
0.000000000000000000e+00
0.000000000000000000e+00
0.000000000000000000e+00
0.000000000000000000e+00
0.000000000000000000e+00
0.000000000000000000e+00
0.000000000000000000e+00
