-1.000000000000000000e+00
3.696174323558807373e-01
4.095177650451660156e-01
4.311196804046630859e-01
4.096320867538452148e-01
3.824496865272521973e-01
4.488912820816040039e-01
4.711925089359283447e-01
4.836345314979553223e-01
4.913338720798492432e-01
4.143410921096801758e-01
4.206063747406005859e-01
4.225124120712280273e-01
4.224286079406738281e-01
3.837150931358337402e-01
3.711953759193420410e-01
3.605516254901885986e-01
3.502084910869598389e-01
3.571008741855621338e-01
3.691407442092895508e-01
3.816615343093872070e-01
3.895339667797088623e-01
8.624421954154968262e-01
8.435498476028442383e-01
7.947956919670104980e-01
7.492011189460754395e-01
7.119628190994262695e-01
6.926856637001037598e-01
6.248948574066162109e-01
5.819370746612548828e-01
5.421407222747802734e-01
6.786067485809326172e-01
5.963531136512756348e-01
5.435291528701782227e-01
5.006110668182373047e-01
6.915478706359863281e-01
6.179330945014953613e-01
5.661429762840270996e-01
5.258582234382629395e-01
7.220503091812133789e-01
7.011883258819580078e-01
7.295840382575988770e-01
7.606875896453857422e-01
1.000000000000000000e+00
1.000000000000000000e+00
1.000000000000000000e+00
1.000000000000000000e+00
0.000000000000000000e+00
1.000000000000000000e+00
7.479739189147949219e-01
6.933189034461975098e-01
6.408268809318542480e-01
6.034579873085021973e-01
5.703542232513427734e-01
6.665018200874328613e-01
6.440378427505493164e-01
6.328338980674743652e-01
6.235670447349548340e-01
7.000232338905334473e-01
6.907375454902648926e-01
6.867416501045227051e-01
6.823109984397888184e-01
7.333160042762756348e-01
7.274734973907470703e-01
7.230886816978454590e-01
7.171707153320312500e-01
7.668291926383972168e-01
7.802020311355590820e-01
7.885706424713134766e-01
7.942193150520324707e-01
7.598326206207275391e-01
7.482333183288574219e-01
7.084900140762329102e-01
6.781226396560668945e-01
6.674465537071228027e-01
5.896968245506286621e-01
5.191930532455444336e-01
4.748836755752563477e-01
4.356945157051086426e-01
5.733009576797485352e-01
4.918465614318847656e-01
4.408705830574035645e-01
3.983005285263061523e-01
5.748021006584167480e-01
4.989259541034698486e-01
4.539225101470947266e-01
4.128977656364440918e-01
5.901145935058593750e-01
5.344930887222290039e-01
4.968701303005218506e-01
4.603955149650573730e-01
1.000000000000000000e+00
1.000000000000000000e+00
1.000000000000000000e+00
1.000000000000000000e+00
1.000000000000000000e+00
