-1.000000000000000000e+00
3.769283592700958252e-01
4.158289134502410889e-01
4.367234706878662109e-01
4.142956733703613281e-01
3.875053226947784424e-01
4.543099105358123779e-01
4.769154489040374756e-01
4.897142052650451660e-01
4.980459511280059814e-01
4.199400544166564941e-01
4.267694354057312012e-01
4.291965365409851074e-01
4.298363924026489258e-01
3.895685076713562012e-01
3.775939345359802246e-01
3.674841523170471191e-01
3.575320541858673096e-01
3.635110259056091309e-01
3.744527697563171387e-01
3.860497176647186279e-01
3.929622173309326172e-01
8.618968129158020020e-01
8.438401818275451660e-01
7.948392033576965332e-01
7.492114305496215820e-01
7.111023664474487305e-01
6.949899792671203613e-01
6.295421123504638672e-01
5.868515968322753906e-01
5.465249419212341309e-01
6.800246834754943848e-01
5.990117192268371582e-01
5.480215549468994141e-01
5.056803226470947266e-01
6.927627921104431152e-01
6.201289892196655273e-01
5.697476267814636230e-01
5.294103622436523438e-01
7.234203219413757324e-01
7.017984390258789062e-01
7.312436103820800781e-01
7.627891302108764648e-01
1.000000000000000000e+00
1.000000000000000000e+00
1.000000000000000000e+00
1.000000000000000000e+00
0.000000000000000000e+00
1.000000000000000000e+00
7.512741088867187500e-01
6.970269083976745605e-01
6.454678177833557129e-01
6.078001260757446289e-01
5.748999118804931641e-01
6.717098951339721680e-01
6.507205963134765625e-01
6.401873230934143066e-01
6.314173340797424316e-01
7.050405740737915039e-01
6.982105374336242676e-01
6.946092247962951660e-01
6.897539496421813965e-01
7.383884191513061523e-01
7.337563633918762207e-01
7.291235327720642090e-01
7.227104306221008301e-01
7.720174789428710938e-01
7.871359586715698242e-01
7.961728572845458984e-01
8.023301959037780762e-01
7.595589160919189453e-01
7.456140518188476562e-01
7.040215134620666504e-01
6.716639995574951172e-01
6.591833233833312988e-01
5.871676802635192871e-01
5.163980722427368164e-01
4.717560410499572754e-01
4.325603842735290527e-01
5.720877647399902344e-01
4.900507926940917969e-01
4.392463564872741699e-01
3.962357044219970703e-01
5.748664140701293945e-01
4.975045919418334961e-01
4.509141743183135986e-01
4.084727168083190918e-01
5.921792984008789062e-01
5.353845357894897461e-01
4.971181154251098633e-01
4.601355195045471191e-01
1.000000000000000000e+00
1.000000000000000000e+00
1.000000000000000000e+00
1.000000000000000000e+00
1.000000000000000000e+00
