-1.000000000000000000e+00
3.570443987846374512e-01
3.974092006683349609e-01
4.184852838516235352e-01
3.980292975902557373e-01
3.678817749023437500e-01
4.427044391632080078e-01
4.706636071205139160e-01
4.862787425518035889e-01
4.958819746971130371e-01
4.062093496322631836e-01
4.140518009662628174e-01
4.161567091941833496e-01
4.159943461418151855e-01
3.728015422821044922e-01
3.567900955677032471e-01
3.449747562408447266e-01
3.340722620487213135e-01
3.434319198131561279e-01
3.494018316268920898e-01
3.600399792194366455e-01
3.668865263462066650e-01
8.576256036758422852e-01
8.368262052536010742e-01
7.930449247360229492e-01
7.499132156372070312e-01
7.142833471298217773e-01
6.803019642829895020e-01
6.076240539550781250e-01
5.632690191268920898e-01
5.216478109359741211e-01
6.617524027824401855e-01
5.733267068862915039e-01
5.182392001152038574e-01
4.735364317893981934e-01
6.740254759788513184e-01
5.965255498886108398e-01
5.407099127769470215e-01
4.970877170562744141e-01
7.074744701385498047e-01
6.914649605751037598e-01
7.227181792259216309e-01
7.585448026657104492e-01
1.000000000000000000e+00
1.000000000000000000e+00
1.000000000000000000e+00
1.000000000000000000e+00
0.000000000000000000e+00
1.000000000000000000e+00
8.008498549461364746e-01
7.389875650405883789e-01
6.792442202568054199e-01
6.345964670181274414e-01
5.958058834075927734e-01
7.071751952171325684e-01
6.788130998611450195e-01
6.657153964042663574e-01
6.553485393524169922e-01
7.430526614189147949e-01
7.316347956657409668e-01
7.257310748100280762e-01
7.196893692016601562e-01
7.799937129020690918e-01
7.721214890480041504e-01
7.659003734588623047e-01
7.585104107856750488e-01
8.173609375953674316e-01
8.340482711791992188e-01
8.444602489471435547e-01
8.515353202819824219e-01
7.051530480384826660e-01
6.939860582351684570e-01
6.470453739166259766e-01
6.110222935676574707e-01
6.046698689460754395e-01
5.214348435401916504e-01
4.432463645935058594e-01
3.928472995758056641e-01
3.495849668979644775e-01
5.009334087371826172e-01
4.090300202369689941e-01
3.523596823215484619e-01
3.053759932518005371e-01
5.018211603164672852e-01
4.144274890422821045e-01
3.623278141021728516e-01
3.168922662734985352e-01
5.199528336524963379e-01
4.540963172912597656e-01
4.109575152397155762e-01
3.710955381393432617e-01
1.000000000000000000e+00
1.000000000000000000e+00
1.000000000000000000e+00
1.000000000000000000e+00
1.000000000000000000e+00
