-1.000000000000000000e+00
3.860135078430175781e-01
4.398135244846343994e-01
4.897613227367401123e-01
5.307235717773437500e-01
5.670558214187622070e-01
4.585407078266143799e-01
4.858927726745605469e-01
4.986267089843750000e-01
5.076236128807067871e-01
4.205660820007324219e-01
4.260223805904388428e-01
4.272889792919158936e-01
4.259476661682128906e-01
3.857509791851043701e-01
3.773573637008666992e-01
3.705593645572662354e-01
3.649829924106597900e-01
3.542475700378417969e-01
3.252058327198028564e-01
3.050192296504974365e-01
2.884933054447174072e-01
6.724658012390136719e-01
6.573244333267211914e-01
6.265109181404113770e-01
5.982702970504760742e-01
5.898466110229492188e-01
5.034072995185852051e-01
4.387668669223785400e-01
3.967268466949462891e-01
3.595143556594848633e-01
4.848329424858093262e-01
4.016617238521575928e-01
3.514907360076904297e-01
3.102149367332458496e-01
4.900799393653869629e-01
4.170162081718444824e-01
3.700879812240600586e-01
3.299186825752258301e-01
5.136402249336242676e-01
4.688118398189544678e-01
4.390496909618377686e-01
4.109575450420379639e-01
0.000000000000000000e+00
1.000000000000000000e+00
1.000000000000000000e+00
1.000000000000000000e+00
1.000000000000000000e+00
1.000000000000000000e+00
8.058086037635803223e-01
7.698168158531188965e-01
7.457931041717529297e-01
7.669607400894165039e-01
7.941811680793762207e-01
7.214636206626892090e-01
6.880516409873962402e-01
6.705533862113952637e-01
6.568141579627990723e-01
7.521454095840454102e-01
7.347072958946228027e-01
7.266316413879394531e-01
7.200394868850708008e-01
7.851774692535400391e-01
7.791818976402282715e-01
7.755423784255981445e-01
7.721975445747375488e-01
8.189170956611633301e-01
8.421438336372375488e-01
8.594700694084167480e-01
8.741174936294555664e-01
7.013172507286071777e-01
6.875491738319396973e-01
6.484472751617431641e-01
6.038675308227539062e-01
5.766466259956359863e-01
5.629183053970336914e-01
5.056159496307373047e-01
4.659588038921356201e-01
4.317572116851806641e-01
5.378446578979492188e-01
4.614496529102325439e-01
4.144086539745330811e-01
3.770385384559631348e-01
5.368465781211853027e-01
4.651178717613220215e-01
4.191570878028869629e-01
3.810687661170959473e-01
5.521309971809387207e-01
5.058912038803100586e-01
4.782481193542480469e-01
4.569229185581207275e-01
0.000000000000000000e+00
1.000000000000000000e+00
1.000000000000000000e+00
1.000000000000000000e+00
1.000000000000000000e+00
