-1.000000000000000000e+00
3.734243810176849365e-01
4.302144348621368408e-01
4.811635911464691162e-01
5.219698548316955566e-01
5.596811771392822266e-01
4.441502094268798828e-01
4.739070236682891846e-01
4.875757992267608643e-01
4.971016347408294678e-01
4.033918380737304688e-01
4.081975221633911133e-01
4.093976914882659912e-01
4.086585938930511475e-01
3.670201301574707031e-01
3.613735437393188477e-01
3.566910624504089355e-01
3.537068665027618408e-01
3.348432481288909912e-01
3.080328106880187988e-01
2.910436391830444336e-01
2.781640291213989258e-01
6.046569347381591797e-01
5.850247144699096680e-01
5.484510660171508789e-01
5.189262032508850098e-01
5.090668201446533203e-01
4.213817119598388672e-01
3.531329929828643799e-01
3.080175518989562988e-01
2.682350873947143555e-01
4.049663543701171875e-01
3.160166442394256592e-01
2.620500326156616211e-01
2.170168757438659668e-01
4.119664132595062256e-01
3.323026001453399658e-01
2.814425826072692871e-01
2.362381815910339355e-01
4.370301663875579834e-01
3.832062482833862305e-01
3.466406166553497314e-01
3.102605938911437988e-01
0.000000000000000000e+00
1.000000000000000000e+00
1.000000000000000000e+00
1.000000000000000000e+00
1.000000000000000000e+00
1.000000000000000000e+00
7.822275161743164062e-01
7.433315515518188477e-01
7.174786925315856934e-01
7.396370172500610352e-01
7.693977355957031250e-01
6.976497769355773926e-01
6.639266014099121094e-01
6.465336680412292480e-01
6.339937448501586914e-01
7.319865226745605469e-01
7.169749140739440918e-01
7.100923061370849609e-01
7.050826549530029297e-01
7.673401236534118652e-01
7.654671072959899902e-01
7.645845413208007812e-01
7.638290524482727051e-01
8.031641244888305664e-01
8.296112418174743652e-01
8.491719365119934082e-01
8.659686446189880371e-01
6.089934110641479492e-01
5.916773080825805664e-01
5.500203967094421387e-01
5.017353892326354980e-01
4.696112275123596191e-01
4.547843933105468750e-01
3.921223580837249756e-01
3.491402268409729004e-01
3.113216161727905273e-01
4.293074607849121094e-01
3.472982943058013916e-01
2.969475388526916504e-01
2.569318413734436035e-01
4.293513000011444092e-01
3.536568880081176758e-01
3.051427602767944336e-01
2.660509049892425537e-01
4.481143653392791748e-01
3.990198075771331787e-01
3.692635893821716309e-01
3.468927741050720215e-01
0.000000000000000000e+00
1.000000000000000000e+00
1.000000000000000000e+00
1.000000000000000000e+00
1.000000000000000000e+00
