-1.000000000000000000e+00
3.752276897430419922e-01
4.280094206333160400e-01
4.764224588871002197e-01
5.163453221321105957e-01
5.520709156990051270e-01
4.437525272369384766e-01
4.689193367958068848e-01
4.808774888515472412e-01
4.884077310562133789e-01
4.059140086174011230e-01
4.094369709491729736e-01
4.088198244571685791e-01
4.050394594669342041e-01
3.716573715209960938e-01
3.607144355773925781e-01
3.516975045204162598e-01
3.433649539947509766e-01
3.410359919071197510e-01
3.119073510169982910e-01
2.913460135459899902e-01
2.735850811004638672e-01
6.907361149787902832e-01
6.763919591903686523e-01
6.436662077903747559e-01
6.148530244827270508e-01
6.029580831527709961e-01
5.195811986923217773e-01
4.555051326751708984e-01
4.135752916336059570e-01
3.772127628326416016e-01
5.023491978645324707e-01
4.195901453495025635e-01
3.708373308181762695e-01
3.308622539043426514e-01
5.089293718338012695e-01
4.368655085563659668e-01
3.919250667095184326e-01
3.537252843379974365e-01
5.336403250694274902e-01
4.881210029125213623e-01
4.596366584300994873e-01
4.323811829090118408e-01
0.000000000000000000e+00
1.000000000000000000e+00
1.000000000000000000e+00
1.000000000000000000e+00
1.000000000000000000e+00
1.000000000000000000e+00
7.969527244567871094e-01
7.609894275665283203e-01
7.359104752540588379e-01
7.558798193931579590e-01
7.839165329933166504e-01
7.136618494987487793e-01
6.791741251945495605e-01
6.615210771560668945e-01
6.485638022422790527e-01
7.437035441398620605e-01
7.256405353546142578e-01
7.173730134963989258e-01
7.111302018165588379e-01
7.761936187744140625e-01
7.700844407081604004e-01
7.671695947647094727e-01
7.648482322692871094e-01
8.097477555274963379e-01
8.327547907829284668e-01
8.495595455169677734e-01
8.641129136085510254e-01
7.139489650726318359e-01
7.006169557571411133e-01
6.621577143669128418e-01
6.160473227500915527e-01
5.866858959197998047e-01
5.773932337760925293e-01
5.200688838958740234e-01
4.796682000160217285e-01
4.446747303009033203e-01
5.514739155769348145e-01
4.748899936676025391e-01
4.267542958259582520e-01
3.883922696113586426e-01
5.500575900077819824e-01
4.775539338588714600e-01
4.317801594734191895e-01
3.939973711967468262e-01
5.657565593719482422e-01
5.195034742355346680e-01
4.895023703575134277e-01
4.656278491020202637e-01
0.000000000000000000e+00
1.000000000000000000e+00
1.000000000000000000e+00
1.000000000000000000e+00
1.000000000000000000e+00
