-1.000000000000000000e+00
3.455816209316253662e-01
3.968200385570526123e-01
4.406878352165222168e-01
4.767364263534545898e-01
5.075113177299499512e-01
4.106479883193969727e-01
4.330830574035644531e-01
4.436876177787780762e-01
4.508677721023559570e-01
3.793874680995941162e-01
3.829996585845947266e-01
3.837408125400543213e-01
3.825858831405639648e-01
3.502588570117950439e-01
3.510946333408355713e-01
3.508235514163970947e-01
3.495890200138092041e-01
3.224514722824096680e-01
3.081930577754974365e-01
2.980236411094665527e-01
2.891660332679748535e-01
6.437616944313049316e-01
6.279560923576354980e-01
5.966771245002746582e-01
5.686404109001159668e-01
5.542832016944885254e-01
4.846017956733703613e-01
4.264588654041290283e-01
3.885853886604309082e-01
3.549537062644958496e-01
4.708928763866424561e-01
3.994874358177185059e-01
3.553402125835418701e-01
3.202821910381317139e-01
4.748741090297698975e-01
4.096660614013671875e-01
3.692925572395324707e-01
3.354367017745971680e-01
4.930613934993743896e-01
4.467747807502746582e-01
4.155887365341186523e-01
3.867056965827941895e-01
0.000000000000000000e+00
1.000000000000000000e+00
1.000000000000000000e+00
1.000000000000000000e+00
1.000000000000000000e+00
1.000000000000000000e+00
8.115181326866149902e-01
7.750108838081359863e-01
7.522407174110412598e-01
7.781209349632263184e-01
8.112635612487792969e-01
7.470541596412658691e-01
7.238767147064208984e-01
7.132254838943481445e-01
7.064678072929382324e-01
7.776689529418945312e-01
7.698301076889038086e-01
7.674660086631774902e-01
7.669495344161987305e-01
8.081467151641845703e-01
8.097755908966064453e-01
8.101388216018676758e-01
8.109645247459411621e-01
8.382881283760070801e-01
8.645796775817871094e-01
8.828291893005371094e-01
8.988221883773803711e-01
6.440469026565551758e-01
6.237123608589172363e-01
5.758004784584045410e-01
5.332804918289184570e-01
5.142495632171630859e-01
4.956003725528717041e-01
4.390695095062255859e-01
4.017362296581268311e-01
3.709851205348968506e-01
4.784470200538635254e-01
4.085984528064727783e-01
3.669870495796203613e-01
3.353403806686401367e-01
4.819587171077728271e-01
4.162752330303192139e-01
3.751829266548156738e-01
3.431833386421203613e-01
5.004743337631225586e-01
4.622847735881805420e-01
4.382776021957397461e-01
4.207950532436370850e-01
0.000000000000000000e+00
1.000000000000000000e+00
1.000000000000000000e+00
1.000000000000000000e+00
1.000000000000000000e+00
