-1.000000000000000000e+00
3.774873912334442139e-01
4.292868971824645996e-01
4.774933159351348877e-01
5.175722241401672363e-01
5.526037216186523438e-01
4.478797018527984619e-01
4.726369082927703857e-01
4.851357042789459229e-01
4.940375387668609619e-01
4.156668782234191895e-01
4.208934009075164795e-01
4.230044484138488770e-01
4.232459366321563721e-01
3.851335048675537109e-01
3.872275352478027344e-01
3.875840902328491211e-01
3.872638046741485596e-01
3.551566600799560547e-01
3.404414355754852295e-01
3.303185999393463135e-01
3.220368623733520508e-01
6.533958911895751953e-01
6.400256156921386719e-01
6.067513227462768555e-01
5.779117941856384277e-01
5.657910108566284180e-01
4.881604611873626709e-01
4.270455539226531982e-01
3.872376680374145508e-01
3.520818352699279785e-01
4.734790921211242676e-01
3.951767086982727051e-01
3.469344973564147949e-01
3.074352741241455078e-01
4.776429831981658936e-01
4.071905016899108887e-01
3.614426851272583008e-01
3.217601180076599121e-01
4.963364601135253906e-01
4.447958767414093018e-01
4.095692634582519531e-01
3.759156465530395508e-01
0.000000000000000000e+00
1.000000000000000000e+00
1.000000000000000000e+00
1.000000000000000000e+00
1.000000000000000000e+00
1.000000000000000000e+00
7.887247800827026367e-01
7.503218054771423340e-01
7.218410968780517578e-01
7.416271567344665527e-01
7.709029912948608398e-01
7.042986750602722168e-01
6.760410666465759277e-01
6.614079475402832031e-01
6.498650908470153809e-01
7.336440086364746094e-01
7.195408940315246582e-01
7.129534482955932617e-01
7.066259384155273438e-01
7.645527124404907227e-01
7.556086182594299316e-01
7.491998076438903809e-01
7.422081828117370605e-01
7.961814403533935547e-01
8.068341612815856934e-01
8.143219351768493652e-01
8.198297023773193359e-01
6.504938602447509766e-01
6.385877132415771484e-01
5.948991179466247559e-01
5.474099516868591309e-01
5.203891992568969727e-01
5.104238390922546387e-01
4.524365365505218506e-01
4.137316346168518066e-01
3.798649311065673828e-01
4.873352944850921631e-01
4.137077629566192627e-01
3.693366646766662598e-01
3.315207958221435547e-01
4.854438602924346924e-01
4.152730703353881836e-01
3.733131289482116699e-01
3.360699713230133057e-01
4.986831247806549072e-01
4.495171904563903809e-01
4.174770116806030273e-01
3.880614340305328369e-01
0.000000000000000000e+00
1.000000000000000000e+00
1.000000000000000000e+00
1.000000000000000000e+00
1.000000000000000000e+00
