-1.000000000000000000e+00
3.807795047760009766e-01
4.326049685478210449e-01
4.820970296859741211e-01
5.237206220626831055e-01
5.597671270370483398e-01
4.502301812171936035e-01
4.760258793830871582e-01
4.882019460201263428e-01
4.963666200637817383e-01
4.128035604953765869e-01
4.172568023204803467e-01
4.174352288246154785e-01
4.141773283481597900e-01
3.787050247192382812e-01
3.690980970859527588e-01
3.601834774017333984e-01
3.515910506248474121e-01
3.476883471012115479e-01
3.187968432903289795e-01
2.985297441482543945e-01
2.808525562286376953e-01
6.861990690231323242e-01
6.706097126007080078e-01
6.369415521621704102e-01
6.082322001457214355e-01
5.970040559768676758e-01
5.146381855010986328e-01
4.500316381454467773e-01
4.086403846740722656e-01
3.720730543136596680e-01
4.967313706874847412e-01
4.131393432617187500e-01
3.638624846935272217e-01
3.241045773029327393e-01
5.027312040328979492e-01
4.298087954521179199e-01
3.843906521797180176e-01
3.462122678756713867e-01
5.271654725074768066e-01
4.810760021209716797e-01
4.517164230346679688e-01
4.240755140781402588e-01
0.000000000000000000e+00
1.000000000000000000e+00
1.000000000000000000e+00
1.000000000000000000e+00
1.000000000000000000e+00
1.000000000000000000e+00
8.006377220153808594e-01
7.616592645645141602e-01
7.359795570373535156e-01
7.575751543045043945e-01
7.839740514755249023e-01
7.140893340110778809e-01
6.802105307579040527e-01
6.629173755645751953e-01
6.498342752456665039e-01
7.451797723770141602e-01
7.280119657516479492e-01
7.199237942695617676e-01
7.132425308227539062e-01
7.777899503707885742e-01
7.729349732398986816e-01
7.695569992065429688e-01
7.665700316429138184e-01
8.108834624290466309e-01
8.346670269966125488e-01
8.513507246971130371e-01
8.651608228683471680e-01
7.126454710960388184e-01
6.989176273345947266e-01
6.595027446746826172e-01
6.159149408340454102e-01
5.891886353492736816e-01
5.750001072883605957e-01
5.185083150863647461e-01
4.782003462314605713e-01
4.427747130393981934e-01
5.502324700355529785e-01
4.735907912254333496e-01
4.265950918197631836e-01
3.886073231697082520e-01
5.497898459434509277e-01
4.763783216476440430e-01
4.297354817390441895e-01
3.915421366691589355e-01
5.660147666931152344e-01
5.174809694290161133e-01
4.862335324287414551e-01
4.608406126499176025e-01
0.000000000000000000e+00
1.000000000000000000e+00
1.000000000000000000e+00
1.000000000000000000e+00
1.000000000000000000e+00
