-1.000000000000000000e+00
3.855467736721038818e-01
4.391609132289886475e-01
4.859815835952758789e-01
5.246440172195434570e-01
5.597528219223022461e-01
4.593589007854461670e-01
4.851455688476562500e-01
4.981759786605834961e-01
5.077084898948669434e-01
4.244496524333953857e-01
4.313138723373413086e-01
4.347735643386840820e-01
4.357565939426422119e-01
3.914523124694824219e-01
3.905675411224365234e-01
3.889501988887786865e-01
3.874200880527496338e-01
3.602783977985382080e-01
3.413446545600891113e-01
3.288200497627258301e-01
3.191101253032684326e-01
6.462269425392150879e-01
6.313726902008056641e-01
5.994036197662353516e-01
5.698127746582031250e-01
5.556843280792236328e-01
4.774349033832550049e-01
4.144047498703002930e-01
3.736739158630371094e-01
3.367443084716796875e-01
4.599323272705078125e-01
3.807733654975891113e-01
3.313845396041870117e-01
2.909816503524780273e-01
4.637333750724792480e-01
3.926912844181060791e-01
3.467106223106384277e-01
3.069670796394348145e-01
4.839311838150024414e-01
4.330629110336303711e-01
3.992182612419128418e-01
3.667316138744354248e-01
0.000000000000000000e+00
1.000000000000000000e+00
1.000000000000000000e+00
1.000000000000000000e+00
1.000000000000000000e+00
1.000000000000000000e+00
7.839835882186889648e-01
7.451745867729187012e-01
7.166444659233093262e-01
7.339464426040649414e-01
7.633535861968994141e-01
6.990051865577697754e-01
6.688055992126464844e-01
6.530954241752624512e-01
6.414695978164672852e-01
7.280060648918151855e-01
7.126306891441345215e-01
7.066172957420349121e-01
7.013100385665893555e-01
7.586630582809448242e-01
7.490930557250976562e-01
7.438356280326843262e-01
7.377006411552429199e-01
7.911770939826965332e-01
8.016785383224487305e-01
8.098115921020507812e-01
8.158158659934997559e-01
6.482430100440979004e-01
6.341500878334045410e-01
5.941894650459289551e-01
5.459064245223999023e-01
5.150958895683288574e-01
5.062126517295837402e-01
4.483743906021118164e-01
4.089227616786956787e-01
3.753805160522460938e-01
4.828270077705383301e-01
4.071057736873626709e-01
3.621504008769989014e-01
3.256028890609741211e-01
4.807505011558532715e-01
4.088414609432220459e-01
3.665389120578765869e-01
3.300634026527404785e-01
4.942275881767272949e-01
4.437888860702514648e-01
4.118399024009704590e-01
3.842343688011169434e-01
0.000000000000000000e+00
1.000000000000000000e+00
1.000000000000000000e+00
1.000000000000000000e+00
1.000000000000000000e+00
