-1.000000000000000000e+00
3.944163918495178223e-01
4.523113071918487549e-01
5.039497017860412598e-01
5.460871458053588867e-01
5.835399627685546875e-01
4.741856753826141357e-01
5.012596249580383301e-01
5.150222778320312500e-01
5.250339508056640625e-01
4.361958205699920654e-01
4.428746402263641357e-01
4.461594223976135254e-01
4.468860924243927002e-01
4.005219340324401855e-01
3.984878361225128174e-01
3.969449400901794434e-01
3.956474363803863525e-01
3.667271435260772705e-01
3.451129198074340820e-01
3.317081332206726074e-01
3.216956257820129395e-01
6.489325761795043945e-01
6.333584189414978027e-01
5.980148315429687500e-01
5.657419562339782715e-01
5.513744950294494629e-01
4.697242379188537598e-01
4.008714854717254639e-01
3.566133975982666016e-01
3.162652552127838135e-01
4.513340890407562256e-01
3.645517230033874512e-01
3.116973340511322021e-01
2.678219676017761230e-01
4.554665684700012207e-01
3.783352077007293701e-01
3.278082311153411865e-01
2.839733362197875977e-01
4.769081771373748779e-01
4.199632406234741211e-01
3.822492361068725586e-01
3.459631204605102539e-01
0.000000000000000000e+00
1.000000000000000000e+00
1.000000000000000000e+00
1.000000000000000000e+00
1.000000000000000000e+00
1.000000000000000000e+00
7.888916134834289551e-01
7.488013505935668945e-01
7.191150784492492676e-01
7.393635511398315430e-01
7.723423838615417480e-01
7.021067142486572266e-01
6.705148220062255859e-01
6.539046764373779297e-01
6.417667269706726074e-01
7.320930361747741699e-01
7.152940034866333008e-01
7.088816761970520020e-01
7.030358910560607910e-01
7.638567686080932617e-01
7.538422346115112305e-01
7.482041716575622559e-01
7.413009405136108398e-01
7.977231740951538086e-01
8.067789077758789062e-01
8.136861920356750488e-01
8.184421658515930176e-01
6.558746695518493652e-01
6.430441141128540039e-01
6.035852432250976562e-01
5.532201528549194336e-01
5.204125046730041504e-01
5.103226304054260254e-01
4.482544362545013428e-01
4.053162038326263428e-01
3.679227828979492188e-01
4.842650294303894043e-01
4.043956995010375977e-01
3.548318147659301758e-01
3.132945299148559570e-01
4.814833402633666992e-01
4.060083031654357910e-01
3.600690066814422607e-01
3.196983933448791504e-01
4.949259459972381592e-01
4.410282075405120850e-01
4.054917991161346436e-01
3.737913966178894043e-01
0.000000000000000000e+00
1.000000000000000000e+00
1.000000000000000000e+00
1.000000000000000000e+00
1.000000000000000000e+00
