-1.000000000000000000e+00
3.999222517013549805e-01
4.689686894416809082e-01
5.237113833427429199e-01
5.494558215141296387e-01
5.566636323928833008e-01
5.046195387840270996e-01
5.225601792335510254e-01
5.286273360252380371e-01
5.308195948600769043e-01
4.649893939495086670e-01
4.841478466987609863e-01
4.943145811557769775e-01
5.011991858482360840e-01
4.239426851272583008e-01
4.407587945461273193e-01
4.511615931987762451e-01
4.592005014419555664e-01
3.794454932212829590e-01
3.917632699012756348e-01
4.031187891960144043e-01
4.155500531196594238e-01
8.351986408233642578e-01
8.439801931381225586e-01
7.863893508911132812e-01
7.143310904502868652e-01
6.535838842391967773e-01
6.533359885215759277e-01
5.616958141326904297e-01
5.001587271690368652e-01
4.446345567703247070e-01
6.291032433509826660e-01
5.224413871765136719e-01
4.508349895477294922e-01
3.895622491836547852e-01
6.259129643440246582e-01
5.232414007186889648e-01
4.569747149944305420e-01
3.985765278339385986e-01
6.389696002006530762e-01
5.576830506324768066e-01
5.074462294578552246e-01
4.610008597373962402e-01
0.000000000000000000e+00
1.000000000000000000e+00
1.000000000000000000e+00
1.000000000000000000e+00
1.000000000000000000e+00
0.000000000000000000e+00
0.000000000000000000e+00
0.000000000000000000e+00
0.000000000000000000e+00
0.000000000000000000e+00
0.000000000000000000e+00
0.000000000000000000e+00
0.000000000000000000e+00
0.000000000000000000e+00
0.000000000000000000e+00
0.000000000000000000e+00
0.000000000000000000e+00
0.000000000000000000e+00
0.000000000000000000e+00
0.000000000000000000e+00
0.000000000000000000e+00
0.000000000000000000e+00
0.000000000000000000e+00
0.000000000000000000e+00
0.000000000000000000e+00
0.000000000000000000e+00
0.000000000000000000e+00
0.000000000000000000e+00
0.000000000000000000e+00
0.000000000000000000e+00
0.000000000000000000e+00
0.000000000000000000e+00
0.000000000000000000e+00
0.000000000000000000e+00
0.000000000000000000e+00
0.000000000000000000e+00
0.000000000000000000e+00
0.000000000000000000e+00
0.000000000000000000e+00
0.000000000000000000e+00
0.000000000000000000e+00
0.000000000000000000e+00
0.000000000000000000e+00
0.000000000000000000e+00
0.000000000000000000e+00
0.000000000000000000e+00
0.000000000000000000e+00
0.000000000000000000e+00
0.000000000000000000e+00
0.000000000000000000e+00
0.000000000000000000e+00
0.000000000000000000e+00
0.000000000000000000e+00
