-1.000000000000000000e+00
4.453347921371459961e-01
5.246817469596862793e-01
5.788435935974121094e-01
6.043558716773986816e-01
6.049929857254028320e-01
5.502674579620361328e-01
5.634789466857910156e-01
5.640949010848999023e-01
5.616123080253601074e-01
5.097863674163818359e-01
5.236201882362365723e-01
5.270583033561706543e-01
5.270019769668579102e-01
4.687129855155944824e-01
4.793451428413391113e-01
4.855480790138244629e-01
4.891290664672851562e-01
4.255777895450592041e-01
4.328430891036987305e-01
4.411757588386535645e-01
4.492965638637542725e-01
7.789778113365173340e-01
7.485619783401489258e-01
6.726300120353698730e-01
5.912598371505737305e-01
5.211940407752990723e-01
5.333389639854431152e-01
4.323018789291381836e-01
3.668381571769714355e-01
3.058498501777648926e-01
5.152443647384643555e-01
4.014766216278076172e-01
3.246336579322814941e-01
2.574798464775085449e-01
5.208500623703002930e-01
4.147286117076873779e-01
3.437942862510681152e-01
2.810719311237335205e-01
5.427873134613037109e-01
4.574203193187713623e-01
4.017527103424072266e-01
3.498584628105163574e-01
0.000000000000000000e+00
1.000000000000000000e+00
1.000000000000000000e+00
1.000000000000000000e+00
1.000000000000000000e+00
0.000000000000000000e+00
0.000000000000000000e+00
0.000000000000000000e+00
0.000000000000000000e+00
0.000000000000000000e+00
0.000000000000000000e+00
0.000000000000000000e+00
0.000000000000000000e+00
0.000000000000000000e+00
0.000000000000000000e+00
0.000000000000000000e+00
0.000000000000000000e+00
0.000000000000000000e+00
0.000000000000000000e+00
0.000000000000000000e+00
0.000000000000000000e+00
0.000000000000000000e+00
0.000000000000000000e+00
0.000000000000000000e+00
0.000000000000000000e+00
0.000000000000000000e+00
0.000000000000000000e+00
0.000000000000000000e+00
0.000000000000000000e+00
0.000000000000000000e+00
0.000000000000000000e+00
0.000000000000000000e+00
0.000000000000000000e+00
0.000000000000000000e+00
0.000000000000000000e+00
0.000000000000000000e+00
0.000000000000000000e+00
0.000000000000000000e+00
0.000000000000000000e+00
0.000000000000000000e+00
0.000000000000000000e+00
0.000000000000000000e+00
0.000000000000000000e+00
0.000000000000000000e+00
0.000000000000000000e+00
0.000000000000000000e+00
0.000000000000000000e+00
0.000000000000000000e+00
0.000000000000000000e+00
0.000000000000000000e+00
0.000000000000000000e+00
0.000000000000000000e+00
0.000000000000000000e+00
