-1.000000000000000000e+00
4.429307579994201660e-01
5.167941451072692871e-01
5.690286159515380859e-01
5.942195057868957520e-01
5.943848490715026855e-01
5.429770946502685547e-01
5.568980574607849121e-01
5.581750869750976562e-01
5.567533373832702637e-01
5.052503347396850586e-01
5.187935829162597656e-01
5.217837691307067871e-01
5.218579769134521484e-01
4.674187302589416504e-01
4.783766567707061768e-01
4.836046397686004639e-01
4.862695634365081787e-01
4.268399477005004883e-01
4.342949390411376953e-01
4.424221813678741455e-01
4.492174983024597168e-01
7.669520974159240723e-01
7.327369451522827148e-01
6.570647954940795898e-01
5.811623334884643555e-01
5.201589465141296387e-01
5.286614894866943359e-01
4.360623955726623535e-01
3.770883679389953613e-01
3.206031918525695801e-01
5.127311944961547852e-01
4.069848656654357910e-01
3.375320434570312500e-01
2.737175226211547852e-01
5.177648663520812988e-01
4.190356731414794922e-01
3.548717796802520752e-01
2.968518137931823730e-01
5.384804010391235352e-01
4.599629640579223633e-01
4.086196124553680420e-01
3.604737520217895508e-01
0.000000000000000000e+00
1.000000000000000000e+00
1.000000000000000000e+00
1.000000000000000000e+00
1.000000000000000000e+00
0.000000000000000000e+00
0.000000000000000000e+00
0.000000000000000000e+00
0.000000000000000000e+00
0.000000000000000000e+00
0.000000000000000000e+00
0.000000000000000000e+00
0.000000000000000000e+00
0.000000000000000000e+00
0.000000000000000000e+00
0.000000000000000000e+00
0.000000000000000000e+00
0.000000000000000000e+00
0.000000000000000000e+00
0.000000000000000000e+00
0.000000000000000000e+00
0.000000000000000000e+00
0.000000000000000000e+00
0.000000000000000000e+00
0.000000000000000000e+00
0.000000000000000000e+00
0.000000000000000000e+00
0.000000000000000000e+00
0.000000000000000000e+00
0.000000000000000000e+00
0.000000000000000000e+00
0.000000000000000000e+00
0.000000000000000000e+00
0.000000000000000000e+00
0.000000000000000000e+00
0.000000000000000000e+00
0.000000000000000000e+00
0.000000000000000000e+00
0.000000000000000000e+00
0.000000000000000000e+00
0.000000000000000000e+00
0.000000000000000000e+00
0.000000000000000000e+00
0.000000000000000000e+00
0.000000000000000000e+00
0.000000000000000000e+00
0.000000000000000000e+00
0.000000000000000000e+00
0.000000000000000000e+00
0.000000000000000000e+00
0.000000000000000000e+00
0.000000000000000000e+00
0.000000000000000000e+00
