-1.000000000000000000e+00
4.149542152881622314e-01
5.105209350585937500e-01
5.741353034973144531e-01
6.006264090538024902e-01
6.005297899246215820e-01
5.374583601951599121e-01
5.549449324607849121e-01
5.564615726470947266e-01
5.541316866874694824e-01
4.914682507514953613e-01
5.069254636764526367e-01
5.114668607711791992e-01
5.124967098236083984e-01
4.451572895050048828e-01
4.585229158401489258e-01
4.668437242507934570e-01
4.722555875778198242e-01
3.951861262321472168e-01
4.051205515861511230e-01
4.167674183845520020e-01
4.286566674709320068e-01
7.899709939956665039e-01
7.556758522987365723e-01
6.677260994911193848e-01
5.712580680847167969e-01
4.932726025581359863e-01
5.112324357032775879e-01
3.978526294231414795e-01
3.255266845226287842e-01
2.580152153968811035e-01
4.878877401351928711e-01
3.586860299110412598e-01
2.727701663970947266e-01
1.986974179744720459e-01
4.899429380893707275e-01
3.675734400749206543e-01
2.876064181327819824e-01
2.179242372512817383e-01
5.116563439369201660e-01
4.132892489433288574e-01
3.507751822471618652e-01
2.934226095676422119e-01
1.000000000000000000e+00
1.000000000000000000e+00
1.000000000000000000e+00
1.000000000000000000e+00
1.000000000000000000e+00
0.000000000000000000e+00
0.000000000000000000e+00
0.000000000000000000e+00
0.000000000000000000e+00
0.000000000000000000e+00
0.000000000000000000e+00
0.000000000000000000e+00
0.000000000000000000e+00
0.000000000000000000e+00
0.000000000000000000e+00
0.000000000000000000e+00
0.000000000000000000e+00
0.000000000000000000e+00
0.000000000000000000e+00
0.000000000000000000e+00
0.000000000000000000e+00
0.000000000000000000e+00
0.000000000000000000e+00
0.000000000000000000e+00
0.000000000000000000e+00
0.000000000000000000e+00
0.000000000000000000e+00
0.000000000000000000e+00
0.000000000000000000e+00
0.000000000000000000e+00
0.000000000000000000e+00
0.000000000000000000e+00
0.000000000000000000e+00
0.000000000000000000e+00
0.000000000000000000e+00
0.000000000000000000e+00
0.000000000000000000e+00
0.000000000000000000e+00
0.000000000000000000e+00
0.000000000000000000e+00
0.000000000000000000e+00
0.000000000000000000e+00
0.000000000000000000e+00
0.000000000000000000e+00
0.000000000000000000e+00
0.000000000000000000e+00
0.000000000000000000e+00
0.000000000000000000e+00
0.000000000000000000e+00
0.000000000000000000e+00
0.000000000000000000e+00
0.000000000000000000e+00
0.000000000000000000e+00
