-1.000000000000000000e+00
3.802922964096069336e-01
4.450141191482543945e-01
4.934888780117034912e-01
5.171682834625244141e-01
5.119053125381469727e-01
4.771780967712402344e-01
4.930459856986999512e-01
4.961535334587097168e-01
4.964087009429931641e-01
4.464916884899139404e-01
4.622649848461151123e-01
4.683116376399993896e-01
4.709165692329406738e-01
4.150775372982025146e-01
4.287318587303161621e-01
4.360659718513488770e-01
4.401586651802062988e-01
3.804356157779693604e-01
3.919930160045623779e-01
4.015678167343139648e-01
4.100615680217742920e-01
7.690505385398864746e-01
7.512735128402709961e-01
6.984239220619201660e-01
6.346579194068908691e-01
5.839058160781860352e-01
5.882208347320556641e-01
5.124776363372802734e-01
4.640548825263977051e-01
4.186481833457946777e-01
5.701704621315002441e-01
4.849410653114318848e-01
4.301126599311828613e-01
3.824023604393005371e-01
5.687894821166992188e-01
4.888662099838256836e-01
4.388124942779541016e-01
3.959632515907287598e-01
5.800069570541381836e-01
5.153266787528991699e-01
4.748581647872924805e-01
4.379917681217193604e-01
1.000000000000000000e+00
1.000000000000000000e+00
1.000000000000000000e+00
1.000000000000000000e+00
1.000000000000000000e+00
0.000000000000000000e+00
0.000000000000000000e+00
0.000000000000000000e+00
0.000000000000000000e+00
0.000000000000000000e+00
0.000000000000000000e+00
0.000000000000000000e+00
0.000000000000000000e+00
0.000000000000000000e+00
0.000000000000000000e+00
0.000000000000000000e+00
0.000000000000000000e+00
0.000000000000000000e+00
0.000000000000000000e+00
0.000000000000000000e+00
0.000000000000000000e+00
0.000000000000000000e+00
0.000000000000000000e+00
0.000000000000000000e+00
0.000000000000000000e+00
0.000000000000000000e+00
0.000000000000000000e+00
0.000000000000000000e+00
0.000000000000000000e+00
0.000000000000000000e+00
0.000000000000000000e+00
0.000000000000000000e+00
0.000000000000000000e+00
0.000000000000000000e+00
0.000000000000000000e+00
0.000000000000000000e+00
0.000000000000000000e+00
0.000000000000000000e+00
0.000000000000000000e+00
0.000000000000000000e+00
0.000000000000000000e+00
0.000000000000000000e+00
0.000000000000000000e+00
0.000000000000000000e+00
0.000000000000000000e+00
0.000000000000000000e+00
0.000000000000000000e+00
0.000000000000000000e+00
0.000000000000000000e+00
0.000000000000000000e+00
0.000000000000000000e+00
0.000000000000000000e+00
0.000000000000000000e+00
