-1.000000000000000000e+00
3.713264465332031250e-01
4.353543519973754883e-01
4.824594259262084961e-01
5.061253309249877930e-01
5.043092370033264160e-01
4.657142758369445801e-01
4.803140163421630859e-01
4.833620786666870117e-01
4.845944941043853760e-01
4.368929862976074219e-01
4.514910578727722168e-01
4.575888216495513916e-01
4.612741470336914062e-01
4.066530466079711914e-01
4.196358323097229004e-01
4.273604452610015869e-01
4.324803054332733154e-01
3.724900186061859131e-01
3.831316828727722168e-01
3.929714858531951904e-01
4.018874764442443848e-01
7.716910243034362793e-01
7.532569766044616699e-01
7.028968334197998047e-01
6.420365571975708008e-01
5.907592177391052246e-01
5.966790318489074707e-01
5.255637168884277344e-01
4.796304702758789062e-01
4.350260496139526367e-01
5.789833664894104004e-01
4.975251257419586182e-01
4.440334439277648926e-01
3.954263627529144287e-01
5.781693458557128906e-01
5.023133754730224609e-01
4.519670903682708740e-01
4.065936207771301270e-01
5.895707607269287109e-01
5.281279683113098145e-01
4.895117282867431641e-01
4.530365765094757080e-01
1.000000000000000000e+00
1.000000000000000000e+00
1.000000000000000000e+00
1.000000000000000000e+00
1.000000000000000000e+00
0.000000000000000000e+00
0.000000000000000000e+00
0.000000000000000000e+00
0.000000000000000000e+00
0.000000000000000000e+00
0.000000000000000000e+00
0.000000000000000000e+00
0.000000000000000000e+00
0.000000000000000000e+00
0.000000000000000000e+00
0.000000000000000000e+00
0.000000000000000000e+00
0.000000000000000000e+00
0.000000000000000000e+00
0.000000000000000000e+00
0.000000000000000000e+00
0.000000000000000000e+00
0.000000000000000000e+00
0.000000000000000000e+00
0.000000000000000000e+00
0.000000000000000000e+00
0.000000000000000000e+00
0.000000000000000000e+00
0.000000000000000000e+00
0.000000000000000000e+00
0.000000000000000000e+00
0.000000000000000000e+00
0.000000000000000000e+00
0.000000000000000000e+00
0.000000000000000000e+00
0.000000000000000000e+00
0.000000000000000000e+00
0.000000000000000000e+00
0.000000000000000000e+00
0.000000000000000000e+00
0.000000000000000000e+00
0.000000000000000000e+00
0.000000000000000000e+00
0.000000000000000000e+00
0.000000000000000000e+00
0.000000000000000000e+00
0.000000000000000000e+00
0.000000000000000000e+00
0.000000000000000000e+00
0.000000000000000000e+00
0.000000000000000000e+00
0.000000000000000000e+00
0.000000000000000000e+00
