-1.000000000000000000e+00
3.053736388683319092e-01
3.767033219337463379e-01
4.423410892486572266e-01
4.961762428283691406e-01
5.353215932846069336e-01
4.026380181312561035e-01
4.356510043144226074e-01
4.528834819793701172e-01
4.663740992546081543e-01
3.644199669361114502e-01
3.818925917148590088e-01
3.886401057243347168e-01
3.925299048423767090e-01
3.255675733089447021e-01
3.356221616268157959e-01
3.396372795104980469e-01
3.447446823120117188e-01
2.852516472339630127e-01
2.651891708374023438e-01
2.527817487716674805e-01
2.454948276281356812e-01
7.117506861686706543e-01
6.949313282966613770e-01
6.541504263877868652e-01
6.161558032035827637e-01
5.870023965835571289e-01
5.190638899803161621e-01
4.444722533226013184e-01
3.959357142448425293e-01
3.528699278831481934e-01
4.958377778530120850e-01
3.995177149772644043e-01
3.408718109130859375e-01
2.933153510093688965e-01
4.953292608261108398e-01
4.032893180847167969e-01
3.454850912094116211e-01
2.967337369918823242e-01
5.134616494178771973e-01
4.457350373268127441e-01
3.995811343193054199e-01
3.568520247936248779e-01
0.000000000000000000e+00
1.000000000000000000e+00
1.000000000000000000e+00
1.000000000000000000e+00
1.000000000000000000e+00
1.000000000000000000e+00
7.515163421630859375e-01
6.855852603912353516e-01
6.188589930534362793e-01
5.700141191482543945e-01
5.321067571640014648e-01
6.367853879928588867e-01
5.992304086685180664e-01
5.784966349601745605e-01
5.620815753936767578e-01
6.698832511901855469e-01
6.441667675971984863e-01
6.310080885887145996e-01
6.202087402343750000e-01
7.059711813926696777e-01
6.834701895713806152e-01
6.707366108894348145e-01
6.586570143699645996e-01
7.449889779090881348e-01
7.424893975257873535e-01
7.411280870437622070e-01
7.387577891349792480e-01
6.397299170494079590e-01
6.359052062034606934e-01
6.079412102699279785e-01
5.853753089904785156e-01
5.781940221786499023e-01
4.699285328388214111e-01
4.003529250621795654e-01
3.562421798706054688e-01
3.172929286956787109e-01
4.429250657558441162e-01
3.560044169425964355e-01
3.021283745765686035e-01
2.566415071487426758e-01
4.344877004623413086e-01
3.534952104091644287e-01
3.059722781181335449e-01
2.634588181972503662e-01
4.399498105049133301e-01
3.732640147209167480e-01
3.298355937004089355e-01
2.887701094150543213e-01
1.000000000000000000e+00
1.000000000000000000e+00
1.000000000000000000e+00
1.000000000000000000e+00
1.000000000000000000e+00
