-1.000000000000000000e+00
3.035605847835540771e-01
3.717128634452819824e-01
4.310770034790039062e-01
4.762908220291137695e-01
5.113727450370788574e-01
3.988855183124542236e-01
4.314402043819427490e-01
4.492385387420654297e-01
4.624257981777191162e-01
3.628474771976470947e-01
3.796718120574951172e-01
3.856065571308135986e-01
3.880768120288848877e-01
3.265308141708374023e-01
3.365134894847869873e-01
3.408259451389312744e-01
3.440266847610473633e-01
2.873999178409576416e-01
2.686424255371093750e-01
2.576012015342712402e-01
2.500784397125244141e-01
7.128368616104125977e-01
7.001538276672363281e-01
6.609542369842529297e-01
6.253246068954467773e-01
6.085414290428161621e-01
5.226495265960693359e-01
4.516145884990692139e-01
4.062480926513671875e-01
3.647495508193969727e-01
5.004597902297973633e-01
4.081378579139709473e-01
3.525979220867156982e-01
3.064807653427124023e-01
5.001103878021240234e-01
4.129472374916076660e-01
3.563524782657623291e-01
3.075608313083648682e-01
5.172615051269531250e-01
4.500599503517150879e-01
4.042620062828063965e-01
3.611340820789337158e-01
0.000000000000000000e+00
1.000000000000000000e+00
1.000000000000000000e+00
1.000000000000000000e+00
1.000000000000000000e+00
1.000000000000000000e+00
7.499445676803588867e-01
6.851031184196472168e-01
6.225802898406982422e-01
5.769130587577819824e-01
5.413841009140014648e-01
6.419303417205810547e-01
6.055468320846557617e-01
5.857931971549987793e-01
5.699219703674316406e-01
6.741213798522949219e-01
6.494075059890747070e-01
6.366927623748779297e-01
6.263821125030517578e-01
7.091916203498840332e-01
6.896083354949951172e-01
6.771530508995056152e-01
6.652832031250000000e-01
7.469691038131713867e-01
7.456247806549072266e-01
7.451687455177307129e-01
7.435427308082580566e-01
6.488031148910522461e-01
6.415520906448364258e-01
6.132896542549133301e-01
5.914217829704284668e-01
5.812790393829345703e-01
4.756094813346862793e-01
4.058370888233184814e-01
3.629220724105834961e-01
3.245356678962707520e-01
4.501391947269439697e-01
3.638576269149780273e-01
3.110843896865844727e-01
2.666374742984771729e-01
4.434174895286560059e-01
3.629279732704162598e-01
3.153706490993499756e-01
2.731640040874481201e-01
4.506072103977203369e-01
3.838610649108886719e-01
3.412758708000183105e-01
3.006884157657623291e-01
1.000000000000000000e+00
1.000000000000000000e+00
1.000000000000000000e+00
1.000000000000000000e+00
1.000000000000000000e+00
