1.000000000000000000e+00
0.000000000000000000e+00
2.978087851874557934e-01
5.962830495201303371e-01
8.403951832426137525e-01
1.000000000000000000e+00
6.446605011395198925e-01
7.578131911389370812e-01
6.039851800936002491e-01
5.341414616384995151e-01
5.482575395809548002e-01
6.565198869294707196e-01
4.652313704686703022e-01
4.292548711244892901e-01
4.806624825119033551e-01
5.905002810246972045e-01
4.109643459169330937e-01
3.648586767851144108e-01
4.583531767818709302e-01
5.506511970792861144e-01
4.145507413368753058e-01
3.449243754474093926e-01
0.000000000000000000e+00
0.000000000000000000e+00
0.000000000000000000e+00
0.000000000000000000e+00
1.000000000000000000e+00
0.000000000000000000e+00
0.000000000000000000e+00
0.000000000000000000e+00
0.000000000000000000e+00
0.000000000000000000e+00
0.000000000000000000e+00
0.000000000000000000e+00
0.000000000000000000e+00
0.000000000000000000e+00
0.000000000000000000e+00
0.000000000000000000e+00
0.000000000000000000e+00
0.000000000000000000e+00
0.000000000000000000e+00
0.000000000000000000e+00
0.000000000000000000e+00
0.000000000000000000e+00
0.000000000000000000e+00
0.000000000000000000e+00
0.000000000000000000e+00
0.000000000000000000e+00
0.000000000000000000e+00
0.000000000000000000e+00
0.000000000000000000e+00
0.000000000000000000e+00
0.000000000000000000e+00
0.000000000000000000e+00
