1.000000000000000000e+00
0.000000000000000000e+00
3.024025148773921146e-01
5.969984607498625140e-01
8.325840198418955618e-01
1.000000000000000000e+00
6.362938599273534335e-01
7.252806452038756957e-01
5.718817830096318833e-01
5.263883513382783264e-01
5.386216977471248724e-01
6.541459844655753697e-01
4.616828076780699619e-01
4.204145987993758715e-01
4.772540790053029225e-01
6.002235541969002108e-01
4.199513276171425447e-01
3.648470120895053737e-01
4.567699162493197851e-01
5.616562260599005096e-01
4.342580037145686300e-01
3.648734174617914716e-01
0.000000000000000000e+00
0.000000000000000000e+00
0.000000000000000000e+00
0.000000000000000000e+00
1.000000000000000000e+00
0.000000000000000000e+00
0.000000000000000000e+00
0.000000000000000000e+00
0.000000000000000000e+00
0.000000000000000000e+00
0.000000000000000000e+00
0.000000000000000000e+00
0.000000000000000000e+00
0.000000000000000000e+00
0.000000000000000000e+00
0.000000000000000000e+00
0.000000000000000000e+00
0.000000000000000000e+00
0.000000000000000000e+00
0.000000000000000000e+00
0.000000000000000000e+00
0.000000000000000000e+00
0.000000000000000000e+00
0.000000000000000000e+00
0.000000000000000000e+00
0.000000000000000000e+00
0.000000000000000000e+00
0.000000000000000000e+00
0.000000000000000000e+00
0.000000000000000000e+00
0.000000000000000000e+00
0.000000000000000000e+00
