1.000000000000000000e+00
0.000000000000000000e+00
2.867504346261876003e-01
5.768362698649762699e-01
8.175565695410856870e-01
1.000000000000000000e+00
6.337012504956173187e-01
6.920554158110358012e-01
5.245009220863768862e-01
5.108297630787298482e-01
5.349423933612695858e-01
6.091537062597757179e-01
4.060454987486842304e-01
4.195591312988098398e-01
4.722830508302117702e-01
5.490142439716870770e-01
3.668492184484668517e-01
3.595508342401272928e-01
4.511335068528554149e-01
5.164617431096224509e-01
3.859927376608384697e-01
3.371177700000609345e-01
0.000000000000000000e+00
0.000000000000000000e+00
0.000000000000000000e+00
1.000000000000000000e+00
1.000000000000000000e+00
0.000000000000000000e+00
0.000000000000000000e+00
0.000000000000000000e+00
0.000000000000000000e+00
0.000000000000000000e+00
0.000000000000000000e+00
0.000000000000000000e+00
0.000000000000000000e+00
0.000000000000000000e+00
0.000000000000000000e+00
0.000000000000000000e+00
0.000000000000000000e+00
0.000000000000000000e+00
0.000000000000000000e+00
0.000000000000000000e+00
0.000000000000000000e+00
0.000000000000000000e+00
0.000000000000000000e+00
0.000000000000000000e+00
0.000000000000000000e+00
0.000000000000000000e+00
0.000000000000000000e+00
0.000000000000000000e+00
0.000000000000000000e+00
0.000000000000000000e+00
0.000000000000000000e+00
0.000000000000000000e+00
