1.000000000000000000e+00
0.000000000000000000e+00
2.884644923955358431e-01
5.906376096566109402e-01
8.267335976305850709e-01
1.000000000000000000e+00
6.520715661780945860e-01
6.909287609410719178e-01
5.348884503347289820e-01
5.373535214330664722e-01
5.498674079017432659e-01
6.001329520055233013e-01
4.106507242630764165e-01
4.383725933137931907e-01
4.822782510712310677e-01
5.469164173127034623e-01
3.682428801253329054e-01
3.775495298780983666e-01
4.570848730964788831e-01
5.044050725258362178e-01
3.763213665691569898e-01
3.439537361932024639e-01
0.000000000000000000e+00
0.000000000000000000e+00
1.000000000000000000e+00
1.000000000000000000e+00
1.000000000000000000e+00
0.000000000000000000e+00
0.000000000000000000e+00
0.000000000000000000e+00
0.000000000000000000e+00
0.000000000000000000e+00
0.000000000000000000e+00
0.000000000000000000e+00
0.000000000000000000e+00
0.000000000000000000e+00
0.000000000000000000e+00
0.000000000000000000e+00
0.000000000000000000e+00
0.000000000000000000e+00
0.000000000000000000e+00
0.000000000000000000e+00
0.000000000000000000e+00
0.000000000000000000e+00
0.000000000000000000e+00
0.000000000000000000e+00
0.000000000000000000e+00
0.000000000000000000e+00
0.000000000000000000e+00
0.000000000000000000e+00
0.000000000000000000e+00
0.000000000000000000e+00
0.000000000000000000e+00
0.000000000000000000e+00
