1.000000000000000000e+00
0.000000000000000000e+00
3.059352781883277195e-01
6.316081884866003859e-01
8.610621826278753721e-01
1.000000000000000000e+00
5.855953066006518437e-01
6.562947055927481621e-01
6.317644285030608042e-01
6.293096910440649783e-01
3.982138606173847295e-01
5.396097176006471319e-01
5.027068770620158888e-01
4.595319687926991969e-01
2.305655699474246645e-01
4.008660198676050057e-01
3.567372363715376471e-01
3.146519294282190127e-01
1.238094497542193556e-01
2.979630877518427701e-01
2.509328446918931421e-01
1.915238647255045890e-01
1.000000000000000000e+00
1.000000000000000000e+00
0.000000000000000000e+00
1.000000000000000000e+00
1.000000000000000000e+00
0.000000000000000000e+00
0.000000000000000000e+00
0.000000000000000000e+00
0.000000000000000000e+00
0.000000000000000000e+00
0.000000000000000000e+00
0.000000000000000000e+00
0.000000000000000000e+00
0.000000000000000000e+00
0.000000000000000000e+00
0.000000000000000000e+00
0.000000000000000000e+00
0.000000000000000000e+00
0.000000000000000000e+00
0.000000000000000000e+00
0.000000000000000000e+00
0.000000000000000000e+00
0.000000000000000000e+00
0.000000000000000000e+00
0.000000000000000000e+00
0.000000000000000000e+00
0.000000000000000000e+00
0.000000000000000000e+00
0.000000000000000000e+00
0.000000000000000000e+00
0.000000000000000000e+00
0.000000000000000000e+00
