1.000000000000000000e+00
0.000000000000000000e+00
2.850545840396697672e-01
5.921413622671132249e-01
8.294831506057743775e-01
1.000000000000000000e+00
6.354132309417143132e-01
6.993476844726113084e-01
5.414194202400502975e-01
5.304774268828919004e-01
5.285665798166739870e-01
5.969656971411959612e-01
4.082848208314631133e-01
4.319231512835039477e-01
4.501763534081189011e-01
5.305485813796113614e-01
3.583103734555485032e-01
3.724296302387454793e-01
4.318365018548795953e-01
4.665563286633731543e-01
3.495207684070481546e-01
3.370716552472856065e-01
0.000000000000000000e+00
0.000000000000000000e+00
0.000000000000000000e+00
1.000000000000000000e+00
1.000000000000000000e+00
0.000000000000000000e+00
0.000000000000000000e+00
0.000000000000000000e+00
0.000000000000000000e+00
0.000000000000000000e+00
0.000000000000000000e+00
0.000000000000000000e+00
0.000000000000000000e+00
0.000000000000000000e+00
0.000000000000000000e+00
0.000000000000000000e+00
0.000000000000000000e+00
0.000000000000000000e+00
0.000000000000000000e+00
0.000000000000000000e+00
0.000000000000000000e+00
0.000000000000000000e+00
0.000000000000000000e+00
0.000000000000000000e+00
0.000000000000000000e+00
0.000000000000000000e+00
0.000000000000000000e+00
0.000000000000000000e+00
0.000000000000000000e+00
0.000000000000000000e+00
0.000000000000000000e+00
0.000000000000000000e+00
