1.000000000000000000e+00
0.000000000000000000e+00
2.658637726510776900e-01
5.613577533051173907e-01
8.102219752227348692e-01
1.000000000000000000e+00
6.760280224374659586e-01
7.484579994908950873e-01
6.010411856925683693e-01
5.561555767599192235e-01
5.939285557962399320e-01
6.445882050563777055e-01
4.680306708790208381e-01
4.543786886811478354e-01
5.342529344298251326e-01
5.605210722709894622e-01
4.026604983294731488e-01
3.976462515760661454e-01
5.116126708623544017e-01
5.224635862603108638e-01
4.119358703315194048e-01
3.906527145607746609e-01
0.000000000000000000e+00
0.000000000000000000e+00
0.000000000000000000e+00
0.000000000000000000e+00
0.000000000000000000e+00
0.000000000000000000e+00
0.000000000000000000e+00
0.000000000000000000e+00
0.000000000000000000e+00
0.000000000000000000e+00
0.000000000000000000e+00
0.000000000000000000e+00
0.000000000000000000e+00
0.000000000000000000e+00
0.000000000000000000e+00
0.000000000000000000e+00
0.000000000000000000e+00
0.000000000000000000e+00
0.000000000000000000e+00
0.000000000000000000e+00
0.000000000000000000e+00
0.000000000000000000e+00
0.000000000000000000e+00
0.000000000000000000e+00
0.000000000000000000e+00
0.000000000000000000e+00
0.000000000000000000e+00
0.000000000000000000e+00
0.000000000000000000e+00
0.000000000000000000e+00
0.000000000000000000e+00
0.000000000000000000e+00
