1.000000000000000000e+00
0.000000000000000000e+00
2.916065273380883394e-01
6.191669782094710861e-01
8.548256492215065006e-01
1.000000000000000000e+00
7.133386331256535984e-01
8.432143434257489689e-01
6.498254146191448921e-01
6.053538072353460420e-01
6.048429778129749135e-01
7.295565290021595040e-01
4.987957274974508248e-01
5.105015874028436818e-01
5.147338483607212245e-01
6.429086310875274934e-01
4.424901611981366667e-01
4.474624221002047042e-01
4.680195159415765915e-01
5.300887184029845489e-01
4.060654563873479783e-01
3.940879690314819106e-01
0.000000000000000000e+00
0.000000000000000000e+00
0.000000000000000000e+00
0.000000000000000000e+00
0.000000000000000000e+00
0.000000000000000000e+00
0.000000000000000000e+00
0.000000000000000000e+00
0.000000000000000000e+00
0.000000000000000000e+00
0.000000000000000000e+00
0.000000000000000000e+00
0.000000000000000000e+00
0.000000000000000000e+00
0.000000000000000000e+00
0.000000000000000000e+00
0.000000000000000000e+00
0.000000000000000000e+00
0.000000000000000000e+00
0.000000000000000000e+00
0.000000000000000000e+00
0.000000000000000000e+00
0.000000000000000000e+00
0.000000000000000000e+00
0.000000000000000000e+00
0.000000000000000000e+00
0.000000000000000000e+00
0.000000000000000000e+00
0.000000000000000000e+00
0.000000000000000000e+00
0.000000000000000000e+00
0.000000000000000000e+00
