1.000000000000000000e+00
0.000000000000000000e+00
2.934370750957658314e-01
6.190656370598122127e-01
8.547733720222779885e-01
1.000000000000000000e+00
7.135618333089396303e-01
8.434134535131152521e-01
6.518782638726557943e-01
6.069419370145779924e-01
6.044649330420364119e-01
7.292579085501265101e-01
4.999969176941367888e-01
5.124794165248897082e-01
5.144319524344058703e-01
6.424207554751181215e-01
4.435859989934770042e-01
4.492134020475744838e-01
4.677949513688933747e-01
5.300006383650532893e-01
4.069828868135316191e-01
3.950066473234643549e-01
0.000000000000000000e+00
0.000000000000000000e+00
0.000000000000000000e+00
0.000000000000000000e+00
0.000000000000000000e+00
0.000000000000000000e+00
0.000000000000000000e+00
0.000000000000000000e+00
0.000000000000000000e+00
0.000000000000000000e+00
0.000000000000000000e+00
0.000000000000000000e+00
0.000000000000000000e+00
0.000000000000000000e+00
0.000000000000000000e+00
0.000000000000000000e+00
0.000000000000000000e+00
0.000000000000000000e+00
0.000000000000000000e+00
0.000000000000000000e+00
0.000000000000000000e+00
0.000000000000000000e+00
0.000000000000000000e+00
0.000000000000000000e+00
0.000000000000000000e+00
0.000000000000000000e+00
0.000000000000000000e+00
0.000000000000000000e+00
0.000000000000000000e+00
0.000000000000000000e+00
0.000000000000000000e+00
0.000000000000000000e+00
