-1.000000000000000000e+00
5.513414740562438965e-01
6.300761103630065918e-01
7.015450000762939453e-01
7.559142112731933594e-01
8.000590205192565918e-01
6.728090047836303711e-01
7.128244638442993164e-01
7.359775900840759277e-01
7.530691623687744141e-01
6.334857344627380371e-01
6.587060093879699707e-01
6.686628460884094238e-01
6.736415028572082520e-01
5.925738811492919922e-01
6.096031069755554199e-01
6.184774637222290039e-01
6.250813603401184082e-01
5.475171804428100586e-01
5.281986594200134277e-01
5.170397758483886719e-01
5.102001428604125977e-01
6.644722819328308105e-01
6.598174571990966797e-01
6.167044043540954590e-01
5.809132456779479980e-01
5.759203433990478516e-01
4.509904384613037109e-01
3.715784847736358643e-01
3.199796974658966064e-01
2.743666172027587891e-01
4.220103919506072998e-01
3.182362318038940430e-01
2.533236742019653320e-01
2.006445527076721191e-01
4.175274372100830078e-01
3.171232938766479492e-01
2.528232932090759277e-01
1.986527442932128906e-01
4.336540102958679199e-01
3.564394116401672363e-01
3.028434514999389648e-01
2.536434233188629150e-01
0.000000000000000000e+00
1.000000000000000000e+00
1.000000000000000000e+00
1.000000000000000000e+00
1.000000000000000000e+00
0.000000000000000000e+00
0.000000000000000000e+00
0.000000000000000000e+00
0.000000000000000000e+00
0.000000000000000000e+00
0.000000000000000000e+00
0.000000000000000000e+00
0.000000000000000000e+00
0.000000000000000000e+00
0.000000000000000000e+00
0.000000000000000000e+00
0.000000000000000000e+00
0.000000000000000000e+00
0.000000000000000000e+00
0.000000000000000000e+00
0.000000000000000000e+00
0.000000000000000000e+00
0.000000000000000000e+00
0.000000000000000000e+00
0.000000000000000000e+00
0.000000000000000000e+00
0.000000000000000000e+00
0.000000000000000000e+00
0.000000000000000000e+00
0.000000000000000000e+00
0.000000000000000000e+00
0.000000000000000000e+00
0.000000000000000000e+00
0.000000000000000000e+00
0.000000000000000000e+00
0.000000000000000000e+00
0.000000000000000000e+00
0.000000000000000000e+00
0.000000000000000000e+00
0.000000000000000000e+00
0.000000000000000000e+00
0.000000000000000000e+00
0.000000000000000000e+00
0.000000000000000000e+00
0.000000000000000000e+00
0.000000000000000000e+00
0.000000000000000000e+00
0.000000000000000000e+00
0.000000000000000000e+00
0.000000000000000000e+00
0.000000000000000000e+00
0.000000000000000000e+00
0.000000000000000000e+00
