-1.000000000000000000e+00
2.434179335832595825e-01
3.344556391239166260e-01
4.114590883255004883e-01
4.682040810585021973e-01
5.178244709968566895e-01
3.616778552532196045e-01
3.982941210269927979e-01
4.164091944694519043e-01
4.277912676334381104e-01
3.069941103458404541e-01
3.179090321063995361e-01
3.179337382316589355e-01
3.141686022281646729e-01
2.530359029769897461e-01
2.560205757617950439e-01
2.573521733283996582e-01
2.573462724685668945e-01
1.975590437650680542e-01
1.654296368360519409e-01
1.449541449546813965e-01
1.288350969552993774e-01
7.325583100318908691e-01
7.016824483871459961e-01
6.350822448730468750e-01
5.716497302055358887e-01
5.364929437637329102e-01
4.492574930191040039e-01
3.403014838695526123e-01
2.678770720958709717e-01
1.995191276073455811e-01
4.210963547229766846e-01
2.860042750835418701e-01
2.021812200546264648e-01
1.289110183715820312e-01
4.274421930313110352e-01
3.023596704006195068e-01
2.183618247509002686e-01
1.441851258277893066e-01
4.600453376770019531e-01
3.656757473945617676e-01
3.016054034233093262e-01
2.402975112199783325e-01
0.000000000000000000e+00
1.000000000000000000e+00
1.000000000000000000e+00
1.000000000000000000e+00
1.000000000000000000e+00
1.000000000000000000e+00
7.938922643661499023e-01
7.445890903472900391e-01
7.042727470397949219e-01
7.047443389892578125e-01
7.184526920318603516e-01
6.864902973175048828e-01
6.566273570060729980e-01
6.405441164970397949e-01
6.306403279304504395e-01
7.346507310867309570e-01
7.284745573997497559e-01
7.308602929115295410e-01
7.309854626655578613e-01
7.821815609931945801e-01
7.803166508674621582e-01
7.749977111816406250e-01
7.704699039459228516e-01
8.257434964179992676e-01
8.226645588874816895e-01
8.139508962631225586e-01
8.090890645980834961e-01
7.488852739334106445e-01
7.276114821434020996e-01
6.697706580162048340e-01
6.011077761650085449e-01
5.396370887756347656e-01
5.391952395439147949e-01
4.375297129154205322e-01
3.764530420303344727e-01
3.152624666690826416e-01
5.345329046249389648e-01
4.828899204730987549e-01
5.597270131111145020e-01
5.814698934555053711e-01
5.448268651962280273e-01
5.150184631347656250e-01
5.946485996246337891e-01
6.082789301872253418e-01
5.660645961761474609e-01
5.418825745582580566e-01
5.995780229568481445e-01
6.145954132080078125e-01
0.000000000000000000e+00
1.000000000000000000e+00
0.000000000000000000e+00
0.000000000000000000e+00
0.000000000000000000e+00
