-1.000000000000000000e+00
2.442036271095275879e-01
3.331093192100524902e-01
4.101975858211517334e-01
4.672895371913909912e-01
5.172468423843383789e-01
3.616967201232910156e-01
3.983694911003112793e-01
4.165791273117065430e-01
4.290385246276855469e-01
3.095416724681854248e-01
3.204205036163330078e-01
3.217333555221557617e-01
3.193429708480834961e-01
2.575778961181640625e-01
2.604527175426483154e-01
2.626458704471588135e-01
2.632493972778320312e-01
2.030302584171295166e-01
1.746154129505157471e-01
1.557350903749465942e-01
1.405662298202514648e-01
7.268614768981933594e-01
6.956793069839477539e-01
6.305612325668334961e-01
5.695789456367492676e-01
5.346214175224304199e-01
4.467940032482147217e-01
3.395940661430358887e-01
2.686753869056701660e-01
2.009024024009704590e-01
4.204692244529724121e-01
2.902208566665649414e-01
2.064078450202941895e-01
1.323718726634979248e-01
4.265781044960021973e-01
3.075078129768371582e-01
2.243295609951019287e-01
1.489354372024536133e-01
4.568787813186645508e-01
3.648861050605773926e-01
3.007847666740417480e-01
2.376141846179962158e-01
0.000000000000000000e+00
1.000000000000000000e+00
1.000000000000000000e+00
1.000000000000000000e+00
1.000000000000000000e+00
1.000000000000000000e+00
7.974601387977600098e-01
7.480369806289672852e-01
7.089111804962158203e-01
7.094294428825378418e-01
7.266247272491455078e-01
6.911760568618774414e-01
6.633463501930236816e-01
6.492797732353210449e-01
6.407337188720703125e-01
7.403364181518554688e-01
7.368525266647338867e-01
7.363883256912231445e-01
7.344094514846801758e-01
7.886014580726623535e-01
7.894905209541320801e-01
7.809753417968750000e-01
7.743197083473205566e-01
8.323074579238891602e-01
8.308680653572082520e-01
8.203653097152709961e-01
8.147176504135131836e-01
7.508221864700317383e-01
7.273563742637634277e-01
6.689401268959045410e-01
6.006860136985778809e-01
5.397098660469055176e-01
5.342689752578735352e-01
4.296405613422393799e-01
3.676821589469909668e-01
3.056808114051818848e-01
5.296112298965454102e-01
4.823986887931823730e-01
5.558074712753295898e-01
5.802681446075439453e-01
5.416310429573059082e-01
5.156285166740417480e-01
5.929229855537414551e-01
6.091736555099487305e-01
5.655394196510314941e-01
5.448915362358093262e-01
6.008843183517456055e-01
6.170522570610046387e-01
0.000000000000000000e+00
1.000000000000000000e+00
0.000000000000000000e+00
0.000000000000000000e+00
0.000000000000000000e+00
