-1.000000000000000000e+00
2.761710882186889648e-01
3.673988580703735352e-01
4.428628087043762207e-01
4.948983192443847656e-01
5.407226085662841797e-01
3.905380964279174805e-01
4.255506098270416260e-01
4.438349008560180664e-01
4.571489989757537842e-01
3.421359062194824219e-01
3.530867695808410645e-01
3.564393222332000732e-01
3.558222055435180664e-01
2.940394282341003418e-01
2.987305819988250732e-01
3.037699162960052490e-01
3.060679435729980469e-01
2.432247847318649292e-01
2.224546819925308228e-01
2.088696062564849854e-01
1.977811753749847412e-01
7.120973467826843262e-01
6.807038784027099609e-01
6.142518520355224609e-01
5.546474456787109375e-01
5.199269652366638184e-01
4.386571347713470459e-01
3.361279964447021484e-01
2.691072523593902588e-01
2.052948772907257080e-01
4.139593243598937988e-01
2.891841530799865723e-01
2.085609734058380127e-01
1.394779980182647705e-01
4.193266928195953369e-01
3.050206303596496582e-01
2.269139140844345093e-01
1.572430431842803955e-01
4.467732012271881104e-01
3.551594018936157227e-01
2.911944687366485596e-01
2.288166284561157227e-01
0.000000000000000000e+00
1.000000000000000000e+00
1.000000000000000000e+00
1.000000000000000000e+00
1.000000000000000000e+00
1.000000000000000000e+00
8.104624748229980469e-01
7.581932544708251953e-01
7.120339274406433105e-01
7.106380462646484375e-01
7.381994128227233887e-01
7.264608740806579590e-01
7.073830366134643555e-01
6.976925730705261230e-01
6.976804137229919434e-01
7.734438776969909668e-01
7.623012661933898926e-01
7.516850829124450684e-01
7.564004063606262207e-01
8.194662928581237793e-01
8.072063922882080078e-01
7.897583246231079102e-01
7.931393980979919434e-01
8.631080389022827148e-01
8.473904728889465332e-01
8.286817669868469238e-01
8.310359716415405273e-01
7.651997804641723633e-01
7.344051599502563477e-01
6.649115085601806641e-01
5.920996069908142090e-01
5.417680144309997559e-01
5.291021466255187988e-01
4.176414310932159424e-01
3.503844738006591797e-01
2.878749966621398926e-01
5.377696752548217773e-01
4.901770055294036865e-01
5.796969532966613770e-01
5.989922881126403809e-01
5.600693821907043457e-01
5.341052412986755371e-01
6.135695576667785645e-01
6.207009553909301758e-01
5.929669737815856934e-01
5.748772621154785156e-01
6.273327469825744629e-01
6.357088685035705566e-01
0.000000000000000000e+00
1.000000000000000000e+00
0.000000000000000000e+00
0.000000000000000000e+00
0.000000000000000000e+00
