-1.000000000000000000e+00
2.766040563583374023e-01
3.689488172531127930e-01
4.446489810943603516e-01
4.962088465690612793e-01
5.419927835464477539e-01
3.917669653892517090e-01
4.269654154777526855e-01
4.456945955753326416e-01
4.590990841388702393e-01
3.431232571601867676e-01
3.538488745689392090e-01
3.570291101932525635e-01
3.562106490135192871e-01
2.948267459869384766e-01
2.992302477359771729e-01
3.043666183948516846e-01
3.067920506000518799e-01
2.435439676046371460e-01
2.226455956697463989e-01
2.092541158199310303e-01
1.985882520675659180e-01
7.132359147071838379e-01
6.836442351341247559e-01
6.166620850563049316e-01
5.561592578887939453e-01
5.222815871238708496e-01
4.398157000541687012e-01
3.374564647674560547e-01
2.706713676452636719e-01
2.070781588554382324e-01
4.147721827030181885e-01
2.892057895660400391e-01
2.085240483283996582e-01
1.392041742801666260e-01
4.199522435665130615e-01
3.050492405891418457e-01
2.263620942831039429e-01
1.556034684181213379e-01
4.476450383663177490e-01
3.550527095794677734e-01
2.909588217735290527e-01
2.278636842966079712e-01
0.000000000000000000e+00
1.000000000000000000e+00
1.000000000000000000e+00
1.000000000000000000e+00
1.000000000000000000e+00
1.000000000000000000e+00
8.107482790946960449e-01
7.586635947227478027e-01
7.109862565994262695e-01
7.100598812103271484e-01
7.396373152732849121e-01
7.251071333885192871e-01
7.049045562744140625e-01
6.961633563041687012e-01
6.955729722976684570e-01
7.724400162696838379e-01
7.620232701301574707e-01
7.525111436843872070e-01
7.563118934631347656e-01
8.182901740074157715e-01
8.068884611129760742e-01
7.902359962463378906e-01
7.923865914344787598e-01
8.619861006736755371e-01
8.479046225547790527e-01
8.299266099929809570e-01
8.312370181083679199e-01
7.635560035705566406e-01
7.358268499374389648e-01
6.666755676269531250e-01
5.930190682411193848e-01
5.414077639579772949e-01
5.300893783569335938e-01
4.153096675872802734e-01
3.490940630435943604e-01
2.855540513992309570e-01
5.396059155464172363e-01
4.920020103454589844e-01
5.789783596992492676e-01
6.011265516281127930e-01
5.626050829887390137e-01
5.337820649147033691e-01
6.147622466087341309e-01
6.256926059722900391e-01
5.954161286354064941e-01
5.766731500625610352e-01
6.306829452514648438e-01
6.402069926261901855e-01
0.000000000000000000e+00
1.000000000000000000e+00
0.000000000000000000e+00
0.000000000000000000e+00
0.000000000000000000e+00
