-1.000000000000000000e+00
0.000000000000000000e+00
9.712323957965886267e-02
1.812361799145476293e-01
2.204994302182711474e-01
3.283085680036280651e-01
4.639639905192332048e-01
6.684615508466688061e-01
7.992270150047443567e-01
9.214194762787649706e-01
4.796153639851686856e-01
7.183969039377821053e-01
8.714064013389312136e-01
1.000000000000000000e+00
4.494627705136520768e-01
6.558109118873501897e-01
8.002211062057643653e-01
9.254209345003722165e-01
3.761299084281521377e-01
3.815062150814024222e-01
2.734126446932962362e-01
1.774983057745406489e-01
1.000000000000000000e+00
1.000000000000000000e+00
1.000000000000000000e+00
1.000000000000000000e+00
0.000000000000000000e+00
1.000000000000000000e+00
0.000000000000000000e+00
1.575840620412006510e-01
3.121971023543675949e-01
4.385432459594534316e-01
5.427190200984290946e-01
4.719713483514114127e-01
6.727147947583920207e-01
8.057867719710958276e-01
9.161437204509088605e-01
4.905141563969608320e-01
7.188727690517754398e-01
8.739371724787331486e-01
1.000000000000000000e+00
4.780216036812224289e-01
6.941555041830064221e-01
8.295324456445266614e-01
9.420736861375672566e-01
4.465857821070017830e-01
6.220171505053835315e-01
7.366156877673899483e-01
8.382552717466439374e-01
1.000000000000000000e+00
1.000000000000000000e+00
1.000000000000000000e+00
1.000000000000000000e+00
1.000000000000000000e+00
