-1.000000000000000000e+00
0.000000000000000000e+00
8.892930640259050223e-02
1.878095937501560175e-01
2.667809396607035977e-01
3.803718917201119876e-01
4.829465682725798126e-01
6.772250742591438000e-01
7.975790157449546003e-01
9.095930682337159956e-01
5.020072489871414412e-01
7.333601125916180408e-01
8.761592565323795823e-01
1.000000000000000000e+00
4.691147572541004007e-01
6.757758805425145843e-01
8.222661127692693084e-01
9.480532702016093438e-01
3.934429169499260581e-01
4.285521725183722985e-01
3.261192057812897227e-01
2.249700449930367441e-01
1.000000000000000000e+00
1.000000000000000000e+00
1.000000000000000000e+00
1.000000000000000000e+00
0.000000000000000000e+00
1.000000000000000000e+00
0.000000000000000000e+00
1.578217011177281970e-01
3.220976546291893228e-01
4.507254019181844429e-01
5.478746267831235972e-01
4.974588098292246352e-01
6.945137469961343291e-01
8.148937759047703011e-01
9.209401863320011428e-01
5.203354127810593255e-01
7.454766430678996247e-01
8.828128672789926634e-01
1.000000000000000000e+00
5.126245258846194863e-01
7.192994992725338932e-01
8.430836889681527779e-01
9.530875478586968708e-01
4.824824133569233231e-01
6.409381146686652375e-01
7.462876882443011395e-01
8.461401685175781173e-01
1.000000000000000000e+00
1.000000000000000000e+00
1.000000000000000000e+00
1.000000000000000000e+00
1.000000000000000000e+00
