-1.000000000000000000e+00
0.000000000000000000e+00
9.674804719486082560e-02
2.028128334702224977e-01
2.776576944230679245e-01
3.810052173149723331e-01
4.949542826041961052e-01
6.909881012208106688e-01
8.103176479359613937e-01
9.202606389667064013e-01
5.114270447341064951e-01
7.397130891577862188e-01
8.804548071986003643e-01
1.000000000000000000e+00
4.751651720091810138e-01
6.764807531460199641e-01
8.189685285105574586e-01
9.405313037625067096e-01
3.949265005534536854e-01
4.234466410470287268e-01
3.214784204773180609e-01
2.222328149666404351e-01
1.000000000000000000e+00
1.000000000000000000e+00
1.000000000000000000e+00
1.000000000000000000e+00
0.000000000000000000e+00
1.000000000000000000e+00
0.000000000000000000e+00
1.579151796502260563e-01
3.225429738428888804e-01
4.545710707025577557e-01
5.554364262242166284e-01
5.015161393804149492e-01
6.942812152474074905e-01
8.127997284289342206e-01
9.199225038198336479e-01
5.230075775478464362e-01
7.430007801573395021e-01
8.794146487970149195e-01
1.000000000000000000e+00
5.132913738569123696e-01
7.155692041253788327e-01
8.387481793786707440e-01
9.505267486590792680e-01
4.813817869725985354e-01
6.395441178703049623e-01
7.446851608929153654e-01
8.456677571990084408e-01
1.000000000000000000e+00
1.000000000000000000e+00
1.000000000000000000e+00
1.000000000000000000e+00
1.000000000000000000e+00
