-1.000000000000000000e+00
0.000000000000000000e+00
1.039234600661368274e-01
2.208221829869526642e-01
2.860783386044750687e-01
3.769357585887090911e-01
4.990444461978461588e-01
6.951923513806870236e-01
8.122901066744525611e-01
9.220060261434395166e-01
5.110276432034743799e-01
7.388049061429733388e-01
8.789675220555563939e-01
1.000000000000000000e+00
4.711395253540127115e-01
6.721834251247748027e-01
8.155786685782759893e-01
9.408470594309368273e-01
3.893105054494781503e-01
4.195195173017992052e-01
3.142746281367807537e-01
2.146688177995879354e-01
1.000000000000000000e+00
1.000000000000000000e+00
1.000000000000000000e+00
1.000000000000000000e+00
0.000000000000000000e+00
1.000000000000000000e+00
0.000000000000000000e+00
1.595348462355056507e-01
3.268676722328601736e-01
4.563695619969621031e-01
5.519031181383426965e-01
5.040682898101752629e-01
7.012297786584159587e-01
8.216915592052920214e-01
9.283113082037047770e-01
5.222354237897417484e-01
7.453000802375470135e-01
8.816577736813508981e-01
1.000000000000000000e+00
5.119139234490531765e-01
7.187824723738032162e-01
8.430438791867208570e-01
9.541063297917686814e-01
4.808331803073195299e-01
6.425513261837569878e-01
7.516075462038597221e-01
8.551018630488166350e-01
1.000000000000000000e+00
1.000000000000000000e+00
1.000000000000000000e+00
1.000000000000000000e+00
1.000000000000000000e+00
