-1.000000000000000000e+00
0.000000000000000000e+00
1.217566979278087991e-01
2.697117914350207202e-01
3.586736011500115673e-01
3.433783017989782693e-01
5.163626172459119257e-01
7.067776324792377496e-01
8.289236024757885568e-01
9.319503260245940446e-01
5.025070011532246639e-01
7.384301996403119794e-01
8.853278111824443020e-01
1.000000000000000000e+00
4.364527191942392248e-01
6.094181948229477896e-01
7.569007016368026752e-01
8.755544418853059563e-01
3.329383718435888762e-01
3.595702851578116976e-01
3.254727568330880727e-01
2.938191515582897484e-01
1.000000000000000000e+00
1.000000000000000000e+00
1.000000000000000000e+00
1.000000000000000000e+00
0.000000000000000000e+00
1.000000000000000000e+00
0.000000000000000000e+00
1.396964551703682444e-01
2.869484120396743609e-01
3.879751641344865165e-01
4.751546985733388073e-01
5.037990873477962150e-01
6.923321668414805785e-01
8.081877342168675149e-01
9.098570837903428021e-01
5.037984618289863548e-01
7.265527394421027463e-01
8.734748313617952675e-01
1.000000000000000000e+00
4.688243162842951062e-01
6.800425895264035070e-01
8.217971710994902423e-01
9.474850037222152244e-01
4.036754689423169840e-01
5.507675831371574571e-01
6.621972353263972932e-01
7.655670072527499537e-01
1.000000000000000000e+00
1.000000000000000000e+00
1.000000000000000000e+00
1.000000000000000000e+00
1.000000000000000000e+00
