-1.000000000000000000e+00
0.000000000000000000e+00
1.407375009006273381e-01
2.836741700249756359e-01
3.704674478705202723e-01
3.575695267078403128e-01
5.123799933157687780e-01
7.067350427915642941e-01
8.294710225524262182e-01
9.350842991525213366e-01
4.956627814589570913e-01
7.293268724762486110e-01
8.791879424064608095e-01
1.000000000000000000e+00
4.346070264111343562e-01
5.959547125637433274e-01
7.374179947034226190e-01
8.543113656126776201e-01
3.379510221975171036e-01
3.689733433425032572e-01
3.382848335383463190e-01
3.097044457282302488e-01
1.000000000000000000e+00
1.000000000000000000e+00
1.000000000000000000e+00
1.000000000000000000e+00
0.000000000000000000e+00
1.000000000000000000e+00
0.000000000000000000e+00
1.332717611158102666e-01
2.724647174075623957e-01
3.672662346358105401e-01
4.604757402279398004e-01
4.987613873285854926e-01
6.929564511555249551e-01
8.126526844273934680e-01
9.167023954513637829e-01
4.955163405843453495e-01
7.228842434152700225e-01
8.717854301676826179e-01
1.000000000000000000e+00
4.553737965949962163e-01
6.741882624749462316e-01
8.156849329319806330e-01
9.408117021156661153e-01
3.827996419466849209e-01
5.323348679295504260e-01
6.471747022938425520e-01
7.555398314037979901e-01
1.000000000000000000e+00
1.000000000000000000e+00
1.000000000000000000e+00
1.000000000000000000e+00
1.000000000000000000e+00
