-1.000000000000000000e+00
0.000000000000000000e+00
1.975118390198201679e-01
3.311732945256029015e-01
4.114818420124351506e-01
4.546023212562504967e-01
5.319982253278379147e-01
7.100731064397826087e-01
8.436200724778533111e-01
9.540165394764630324e-01
4.981971190980084008e-01
7.216001364699770049e-01
8.732856781359172871e-01
1.000000000000000000e+00
4.151141534741001893e-01
5.874409449610680234e-01
7.207168119191125211e-01
8.331966282803408008e-01
2.935278005412859659e-01
3.620531626182229568e-01
4.131926026791734596e-01
4.547703416930065634e-01
0.000000000000000000e+00
1.000000000000000000e+00
1.000000000000000000e+00
1.000000000000000000e+00
1.000000000000000000e+00
1.000000000000000000e+00
0.000000000000000000e+00
1.656579036784623093e-01
3.207525048911039622e-01
4.416966638075590645e-01
5.396458275209087274e-01
5.048018036015053944e-01
7.035519974156073664e-01
8.402933683110068719e-01
9.530720509828815024e-01
4.993174360322139016e-01
7.247127580426555582e-01
8.743659009917054137e-01
1.000000000000000000e+00
4.627389410483273569e-01
6.716618323050012052e-01
8.129025208373027445e-01
9.283266474943803193e-01
4.022582319956197749e-01
5.339867071178183711e-01
6.277034774065655132e-01
7.088346321600305089e-01
0.000000000000000000e+00
1.000000000000000000e+00
1.000000000000000000e+00
1.000000000000000000e+00
1.000000000000000000e+00
