1.000000000000000000e+00
0.000000000000000000e+00
1.910324685195790573e-01
3.613567101809350701e-01
4.327345443408633363e-01
4.709869468025285055e-01
4.702713031399041177e-01
7.114025835139974330e-01
8.466554927985046053e-01
9.625469339193600815e-01
4.515542620455940126e-01
7.147014971928523641e-01
8.745666566322752855e-01
1.000000000000000000e+00
4.134523429171997333e-01
6.508160335798147678e-01
7.985315449378921349e-01
9.106669870699295455e-01
3.738110320522217700e-01
4.902314648151387400e-01
4.240578057387200395e-01
3.481089931925090419e-01
0.000000000000000000e+00
1.000000000000000000e+00
1.000000000000000000e+00
1.000000000000000000e+00
0.000000000000000000e+00
-1.000000000000000000e+00
0.000000000000000000e+00
1.891070770408327384e-01
3.462308624388221734e-01
4.570238013806636190e-01
5.223385621044142058e-01
4.685846648528178005e-01
6.937469757295992023e-01
8.364300534997755054e-01
9.492058860234353634e-01
4.661189098502739880e-01
7.172484117186460617e-01
8.750110437313102230e-01
1.000000000000000000e+00
4.381444778141828644e-01
6.786997622263516439e-01
8.314585055021455062e-01
9.530331542656251820e-01
4.030398387999347687e-01
5.621108033645287883e-01
6.692134795496191835e-01
7.615972138212975251e-01
1.000000000000000000e+00
1.000000000000000000e+00
1.000000000000000000e+00
1.000000000000000000e+00
1.000000000000000000e+00
