-1.000000000000000000e+00
0.000000000000000000e+00
1.371880870839760347e-01
2.855097957720432178e-01
3.738085834837144850e-01
3.839407845671758412e-01
5.067832131059102352e-01
7.052959642263902929e-01
8.336227753603377977e-01
9.400009211195353709e-01
4.908066704326228269e-01
7.316154766594165082e-01
8.810067144561936070e-01
1.000000000000000000e+00
4.298253584605399857e-01
5.856205609894714614e-01
7.081801375084384453e-01
8.161475143549603573e-01
3.299092819786200725e-01
3.666046890835958361e-01
3.439629983912165234e-01
3.259436745320906104e-01
1.000000000000000000e+00
1.000000000000000000e+00
1.000000000000000000e+00
1.000000000000000000e+00
0.000000000000000000e+00
1.000000000000000000e+00
0.000000000000000000e+00
1.323297322319328118e-01
2.783947521378586365e-01
3.731916462551290170e-01
4.496764562772771479e-01
4.879841205358770306e-01
6.764499705739437374e-01
7.966378785528187567e-01
8.954468765515545270e-01
4.972439495563533707e-01
7.210516743541355300e-01
8.760778266705452344e-01
1.000000000000000000e+00
4.724795241338493046e-01
6.943145041830006692e-01
8.436306750881881200e-01
9.678606308504578148e-01
4.232131688333339303e-01
6.004164976331743953e-01
7.254708017151620947e-01
8.367860594515365014e-01
1.000000000000000000e+00
1.000000000000000000e+00
1.000000000000000000e+00
1.000000000000000000e+00
1.000000000000000000e+00
