-1.000000000000000000e+00
0.000000000000000000e+00
9.517116329497457561e-02
1.955118879393380471e-01
2.701555945468111508e-01
3.790673227044870086e-01
4.878967854326953235e-01
6.798172862823855800e-01
7.968284726090729686e-01
9.067925313563780509e-01
5.066186578465526891e-01
7.302981610483915142e-01
8.723682642258026032e-01
1.000000000000000000e+00
4.711936354806701699e-01
6.613111387457378809e-01
8.046246501326641543e-01
9.284830902603398162e-01
3.931450151751497701e-01
4.194658644458347796e-01
3.265609413870605993e-01
2.359601205610632191e-01
1.000000000000000000e+00
1.000000000000000000e+00
1.000000000000000000e+00
1.000000000000000000e+00
0.000000000000000000e+00
1.000000000000000000e+00
0.000000000000000000e+00
1.593723626326974119e-01
3.201046776482242562e-01
4.528381873020588255e-01
5.593914236470872714e-01
4.995635369195651210e-01
6.975786669635697379e-01
8.214140865349940368e-01
9.311591046533622684e-01
5.205900762462744025e-01
7.431435691918576447e-01
8.813040818218250694e-01
1.000000000000000000e+00
5.100431235421787335e-01
7.107206845217618474e-01
8.304910162477896485e-01
9.362914483478806948e-01
4.796034619588016024e-01
6.381371472749445273e-01
7.406031321741565199e-01
8.378377433207903069e-01
1.000000000000000000e+00
1.000000000000000000e+00
1.000000000000000000e+00
1.000000000000000000e+00
1.000000000000000000e+00
