-1.000000000000000000e+00
0.000000000000000000e+00
9.280390667319993181e-02
1.918150661407283519e-01
2.710929944294334093e-01
3.828813039255112849e-01
4.882779487251860395e-01
6.834375259063359964e-01
8.030444561564206163e-01
9.128386833730037786e-01
5.071012954065473588e-01
7.344479288879710577e-01
8.769376987211401353e-01
1.000000000000000000e+00
4.712382687849029916e-01
6.686246179382555610e-01
8.142795583877131538e-01
9.374739372971446771e-01
3.925172359113568432e-01
4.297094669838582570e-01
3.367516929279952276e-01
2.430030481270932519e-01
1.000000000000000000e+00
1.000000000000000000e+00
1.000000000000000000e+00
1.000000000000000000e+00
0.000000000000000000e+00
1.000000000000000000e+00
0.000000000000000000e+00
1.598438103064432625e-01
3.193836910693576003e-01
4.527489756632653850e-01
5.601802133986129029e-01
5.037815585325892132e-01
7.015022341084808932e-01
8.234759974868178789e-01
9.327404285145308727e-01
5.240842362716450209e-01
7.451977392192750127e-01
8.814648335032922999e-01
1.000000000000000000e+00
5.127531003439725898e-01
7.140928014826340986e-01
8.336546498591360654e-01
9.421370563137353438e-01
4.808996640336875017e-01
6.402782169198099060e-01
7.422702938369887260e-01
8.408453826473047954e-01
1.000000000000000000e+00
1.000000000000000000e+00
1.000000000000000000e+00
1.000000000000000000e+00
1.000000000000000000e+00
