-1.000000000000000000e+00
0.000000000000000000e+00
9.788185770460577917e-02
2.021202284050024611e-01
2.820970549517948234e-01
3.913163596508623665e-01
4.879138706200121800e-01
6.878970523880967303e-01
8.083332096997247751e-01
9.202553937373254556e-01
5.059210216828478046e-01
7.360619486960114921e-01
8.791419492164597171e-01
1.000000000000000000e+00
4.697398591159070436e-01
6.707531926103684761e-01
8.134809687845722115e-01
9.328217414963480003e-01
3.927240012812093228e-01
4.271434903342346545e-01
3.326875738690800999e-01
2.377664695621059809e-01
1.000000000000000000e+00
1.000000000000000000e+00
1.000000000000000000e+00
1.000000000000000000e+00
0.000000000000000000e+00
1.000000000000000000e+00
0.000000000000000000e+00
1.599165543036929205e-01
3.264593947652786876e-01
4.598290795779558793e-01
5.619338752094955591e-01
5.135908517898816195e-01
7.092998328404936936e-01
8.287154881290957897e-01
9.316533535243626263e-01
5.329372283596466309e-01
7.558652070991173089e-01
8.879911023288373784e-01
1.000000000000000000e+00
5.230361287856687413e-01
7.293831453931685083e-01
8.503442057972081525e-01
9.566691811753247343e-01
4.924275939408290226e-01
6.539492380364342328e-01
7.579837038293202323e-01
8.551986946373809628e-01
1.000000000000000000e+00
1.000000000000000000e+00
1.000000000000000000e+00
1.000000000000000000e+00
1.000000000000000000e+00
