-1.000000000000000000e+00
0.000000000000000000e+00
1.082307055949652125e-01
2.187888380998423976e-01
2.949360994782166401e-01
3.861743286395294406e-01
4.965778667418840331e-01
6.954733208403766076e-01
8.111891189478311892e-01
9.168273438301053346e-01
5.108146138628762989e-01
7.398835161913985825e-01
8.807072139040708070e-01
1.000000000000000000e+00
4.715192653839880843e-01
6.679617035921308066e-01
8.080524562769253460e-01
9.240712931042953659e-01
3.910702116298426789e-01
4.312178122679725112e-01
3.428282110497352098e-01
2.505805567305052772e-01
1.000000000000000000e+00
1.000000000000000000e+00
1.000000000000000000e+00
1.000000000000000000e+00
0.000000000000000000e+00
1.000000000000000000e+00
0.000000000000000000e+00
1.665998286452086696e-01
3.401175540460000257e-01
4.690959315732442514e-01
5.626176582621925659e-01
5.131099255850600782e-01
7.085173592860158909e-01
8.281584171319756882e-01
9.319677070844982758e-01
5.326329276280409308e-01
7.560090330593925989e-01
8.878695939501372036e-01
1.000000000000000000e+00
5.242958931921735122e-01
7.312055623375581792e-01
8.510754945834305696e-01
9.529163055101149693e-01
4.950903361892747823e-01
6.607691516222607975e-01
7.661257792991483795e-01
8.595613668373603966e-01
1.000000000000000000e+00
1.000000000000000000e+00
1.000000000000000000e+00
1.000000000000000000e+00
1.000000000000000000e+00
