-1.000000000000000000e+00
0.000000000000000000e+00
1.071582689719128706e-01
2.194012413315364896e-01
2.958455908885832542e-01
3.984806867189655266e-01
4.928837379501018190e-01
6.929344441467112370e-01
8.141077370889744369e-01
9.262920886206595927e-01
5.097542664093913656e-01
7.376153553760255166e-01
8.799796825461085881e-01
1.000000000000000000e+00
4.739243119389237036e-01
6.754848625532184903e-01
8.182548554752454573e-01
9.378674839782864536e-01
3.979927470711070447e-01
4.340315556759565263e-01
3.379633274238543206e-01
2.416987780361264382e-01
1.000000000000000000e+00
1.000000000000000000e+00
1.000000000000000000e+00
1.000000000000000000e+00
0.000000000000000000e+00
1.000000000000000000e+00
0.000000000000000000e+00
1.641707059106550792e-01
3.261676604734342066e-01
4.524870749874112530e-01
5.514470199463646916e-01
5.002289655710904226e-01
6.933060514378528438e-01
8.138318414828351610e-01
9.204850047885221320e-01
5.198894928113344527e-01
7.421883924353641637e-01
8.794122071233088089e-01
1.000000000000000000e+00
5.102349112343612658e-01
7.150977960326854177e-01
8.365093993656739224e-01
9.461886956878743371e-01
4.801525359943205062e-01
6.415374954509510674e-01
7.461018466516140535e-01
8.462745217757974281e-01
1.000000000000000000e+00
1.000000000000000000e+00
1.000000000000000000e+00
1.000000000000000000e+00
1.000000000000000000e+00
