-1.000000000000000000e+00
0.000000000000000000e+00
1.041713397277971298e-01
2.160590768659985395e-01
2.960584339170966306e-01
3.993507148111931082e-01
4.985459825975734338e-01
7.002826382917678449e-01
8.207680899196043711e-01
9.316113805918897484e-01
5.114012665893962195e-01
7.381880610656353925e-01
8.778933930090406790e-01
1.000000000000000000e+00
4.736039812980182839e-01
6.722940022624543932e-01
8.167613491436963580e-01
9.432047245195055440e-01
3.943631656858060386e-01
4.336022183841131694e-01
3.336489447350999837e-01
2.364452813418981836e-01
1.000000000000000000e+00
1.000000000000000000e+00
1.000000000000000000e+00
1.000000000000000000e+00
0.000000000000000000e+00
1.000000000000000000e+00
0.000000000000000000e+00
1.612193355241518800e-01
3.232078744897237121e-01
4.519273673088142762e-01
5.539643183237381585e-01
4.982703177868426647e-01
6.908638417398915710e-01
8.091946960727905980e-01
9.170285045872471619e-01
5.210879833758961244e-01
7.407769758714582986e-01
8.776285108254335832e-01
1.000000000000000000e+00
5.125467133842893652e-01
7.169867022334391882e-01
8.399924377855180202e-01
9.522945963290947446e-01
4.822124608661383371e-01
6.445631716624692364e-01
7.515809571973749437e-01
8.551818837016958996e-01
1.000000000000000000e+00
1.000000000000000000e+00
1.000000000000000000e+00
1.000000000000000000e+00
1.000000000000000000e+00
