-1.000000000000000000e+00
0.000000000000000000e+00
1.034312602086306099e-01
2.150753726687945899e-01
2.941464905124818729e-01
3.978682940710949190e-01
4.947861760707072398e-01
6.947215936896519173e-01
8.147942741572955505e-01
9.264795993464578494e-01
5.093229447617195760e-01
7.357462921903975550e-01
8.768046632887390723e-01
1.000000000000000000e+00
4.729696990993792483e-01
6.727709894604345653e-01
8.166374773287310429e-01
9.413398775512924477e-01
3.956365723155660929e-01
4.352349116398305795e-01
3.365955588626832751e-01
2.398900836511096979e-01
1.000000000000000000e+00
1.000000000000000000e+00
1.000000000000000000e+00
1.000000000000000000e+00
0.000000000000000000e+00
1.000000000000000000e+00
0.000000000000000000e+00
1.622921106608468111e-01
3.231581104433368656e-01
4.503052090385946671e-01
5.507254582186632552e-01
5.005183971454127967e-01
6.937815838588217154e-01
8.119453853472675675e-01
9.190456381382146045e-01
5.218477639457367312e-01
7.413589534133562253e-01
8.778979411901581820e-01
1.000000000000000000e+00
5.124749443773596314e-01
7.157924164122936306e-01
8.398595868969913614e-01
9.532606054320467148e-01
4.816797932262570914e-01
6.437636903243548758e-01
7.510248694033518913e-01
8.551468262926970043e-01
1.000000000000000000e+00
1.000000000000000000e+00
1.000000000000000000e+00
1.000000000000000000e+00
1.000000000000000000e+00
