-1.000000000000000000e+00
0.000000000000000000e+00
1.058198666181727615e-01
2.159134372127127222e-01
2.879017940104340867e-01
3.734206896161548772e-01
4.933208225889174070e-01
6.893379755220876426e-01
8.058302549402812653e-01
9.101453825974845646e-01
5.035269719892880858e-01
7.354492203528917305e-01
8.794974692100669955e-01
1.000000000000000000e+00
4.599361126123419630e-01
6.520038771579970138e-01
7.870729581318436363e-01
8.984466894972586992e-01
3.749375477803004175e-01
4.102326930578075181e-01
3.284355502027000995e-01
2.400361337815976048e-01
1.000000000000000000e+00
1.000000000000000000e+00
1.000000000000000000e+00
1.000000000000000000e+00
0.000000000000000000e+00
1.000000000000000000e+00
0.000000000000000000e+00
1.601105446801203702e-01
3.292263835419784179e-01
4.658964983354200173e-01
5.697324943539231468e-01
5.135944336191613502e-01
7.083499834566756581e-01
8.301382195578220768e-01
9.381690487597477146e-01
5.281993894600593986e-01
7.504921528837894540e-01
8.850835526490887784e-01
1.000000000000000000e+00
5.102609914871256702e-01
7.210415056308817627e-01
8.465501707858914537e-01
9.595386948081652267e-01
4.692966909121000230e-01
6.285387931807665529e-01
7.337112459000694198e-01
8.335924049361707056e-01
1.000000000000000000e+00
1.000000000000000000e+00
1.000000000000000000e+00
1.000000000000000000e+00
1.000000000000000000e+00
