-1.000000000000000000e+00
0.000000000000000000e+00
1.080484688070559585e-01
2.178660398383923669e-01
2.888658724993847793e-01
3.685588992997881341e-01
5.030122257315854384e-01
7.021625833235709546e-01
8.192633324921984039e-01
9.278038081970600981e-01
5.148604977305596408e-01
7.432603437909431898e-01
8.833343009700679316e-01
1.000000000000000000e+00
4.721241107966624995e-01
6.620461283880718639e-01
7.889104721388517927e-01
8.895009757829933639e-01
3.886075188038122241e-01
4.335215273207893572e-01
3.561898878428912951e-01
2.690576552835826085e-01
1.000000000000000000e+00
1.000000000000000000e+00
1.000000000000000000e+00
1.000000000000000000e+00
0.000000000000000000e+00
1.000000000000000000e+00
0.000000000000000000e+00
1.614518904272546906e-01
3.303317325077155253e-01
4.714860931836438174e-01
5.785486893567686195e-01
5.035584580505789720e-01
6.958633379282831433e-01
8.200048795574477190e-01
9.316668842745458035e-01
5.133326947972013388e-01
7.398372308189271607e-01
8.777731769660199745e-01
1.000000000000000000e+00
4.892392357645932721e-01
7.054372708426835947e-01
8.380783084995312437e-01
9.571243357211528524e-01
4.418589635827316897e-01
6.069520603746187959e-01
7.173493223461268053e-01
8.190776740173636439e-01
1.000000000000000000e+00
1.000000000000000000e+00
1.000000000000000000e+00
1.000000000000000000e+00
1.000000000000000000e+00
