-1.000000000000000000e+00
0.000000000000000000e+00
1.086809520168167120e-01
2.287591380790158224e-01
3.065993095720324080e-01
3.895035728999473035e-01
5.093992689108365335e-01
7.029626812427035576e-01
8.197282611586143020e-01
9.281623310074457178e-01
5.174274901151393324e-01
7.467273157026843577e-01
8.844957490606136785e-01
1.000000000000000000e+00
4.714353301173233590e-01
6.626574638621961499e-01
7.923077210689403183e-01
8.981937666180180857e-01
3.866150262063095533e-01
4.282959316255399718e-01
3.434691961452925879e-01
2.546874812949126432e-01
1.000000000000000000e+00
1.000000000000000000e+00
1.000000000000000000e+00
1.000000000000000000e+00
0.000000000000000000e+00
1.000000000000000000e+00
0.000000000000000000e+00
1.603199634758630809e-01
3.279996683665755697e-01
4.634890673274288386e-01
5.606043905227102719e-01
5.140272139193952095e-01
7.115731471870329061e-01
8.357911113756039123e-01
9.427193484215484753e-01
5.225162623900247993e-01
7.461771762965787591e-01
8.838929756561854090e-01
1.000000000000000000e+00
4.989342974697049127e-01
7.094435276349130293e-01
8.380728818868604657e-01
9.540388175651610680e-01
4.548927594772563254e-01
6.115529535484925949e-01
7.178809598507260858e-01
8.211912813664311583e-01
1.000000000000000000e+00
1.000000000000000000e+00
1.000000000000000000e+00
1.000000000000000000e+00
1.000000000000000000e+00
