-1.000000000000000000e+00
0.000000000000000000e+00
1.116703140735884198e-01
2.334425544108195416e-01
3.076197157045005848e-01
3.920972081195945869e-01
5.079065781395897261e-01
7.046626206411079618e-01
8.198833426945594249e-01
9.283801020287227868e-01
5.166752454726722954e-01
7.414805416442554753e-01
8.822206654937867487e-01
1.000000000000000000e+00
4.712922196500944350e-01
6.661584031036241749e-01
7.998942564968986035e-01
9.101025847752012288e-01
3.873882518632877359e-01
4.406430422317442197e-01
3.480953977783774467e-01
2.539437020935541578e-01
1.000000000000000000e+00
1.000000000000000000e+00
1.000000000000000000e+00
1.000000000000000000e+00
0.000000000000000000e+00
1.000000000000000000e+00
0.000000000000000000e+00
1.595397307874654447e-01
3.281999635045951824e-01
4.578369821301774834e-01
5.521261527773466682e-01
5.144509967442250087e-01
7.122333614071645336e-01
8.358595390471101894e-01
9.439291822905063745e-01
5.244973824728819123e-01
7.503075727767709591e-01
8.855732409434681207e-01
1.000000000000000000e+00
5.040778723520600302e-01
7.131974247377482756e-01
8.432412205573486252e-01
9.598098118123083999e-01
4.632083167175498062e-01
6.188424637103046022e-01
7.261339047792010337e-01
8.276530672690393109e-01
1.000000000000000000e+00
1.000000000000000000e+00
1.000000000000000000e+00
1.000000000000000000e+00
1.000000000000000000e+00
