-1.000000000000000000e+00
0.000000000000000000e+00
1.190894746242627394e-01
2.494842040111274750e-01
3.296625495493286651e-01
4.197577640039960034e-01
5.108578166402012455e-01
7.024098355905024071e-01
8.254701618270072760e-01
9.380920863338736426e-01
5.189568984243173588e-01
7.429884562627389055e-01
8.835770417962474088e-01
1.000000000000000000e+00
4.709644207022830598e-01
6.713481958034679398e-01
8.116693811207269516e-01
9.248246066829888257e-01
3.863250162226158912e-01
4.446174609737779115e-01
3.636834410048115918e-01
2.787824265038272853e-01
1.000000000000000000e+00
1.000000000000000000e+00
1.000000000000000000e+00
1.000000000000000000e+00
0.000000000000000000e+00
1.000000000000000000e+00
0.000000000000000000e+00
1.519990507873224261e-01
3.242822039857060079e-01
4.566051055364770406e-01
5.507165569729939314e-01
5.152480493380185989e-01
7.140710504770089173e-01
8.371828357479725868e-01
9.451214597046653232e-01
5.239909557878722479e-01
7.454168696162335461e-01
8.827424837213755371e-01
1.000000000000000000e+00
5.024261298881185223e-01
7.127349322286388178e-01
8.397363695530704053e-01
9.559053103882217961e-01
4.576999217204947845e-01
6.160864852793500601e-01
7.225439965791969898e-01
8.242858180230044907e-01
1.000000000000000000e+00
1.000000000000000000e+00
1.000000000000000000e+00
1.000000000000000000e+00
1.000000000000000000e+00
