-1.000000000000000000e+00
3.842884302139282227e-01
4.684412479400634766e-01
5.417925715446472168e-01
5.843038558959960938e-01
5.613418817520141602e-01
5.133728384971618652e-01
5.308576226234436035e-01
5.149679183959960938e-01
5.073834657669067383e-01
4.666604697704315186e-01
4.811339974403381348e-01
4.675242602825164795e-01
4.686564207077026367e-01
4.185374379158020020e-01
4.309492409229278564e-01
4.276099503040313721e-01
4.240930080413818359e-01
3.705301582813262939e-01
3.612768650054931641e-01
3.578448295593261719e-01
3.573384881019592285e-01
7.164754271507263184e-01
6.965570449829101562e-01
6.331300735473632812e-01
5.589535236358642578e-01
5.059705972671508789e-01
5.254465937614440918e-01
4.702562987804412842e-01
5.461193323135375977e-01
5.618010163307189941e-01
5.036577582359313965e-01
4.563881754875183105e-01
5.485277175903320312e-01
5.454366207122802734e-01
4.924745261669158936e-01
4.421410262584686279e-01
5.307872295379638672e-01
5.591898560523986816e-01
4.812535941600799561e-01
3.853087425231933594e-01
3.327388167381286621e-01
2.684573233127593994e-01
1.000000000000000000e+00
0.000000000000000000e+00
0.000000000000000000e+00
0.000000000000000000e+00
1.000000000000000000e+00
0.000000000000000000e+00
0.000000000000000000e+00
0.000000000000000000e+00
0.000000000000000000e+00
0.000000000000000000e+00
0.000000000000000000e+00
0.000000000000000000e+00
0.000000000000000000e+00
0.000000000000000000e+00
0.000000000000000000e+00
0.000000000000000000e+00
0.000000000000000000e+00
0.000000000000000000e+00
0.000000000000000000e+00
0.000000000000000000e+00
0.000000000000000000e+00
0.000000000000000000e+00
0.000000000000000000e+00
0.000000000000000000e+00
0.000000000000000000e+00
0.000000000000000000e+00
0.000000000000000000e+00
0.000000000000000000e+00
0.000000000000000000e+00
0.000000000000000000e+00
0.000000000000000000e+00
0.000000000000000000e+00
0.000000000000000000e+00
0.000000000000000000e+00
0.000000000000000000e+00
0.000000000000000000e+00
0.000000000000000000e+00
0.000000000000000000e+00
0.000000000000000000e+00
0.000000000000000000e+00
0.000000000000000000e+00
0.000000000000000000e+00
0.000000000000000000e+00
0.000000000000000000e+00
0.000000000000000000e+00
0.000000000000000000e+00
0.000000000000000000e+00
0.000000000000000000e+00
0.000000000000000000e+00
0.000000000000000000e+00
0.000000000000000000e+00
0.000000000000000000e+00
0.000000000000000000e+00
