1.000000000000000000e+00
0.000000000000000000e+00
1.875242636766083215e-01
3.405668795485355949e-01
4.202578809301835694e-01
4.558981431153892316e-01
4.756880511678693857e-01
6.981405863020408997e-01
8.374226988037636321e-01
9.453209973582910042e-01
4.770520078440253497e-01
7.278467802103536499e-01
8.833894467343514911e-01
1.000000000000000000e+00
4.460826466461826345e-01
6.839730008039620612e-01
8.323804664389499175e-01
9.414982910196607602e-01
3.961827122907439769e-01
5.624528716867047695e-01
6.648676215423013902e-01
7.503438481967443785e-01
0.000000000000000000e+00
1.000000000000000000e+00
1.000000000000000000e+00
1.000000000000000000e+00
1.000000000000000000e+00
0.000000000000000000e+00
0.000000000000000000e+00
0.000000000000000000e+00
0.000000000000000000e+00
0.000000000000000000e+00
0.000000000000000000e+00
0.000000000000000000e+00
0.000000000000000000e+00
0.000000000000000000e+00
0.000000000000000000e+00
0.000000000000000000e+00
0.000000000000000000e+00
0.000000000000000000e+00
0.000000000000000000e+00
0.000000000000000000e+00
0.000000000000000000e+00
0.000000000000000000e+00
0.000000000000000000e+00
0.000000000000000000e+00
0.000000000000000000e+00
0.000000000000000000e+00
0.000000000000000000e+00
0.000000000000000000e+00
0.000000000000000000e+00
0.000000000000000000e+00
0.000000000000000000e+00
0.000000000000000000e+00
