1.000000000000000000e+00
0.000000000000000000e+00
2.064045053509719896e-01
3.602091409107724962e-01
4.606420588641779168e-01
5.169352294862707975e-01
4.665955572758233028e-01
7.027196144079728146e-01
8.455304664796444714e-01
9.546926507780313376e-01
4.589412935209898348e-01
7.329580838383241703e-01
8.888132505006931527e-01
1.000000000000000000e+00
4.311409322486439155e-01
6.849952064827498077e-01
8.403945776239916121e-01
9.525666291894367976e-01
3.920812588160681456e-01
5.686736456239089854e-01
6.730274013908951192e-01
7.614039562986564258e-01
0.000000000000000000e+00
1.000000000000000000e+00
1.000000000000000000e+00
1.000000000000000000e+00
1.000000000000000000e+00
0.000000000000000000e+00
0.000000000000000000e+00
0.000000000000000000e+00
0.000000000000000000e+00
0.000000000000000000e+00
0.000000000000000000e+00
0.000000000000000000e+00
0.000000000000000000e+00
0.000000000000000000e+00
0.000000000000000000e+00
0.000000000000000000e+00
0.000000000000000000e+00
0.000000000000000000e+00
0.000000000000000000e+00
0.000000000000000000e+00
0.000000000000000000e+00
0.000000000000000000e+00
0.000000000000000000e+00
0.000000000000000000e+00
0.000000000000000000e+00
0.000000000000000000e+00
0.000000000000000000e+00
0.000000000000000000e+00
0.000000000000000000e+00
0.000000000000000000e+00
0.000000000000000000e+00
0.000000000000000000e+00
