1.000000000000000000e+00
0.000000000000000000e+00
2.015363802427425077e-01
3.857081048168091719e-01
5.330156295705983371e-01
6.487229482538814374e-01
4.618518349647799393e-01
6.673627464200069248e-01
8.067080058449414004e-01
9.187875899214116293e-01
4.516409222670705326e-01
6.987925428446875031e-01
8.638604416913333583e-01
1.000000000000000000e+00
4.096239394389775135e-01
6.500088069078192587e-01
8.152378374945563611e-01
9.463431508099795497e-01
3.552312459779732867e-01
5.004785699526465015e-01
6.064606766386813064e-01
6.955675652738807502e-01
0.000000000000000000e+00
1.000000000000000000e+00
1.000000000000000000e+00
1.000000000000000000e+00
1.000000000000000000e+00
0.000000000000000000e+00
0.000000000000000000e+00
0.000000000000000000e+00
0.000000000000000000e+00
0.000000000000000000e+00
0.000000000000000000e+00
0.000000000000000000e+00
0.000000000000000000e+00
0.000000000000000000e+00
0.000000000000000000e+00
0.000000000000000000e+00
0.000000000000000000e+00
0.000000000000000000e+00
0.000000000000000000e+00
0.000000000000000000e+00
0.000000000000000000e+00
0.000000000000000000e+00
0.000000000000000000e+00
0.000000000000000000e+00
0.000000000000000000e+00
0.000000000000000000e+00
0.000000000000000000e+00
0.000000000000000000e+00
0.000000000000000000e+00
0.000000000000000000e+00
0.000000000000000000e+00
0.000000000000000000e+00
