-1.000000000000000000e+00
0.000000000000000000e+00
1.281977911050492247e-01
2.743936498586665440e-01
3.609101740301843275e-01
3.869077770775282143e-01
4.901266355506427863e-01
6.872450933112486116e-01
8.091132438812859151e-01
9.113603915012210566e-01
5.171392850337190872e-01
7.423960169004208964e-01
8.865922724082279105e-01
1.000000000000000000e+00
4.959617796902259790e-01
6.947607971362390611e-01
8.318677080546256208e-01
9.448518146683114738e-01
4.431708663663121994e-01
5.829508387879790421e-01
6.782240404375000642e-01
7.676728295493226994e-01
1.000000000000000000e+00
1.000000000000000000e+00
1.000000000000000000e+00
1.000000000000000000e+00
1.000000000000000000e+00
0.000000000000000000e+00
0.000000000000000000e+00
0.000000000000000000e+00
0.000000000000000000e+00
0.000000000000000000e+00
0.000000000000000000e+00
0.000000000000000000e+00
0.000000000000000000e+00
0.000000000000000000e+00
0.000000000000000000e+00
0.000000000000000000e+00
0.000000000000000000e+00
0.000000000000000000e+00
0.000000000000000000e+00
0.000000000000000000e+00
0.000000000000000000e+00
0.000000000000000000e+00
0.000000000000000000e+00
0.000000000000000000e+00
0.000000000000000000e+00
0.000000000000000000e+00
0.000000000000000000e+00
0.000000000000000000e+00
0.000000000000000000e+00
0.000000000000000000e+00
0.000000000000000000e+00
0.000000000000000000e+00
