-1.000000000000000000e+00
0.000000000000000000e+00
1.276377450536885783e-01
2.725112624008822482e-01
3.562979610227331451e-01
3.844686754747449475e-01
4.820688217247720564e-01
6.743171501277420710e-01
7.973163885284467733e-01
9.013176581024398004e-01
5.114342365697087667e-01
7.360930011325745870e-01
8.827433909525006506e-01
1.000000000000000000e+00
4.913798572151099053e-01
6.940353731933691650e-01
8.350197632004778825e-01
9.535541405415124405e-01
4.378657271533682449e-01
5.792225354000005710e-01
6.772978521975266952e-01
7.711341003840955777e-01
1.000000000000000000e+00
1.000000000000000000e+00
1.000000000000000000e+00
1.000000000000000000e+00
1.000000000000000000e+00
0.000000000000000000e+00
0.000000000000000000e+00
0.000000000000000000e+00
0.000000000000000000e+00
0.000000000000000000e+00
0.000000000000000000e+00
0.000000000000000000e+00
0.000000000000000000e+00
0.000000000000000000e+00
0.000000000000000000e+00
0.000000000000000000e+00
0.000000000000000000e+00
0.000000000000000000e+00
0.000000000000000000e+00
0.000000000000000000e+00
0.000000000000000000e+00
0.000000000000000000e+00
0.000000000000000000e+00
0.000000000000000000e+00
0.000000000000000000e+00
0.000000000000000000e+00
0.000000000000000000e+00
0.000000000000000000e+00
0.000000000000000000e+00
0.000000000000000000e+00
0.000000000000000000e+00
0.000000000000000000e+00
