-1.000000000000000000e+00
0.000000000000000000e+00
1.409461988477155314e-01
3.187854334834167025e-01
4.015470306133707146e-01
3.672204580862146184e-01
5.021769960463546845e-01
6.966505331211512164e-01
8.185787931586512300e-01
9.241639171563423849e-01
5.167336337513249722e-01
7.358031002483716998e-01
8.808352741912257589e-01
1.000000000000000000e+00
4.885400413195378211e-01
6.905529620915197286e-01
8.295532617492661354e-01
9.429862868679809162e-01
4.317383712860266010e-01
5.899440517133797135e-01
6.892872260226400316e-01
7.777889844869295688e-01
1.000000000000000000e+00
1.000000000000000000e+00
1.000000000000000000e+00
1.000000000000000000e+00
1.000000000000000000e+00
0.000000000000000000e+00
0.000000000000000000e+00
0.000000000000000000e+00
0.000000000000000000e+00
0.000000000000000000e+00
0.000000000000000000e+00
0.000000000000000000e+00
0.000000000000000000e+00
0.000000000000000000e+00
0.000000000000000000e+00
0.000000000000000000e+00
0.000000000000000000e+00
0.000000000000000000e+00
0.000000000000000000e+00
0.000000000000000000e+00
0.000000000000000000e+00
0.000000000000000000e+00
0.000000000000000000e+00
0.000000000000000000e+00
0.000000000000000000e+00
0.000000000000000000e+00
0.000000000000000000e+00
0.000000000000000000e+00
0.000000000000000000e+00
0.000000000000000000e+00
0.000000000000000000e+00
0.000000000000000000e+00
