-1.000000000000000000e+00
0.000000000000000000e+00
1.388512246835706676e-01
3.084622103278517602e-01
4.033753128256109544e-01
4.053344818185574128e-01
5.029717310210660708e-01
6.916091580574383890e-01
8.138800540825907870e-01
9.221321085849947252e-01
5.150583448171269785e-01
7.294516918696056784e-01
8.751328735336474374e-01
1.000000000000000000e+00
4.871014157806195510e-01
6.900000280707557776e-01
8.345922320029024455e-01
9.586063932393636966e-01
4.333552069103861482e-01
5.929144340735050811e-01
7.055828018824092940e-01
8.130792293652419067e-01
1.000000000000000000e+00
1.000000000000000000e+00
1.000000000000000000e+00
1.000000000000000000e+00
1.000000000000000000e+00
0.000000000000000000e+00
0.000000000000000000e+00
0.000000000000000000e+00
0.000000000000000000e+00
0.000000000000000000e+00
0.000000000000000000e+00
0.000000000000000000e+00
0.000000000000000000e+00
0.000000000000000000e+00
0.000000000000000000e+00
0.000000000000000000e+00
0.000000000000000000e+00
0.000000000000000000e+00
0.000000000000000000e+00
0.000000000000000000e+00
0.000000000000000000e+00
0.000000000000000000e+00
0.000000000000000000e+00
0.000000000000000000e+00
0.000000000000000000e+00
0.000000000000000000e+00
0.000000000000000000e+00
0.000000000000000000e+00
0.000000000000000000e+00
0.000000000000000000e+00
0.000000000000000000e+00
0.000000000000000000e+00
