-1.000000000000000000e+00
0.000000000000000000e+00
1.408277812451086963e-01
3.078237886145600566e-01
3.984811509182188960e-01
4.027834123879519557e-01
5.076556777032384948e-01
7.061504112479101147e-01
8.243996875287584736e-01
9.294936875374824048e-01
5.222797963984470160e-01
7.448362056816845156e-01
8.850424989889014160e-01
1.000000000000000000e+00
4.974264915398641795e-01
7.072986899172465369e-01
8.438798984413811155e-01
9.559824381644361768e-01
4.447500245361228899e-01
6.078545610033789792e-01
7.171647610647891025e-01
8.157072884358949061e-01
1.000000000000000000e+00
1.000000000000000000e+00
1.000000000000000000e+00
1.000000000000000000e+00
1.000000000000000000e+00
0.000000000000000000e+00
0.000000000000000000e+00
0.000000000000000000e+00
0.000000000000000000e+00
0.000000000000000000e+00
0.000000000000000000e+00
0.000000000000000000e+00
0.000000000000000000e+00
0.000000000000000000e+00
0.000000000000000000e+00
0.000000000000000000e+00
0.000000000000000000e+00
0.000000000000000000e+00
0.000000000000000000e+00
0.000000000000000000e+00
0.000000000000000000e+00
0.000000000000000000e+00
0.000000000000000000e+00
0.000000000000000000e+00
0.000000000000000000e+00
0.000000000000000000e+00
0.000000000000000000e+00
0.000000000000000000e+00
0.000000000000000000e+00
0.000000000000000000e+00
0.000000000000000000e+00
0.000000000000000000e+00
