-1.000000000000000000e+00
0.000000000000000000e+00
1.724760054815255850e-01
3.617209224472683893e-01
5.212674340473687495e-01
6.166703745238388823e-01
5.182244453434780018e-01
7.307473778535102937e-01
8.768991813253254053e-01
1.000000000000000000e+00
5.007176032121022358e-01
5.818059117872680375e-01
4.001243197878681657e-01
3.295085797130975491e-01
4.758424178827729834e-01
5.591765429275589172e-01
4.044384512492492090e-01
3.303289217365603103e-01
4.636371261958812107e-01
6.584366178373236567e-01
7.694528516288314801e-01
8.986454544423452262e-01
0.000000000000000000e+00
1.000000000000000000e+00
0.000000000000000000e+00
0.000000000000000000e+00
1.000000000000000000e+00
0.000000000000000000e+00
0.000000000000000000e+00
0.000000000000000000e+00
0.000000000000000000e+00
0.000000000000000000e+00
0.000000000000000000e+00
0.000000000000000000e+00
0.000000000000000000e+00
0.000000000000000000e+00
0.000000000000000000e+00
0.000000000000000000e+00
0.000000000000000000e+00
0.000000000000000000e+00
0.000000000000000000e+00
0.000000000000000000e+00
0.000000000000000000e+00
0.000000000000000000e+00
0.000000000000000000e+00
0.000000000000000000e+00
0.000000000000000000e+00
0.000000000000000000e+00
0.000000000000000000e+00
0.000000000000000000e+00
0.000000000000000000e+00
0.000000000000000000e+00
0.000000000000000000e+00
0.000000000000000000e+00
