1.000000000000000000e+00
0.000000000000000000e+00
1.761118480314536605e-01
3.508365396337644881e-01
4.871910408416771365e-01
5.668087179256007246e-01
5.045500823659609946e-01
7.355497604041141280e-01
8.813822430248602346e-01
1.000000000000000000e+00
5.217261706335941662e-01
5.594968478301457493e-01
4.658476722673425829e-01
4.004772185722694777e-01
4.942409954890523149e-01
5.372675000045190608e-01
4.496885995048293672e-01
3.898915267519856287e-01
4.666577648475080387e-01
6.661602064663654232e-01
7.726880407368020842e-01
8.624549868820733378e-01
1.000000000000000000e+00
1.000000000000000000e+00
0.000000000000000000e+00
0.000000000000000000e+00
1.000000000000000000e+00
0.000000000000000000e+00
0.000000000000000000e+00
0.000000000000000000e+00
0.000000000000000000e+00
0.000000000000000000e+00
0.000000000000000000e+00
0.000000000000000000e+00
0.000000000000000000e+00
0.000000000000000000e+00
0.000000000000000000e+00
0.000000000000000000e+00
0.000000000000000000e+00
0.000000000000000000e+00
0.000000000000000000e+00
0.000000000000000000e+00
0.000000000000000000e+00
0.000000000000000000e+00
0.000000000000000000e+00
0.000000000000000000e+00
0.000000000000000000e+00
0.000000000000000000e+00
0.000000000000000000e+00
0.000000000000000000e+00
0.000000000000000000e+00
0.000000000000000000e+00
0.000000000000000000e+00
0.000000000000000000e+00
