-1.000000000000000000e+00
0.000000000000000000e+00
1.650108660254361315e-01
3.570348815855728386e-01
5.247894888386079870e-01
6.331396062864609320e-01
5.306363829970702772e-01
7.393276265549321158e-01
8.816499593336097895e-01
1.000000000000000000e+00
5.105898878110421979e-01
5.969693356895467984e-01
4.104125594410404920e-01
3.641474781917529158e-01
4.816717903020647507e-01
5.584786809388978535e-01
4.038777953942173093e-01
3.462660929458645231e-01
4.686692297333365786e-01
6.559722573981452420e-01
7.608401642257097697e-01
8.804111120652677869e-01
0.000000000000000000e+00
1.000000000000000000e+00
0.000000000000000000e+00
0.000000000000000000e+00
1.000000000000000000e+00
0.000000000000000000e+00
0.000000000000000000e+00
0.000000000000000000e+00
0.000000000000000000e+00
0.000000000000000000e+00
0.000000000000000000e+00
0.000000000000000000e+00
0.000000000000000000e+00
0.000000000000000000e+00
0.000000000000000000e+00
0.000000000000000000e+00
0.000000000000000000e+00
0.000000000000000000e+00
0.000000000000000000e+00
0.000000000000000000e+00
0.000000000000000000e+00
0.000000000000000000e+00
0.000000000000000000e+00
0.000000000000000000e+00
0.000000000000000000e+00
0.000000000000000000e+00
0.000000000000000000e+00
0.000000000000000000e+00
0.000000000000000000e+00
0.000000000000000000e+00
0.000000000000000000e+00
0.000000000000000000e+00
