-1.000000000000000000e+00
0.000000000000000000e+00
1.711866947053055643e-01
3.520946565653993443e-01
5.128620735026601096e-01
6.322864934260074010e-01
5.342016380547949250e-01
7.334981129366688890e-01
8.749055223031102502e-01
1.000000000000000000e+00
5.053531772486948848e-01
5.925103384665610928e-01
3.826211797676675186e-01
3.668998962852113577e-01
4.744640920361498648e-01
5.483745309437773052e-01
3.747926429592981501e-01
3.358409944423322857e-01
4.570796956126637056e-01
6.448233334374847692e-01
7.448405535139023259e-01
8.668520443342572213e-01
0.000000000000000000e+00
1.000000000000000000e+00
0.000000000000000000e+00
0.000000000000000000e+00
1.000000000000000000e+00
0.000000000000000000e+00
0.000000000000000000e+00
0.000000000000000000e+00
0.000000000000000000e+00
0.000000000000000000e+00
0.000000000000000000e+00
0.000000000000000000e+00
0.000000000000000000e+00
0.000000000000000000e+00
0.000000000000000000e+00
0.000000000000000000e+00
0.000000000000000000e+00
0.000000000000000000e+00
0.000000000000000000e+00
0.000000000000000000e+00
0.000000000000000000e+00
0.000000000000000000e+00
0.000000000000000000e+00
0.000000000000000000e+00
0.000000000000000000e+00
0.000000000000000000e+00
0.000000000000000000e+00
0.000000000000000000e+00
0.000000000000000000e+00
0.000000000000000000e+00
0.000000000000000000e+00
0.000000000000000000e+00
