-1.000000000000000000e+00
0.000000000000000000e+00
1.717222488293587701e-01
3.601334740713927340e-01
5.248171648777599785e-01
6.417385853743983182e-01
5.423259271432891993e-01
7.392900219463994782e-01
8.775049680789253070e-01
1.000000000000000000e+00
5.137006135788366734e-01
5.921924115731767024e-01
3.835990177075456753e-01
3.609477562954944707e-01
4.813889162584598647e-01
5.459585596822028597e-01
3.716210969516731133e-01
3.296290633909674250e-01
4.621710237453757197e-01
6.514228410124490720e-01
7.476866731532587629e-01
8.695547809910807446e-01
0.000000000000000000e+00
1.000000000000000000e+00
0.000000000000000000e+00
0.000000000000000000e+00
1.000000000000000000e+00
0.000000000000000000e+00
0.000000000000000000e+00
0.000000000000000000e+00
0.000000000000000000e+00
0.000000000000000000e+00
0.000000000000000000e+00
0.000000000000000000e+00
0.000000000000000000e+00
0.000000000000000000e+00
0.000000000000000000e+00
0.000000000000000000e+00
0.000000000000000000e+00
0.000000000000000000e+00
0.000000000000000000e+00
0.000000000000000000e+00
0.000000000000000000e+00
0.000000000000000000e+00
0.000000000000000000e+00
0.000000000000000000e+00
0.000000000000000000e+00
0.000000000000000000e+00
0.000000000000000000e+00
0.000000000000000000e+00
0.000000000000000000e+00
0.000000000000000000e+00
0.000000000000000000e+00
0.000000000000000000e+00
