1.000000000000000000e+00
0.000000000000000000e+00
1.910231483248565620e-01
3.683672792172264510e-01
4.863327501481471971e-01
5.531048951365256094e-01
5.072822099700114995e-01
7.431659384463188411e-01
8.804532109180969179e-01
1.000000000000000000e+00
4.930805611960949464e-01
5.853073525206387018e-01
5.195523840999582976e-01
4.906450357401591078e-01
4.759763298020729949e-01
5.813882441690101377e-01
5.061655987359872100e-01
4.596132501392503067e-01
4.757661217906812845e-01
6.517101982036054286e-01
7.296980362320901747e-01
7.976884693737782417e-01
0.000000000000000000e+00
1.000000000000000000e+00
0.000000000000000000e+00
0.000000000000000000e+00
1.000000000000000000e+00
0.000000000000000000e+00
0.000000000000000000e+00
0.000000000000000000e+00
0.000000000000000000e+00
0.000000000000000000e+00
0.000000000000000000e+00
0.000000000000000000e+00
0.000000000000000000e+00
0.000000000000000000e+00
0.000000000000000000e+00
0.000000000000000000e+00
0.000000000000000000e+00
0.000000000000000000e+00
0.000000000000000000e+00
0.000000000000000000e+00
0.000000000000000000e+00
0.000000000000000000e+00
0.000000000000000000e+00
0.000000000000000000e+00
0.000000000000000000e+00
0.000000000000000000e+00
0.000000000000000000e+00
0.000000000000000000e+00
0.000000000000000000e+00
0.000000000000000000e+00
0.000000000000000000e+00
0.000000000000000000e+00
