-1.000000000000000000e+00
0.000000000000000000e+00
1.441848411277861786e-01
2.963717245974764047e-01
4.256735190956142389e-01
5.263893367118480660e-01
4.876439178337553249e-01
6.924058040842213657e-01
8.085003670731001346e-01
9.164298880089501997e-01
4.905409716080572635e-01
7.219041548916765860e-01
8.685088612310061240e-01
1.000000000000000000e+00
4.679976150271090707e-01
6.871225630441983867e-01
8.253564668931089310e-01
9.477738014413923384e-01
4.297680609767741688e-01
5.967815416578423626e-01
7.032171410038211556e-01
8.043279932766513873e-01
0.000000000000000000e+00
1.000000000000000000e+00
1.000000000000000000e+00
1.000000000000000000e+00
1.000000000000000000e+00
1.000000000000000000e+00
0.000000000000000000e+00
1.447726518646831884e-01
2.924725196204649991e-01
4.222636102863020491e-01
5.552016284577957483e-01
4.955344302710211757e-01
6.989637076227691592e-01
8.187729479320108306e-01
9.322217166391518761e-01
5.063699474756903074e-01
7.291991907393452488e-01
8.719336668887082142e-01
1.000000000000000000e+00
4.838363697048584933e-01
6.965491787184769912e-01
8.290011250150602917e-01
9.485400210469702165e-01
4.449513792445506377e-01
6.087084910672799776e-01
7.147009168271408752e-01
8.147086529605230831e-01
1.000000000000000000e+00
1.000000000000000000e+00
1.000000000000000000e+00
1.000000000000000000e+00
1.000000000000000000e+00
