-1.000000000000000000e+00
0.000000000000000000e+00
1.617007272454351885e-01
3.408075615574479023e-01
4.852960036342229833e-01
5.267538338052167868e-01
5.171461167885705867e-01
7.038797644111721707e-01
8.168826872008837503e-01
9.225487093968579577e-01
5.303261071121546655e-01
7.448930325154975440e-01
8.802391743755224596e-01
1.000000000000000000e+00
5.125864258875589830e-01
7.157147132978364246e-01
8.417798619179956976e-01
9.533115262473019769e-01
4.714110652837861237e-01
6.322405888892063119e-01
7.347484665428675177e-01
8.294194018699113657e-01
1.000000000000000000e+00
1.000000000000000000e+00
1.000000000000000000e+00
1.000000000000000000e+00
1.000000000000000000e+00
1.000000000000000000e+00
0.000000000000000000e+00
1.672438376904141488e-01
3.320025479410379510e-01
4.712860274628652424e-01
6.024281855027895372e-01
5.217108380561512604e-01
7.136335242080642516e-01
8.306101666389492655e-01
9.381287692501070197e-01
5.348198514970967654e-01
7.480240139877911698e-01
8.787021119304370131e-01
1.000000000000000000e+00
5.206969682257099885e-01
7.188633649801733361e-01
8.406491602096737292e-01
9.515519586785182726e-01
4.832653515853799209e-01
6.379789533711134331e-01
7.383472401073915004e-01
8.298542773252591820e-01
1.000000000000000000e+00
1.000000000000000000e+00
1.000000000000000000e+00
1.000000000000000000e+00
1.000000000000000000e+00
