-1.000000000000000000e+00
0.000000000000000000e+00
1.495862664597487623e-01
2.969397270942417122e-01
4.164922266691349351e-01
5.159216688155862096e-01
4.929219316926778394e-01
6.868679707881103491e-01
8.053713765633399024e-01
9.168428866480710093e-01
4.958765704744804714e-01
7.216410740067619178e-01
8.682622340589487564e-01
1.000000000000000000e+00
4.736513263177335453e-01
6.861107213888567591e-01
8.293421175607079698e-01
9.567709186958607281e-01
4.381270064190534441e-01
6.052053325679429552e-01
7.180512893510349048e-01
8.228677286101468979e-01
1.000000000000000000e+00
1.000000000000000000e+00
1.000000000000000000e+00
1.000000000000000000e+00
1.000000000000000000e+00
1.000000000000000000e+00
0.000000000000000000e+00
1.519952411954035021e-01
3.016101921705295341e-01
4.356898464296669049e-01
5.713248769290101281e-01
4.930556210650881566e-01
6.915903997696688510e-01
8.145205889828207590e-01
9.264553843271774447e-01
5.028562045008738712e-01
7.304006763084947007e-01
8.712332871978543114e-01
1.000000000000000000e+00
4.843923702034521606e-01
6.951386803450940732e-01
8.263509480469891644e-01
9.469227697610181904e-01
4.491511046577928434e-01
6.101675319257202634e-01
7.150614536232999807e-01
8.121564912380477841e-01
1.000000000000000000e+00
1.000000000000000000e+00
1.000000000000000000e+00
1.000000000000000000e+00
1.000000000000000000e+00
