-1.000000000000000000e+00
0.000000000000000000e+00
1.678639125714205815e-01
3.215011249061071053e-01
4.554143302992455511e-01
5.655480981984435385e-01
5.046694716383118839e-01
6.935554664443657202e-01
8.077028087367024156e-01
9.188599076125656406e-01
5.105372805656601676e-01
7.288771369269223532e-01
8.709146591452948671e-01
1.000000000000000000e+00
4.874414599918131530e-01
6.874031576330374982e-01
8.231001297855374821e-01
9.410409791123361956e-01
4.487572236372920909e-01
6.042633876279466243e-01
7.128872571783997358e-01
8.136267757069325368e-01
1.000000000000000000e+00
1.000000000000000000e+00
1.000000000000000000e+00
1.000000000000000000e+00
1.000000000000000000e+00
1.000000000000000000e+00
0.000000000000000000e+00
1.537743012367216722e-01
3.101402959038688789e-01
4.516523555983067983e-01
5.870412466891355985e-01
5.152391149421603478e-01
7.040078289039766180e-01
8.198392017856691583e-01
9.306779373514152409e-01
5.230316581431213585e-01
7.424014180782231298e-01
8.704811774968400639e-01
1.000000000000000000e+00
4.988449423426538076e-01
7.037260782583837360e-01
8.282430983570112648e-01
9.469879495330568719e-01
4.523975051954851612e-01
6.113448952510569523e-01
7.147628485357938599e-01
8.155847996044892634e-01
1.000000000000000000e+00
1.000000000000000000e+00
1.000000000000000000e+00
1.000000000000000000e+00
1.000000000000000000e+00
