-1.000000000000000000e+00
0.000000000000000000e+00
1.679936536896249333e-01
3.235534193205256148e-01
4.592058120565042922e-01
5.636901241281551123e-01
5.081473397527742630e-01
6.960157695969459990e-01
8.083244278416149564e-01
9.175983192151138113e-01
5.156107536778807843e-01
7.336068711683001453e-01
8.730768685783610872e-01
1.000000000000000000e+00
4.946026815685805045e-01
6.964345499560009589e-01
8.302159263727868499e-01
9.461437069511111631e-01
4.575788981067815953e-01
6.145622446323417698e-01
7.213259011108827945e-01
8.197940283974691766e-01
1.000000000000000000e+00
1.000000000000000000e+00
1.000000000000000000e+00
1.000000000000000000e+00
1.000000000000000000e+00
1.000000000000000000e+00
0.000000000000000000e+00
1.536754331312397970e-01
3.152173634426440052e-01
4.600265611590608206e-01
5.956978576246804158e-01
5.160776977776709851e-01
7.059454358309894539e-01
8.218661051222830860e-01
9.333111886265152979e-01
5.247622487527632273e-01
7.423753005877965494e-01
8.712239194693546240e-01
1.000000000000000000e+00
5.014624195478006863e-01
7.036325096572236815e-01
8.289716939640734417e-01
9.482821097672698984e-01
4.564220499581824186e-01
6.161317844255883580e-01
7.216789582130920255e-01
8.237731941879383735e-01
1.000000000000000000e+00
1.000000000000000000e+00
1.000000000000000000e+00
1.000000000000000000e+00
1.000000000000000000e+00
