-1.000000000000000000e+00
0.000000000000000000e+00
1.474079242639304288e-01
2.952675048290440141e-01
4.160952248252579588e-01
5.122913222925397081e-01
4.977682557045034484e-01
6.913985085539883224e-01
8.101609122770877525e-01
9.203473967181345916e-01
5.008211706576031208e-01
7.246839038895783736e-01
8.714657398420070367e-01
1.000000000000000000e+00
4.796790528336155046e-01
6.907181982431924716e-01
8.307907072049874886e-01
9.514074593914488842e-01
4.450364483353401179e-01
6.120171239585557865e-01
7.248296924757205995e-01
8.259898114437208561e-01
1.000000000000000000e+00
1.000000000000000000e+00
1.000000000000000000e+00
1.000000000000000000e+00
1.000000000000000000e+00
1.000000000000000000e+00
0.000000000000000000e+00
1.471654849067265680e-01
2.980234154560113535e-01
4.295810903758626731e-01
5.655035620817455699e-01
4.964357112005398642e-01
6.963889414119337484e-01
8.196056934247378800e-01
9.313062551705945102e-01
5.080073676359245782e-01
7.351816860906400519e-01
8.743310450813128742e-01
1.000000000000000000e+00
4.908690130173028465e-01
7.001085742259216538e-01
8.293439484671452089e-01
9.487268359337349688e-01
4.553994395382992000e-01
6.147702532928899233e-01
7.186386467435013081e-01
8.135163976467776337e-01
1.000000000000000000e+00
1.000000000000000000e+00
1.000000000000000000e+00
1.000000000000000000e+00
1.000000000000000000e+00
