-1.000000000000000000e+00
0.000000000000000000e+00
1.607458178340596122e-01
3.391513340428256029e-01
4.811608442553401144e-01
5.256184304192712542e-01
5.207858297187278884e-01
7.082859053416847850e-01
8.231855719681668848e-01
9.288746525662836540e-01
5.234600574237082693e-01
7.402605146038780948e-01
8.793789508126482746e-01
1.000000000000000000e+00
4.976849046538445731e-01
6.999039149847726682e-01
8.301517524265130676e-01
9.428804065752639518e-01
4.538497336050332231e-01
6.120870896275716344e-01
7.158812572745940628e-01
8.125672232363890801e-01
1.000000000000000000e+00
1.000000000000000000e+00
1.000000000000000000e+00
1.000000000000000000e+00
1.000000000000000000e+00
1.000000000000000000e+00
0.000000000000000000e+00
1.654157854075003486e-01
3.281870747817489109e-01
4.708084220923497432e-01
6.048640614448421715e-01
5.143201789671778545e-01
7.011883850348384906e-01
8.161253882347614397e-01
9.261954303076961326e-01
5.211364301987314596e-01
7.362183270716926575e-01
8.700476857185149848e-01
1.000000000000000000e+00
4.975404097862063946e-01
6.986965326784706498e-01
8.274388773376153416e-01
9.487872742135028403e-01
4.540647998542844399e-01
6.138372757865221407e-01
7.171915995162699842e-01
8.173208377653716772e-01
1.000000000000000000e+00
1.000000000000000000e+00
1.000000000000000000e+00
1.000000000000000000e+00
1.000000000000000000e+00
