-1.000000000000000000e+00
0.000000000000000000e+00
1.651124000799949199e-01
3.408483331066824440e-01
4.783780058212452890e-01
5.326572861923851709e-01
5.193450564253231372e-01
7.054750418767662401e-01
8.182726214719897584e-01
9.267156175213288050e-01
5.219156994668836536e-01
7.366687743417800194e-01
8.756447696827277527e-01
1.000000000000000000e+00
4.959437961227012304e-01
6.964009562363712158e-01
8.276345506324299661e-01
9.438713366288821183e-01
4.518377017895690573e-01
6.099680088390585508e-01
7.154233390580091445e-01
8.158227596469365128e-01
1.000000000000000000e+00
1.000000000000000000e+00
1.000000000000000000e+00
1.000000000000000000e+00
1.000000000000000000e+00
1.000000000000000000e+00
0.000000000000000000e+00
1.598352999360309334e-01
3.202162056770209153e-01
4.604479479221796900e-01
5.960340421821882506e-01
5.064834921150408453e-01
7.015255359208881769e-01
8.181540823859370093e-01
9.264804279235790974e-01
5.136365077158190351e-01
7.357219741659578593e-01
8.721595130446444522e-01
1.000000000000000000e+00
4.892301487334669852e-01
6.960083168378885521e-01
8.224184240705286753e-01
9.396458149028870110e-01
4.436251858068701037e-01
6.042794330879898146e-01
7.052072288444501957e-01
8.020203605885146692e-01
1.000000000000000000e+00
1.000000000000000000e+00
1.000000000000000000e+00
1.000000000000000000e+00
1.000000000000000000e+00
