-1.000000000000000000e+00
0.000000000000000000e+00
1.625417923346523519e-01
3.378664943311932567e-01
4.756502117634691107e-01
5.328182307353592773e-01
5.188290261939565440e-01
7.039139232172630933e-01
8.185893075959443932e-01
9.279282069142907874e-01
5.209687783608930589e-01
7.349092290371823655e-01
8.750716386489066911e-01
1.000000000000000000e+00
4.952465061791769818e-01
6.943675581673564023e-01
8.241597317837123793e-01
9.383945506740443143e-01
4.526938847418317535e-01
6.097601379016996948e-01
7.152574419590249644e-01
8.150983846573151004e-01
1.000000000000000000e+00
1.000000000000000000e+00
1.000000000000000000e+00
1.000000000000000000e+00
1.000000000000000000e+00
1.000000000000000000e+00
0.000000000000000000e+00
1.579810765576211418e-01
3.158773185032257014e-01
4.592931411754383464e-01
6.015733625568172593e-01
5.071729413895056382e-01
6.989524704425875701e-01
8.150310741124860980e-01
9.270081680144888203e-01
5.146433549249394002e-01
7.344347038427913033e-01
8.688196504968295208e-01
1.000000000000000000e+00
4.922650013216673948e-01
6.953762355471871937e-01
8.228334911994468204e-01
9.445283764035502516e-01
4.496442985189255670e-01
6.070549773867053300e-01
7.103112833354530142e-01
8.124996747920266715e-01
1.000000000000000000e+00
1.000000000000000000e+00
1.000000000000000000e+00
1.000000000000000000e+00
1.000000000000000000e+00
