-1.000000000000000000e+00
0.000000000000000000e+00
1.680376003793918327e-01
3.422374474689439672e-01
4.804997664680027980e-01
5.345219243385599395e-01
5.209125780732623001e-01
7.034685764027118760e-01
8.171257118982384604e-01
9.243715134482967111e-01
5.280330355093036943e-01
7.367154847432051401e-01
8.751788930643643605e-01
1.000000000000000000e+00
5.078232427726648845e-01
7.060167658400772206e-01
8.354905407691852748e-01
9.508954968734324442e-01
4.683241528783151919e-01
6.220453274883845918e-01
7.233834398981868752e-01
8.175677090423183468e-01
1.000000000000000000e+00
1.000000000000000000e+00
1.000000000000000000e+00
1.000000000000000000e+00
1.000000000000000000e+00
1.000000000000000000e+00
0.000000000000000000e+00
1.605537423063725933e-01
3.258732757105795019e-01
4.707327479580897811e-01
6.073910311080056301e-01
5.125634645788705868e-01
7.028844970036450812e-01
8.198541199198078333e-01
9.294124275456284723e-01
5.205331355291846762e-01
7.373245366555820635e-01
8.728630569767933389e-01
1.000000000000000000e+00
4.983941176742371360e-01
7.036205668026986881e-01
8.314639548574297434e-01
9.513458249342181539e-01
4.575349113237973109e-01
6.199635398052110169e-01
7.239244125021495613e-01
8.232369055916695100e-01
1.000000000000000000e+00
1.000000000000000000e+00
1.000000000000000000e+00
1.000000000000000000e+00
1.000000000000000000e+00
