-1.000000000000000000e+00
0.000000000000000000e+00
1.675546836262723494e-01
3.437586805971380999e-01
4.802434995189297506e-01
5.408738955065317544e-01
5.205865677398149316e-01
7.030760779109027636e-01
8.161011888628406652e-01
9.245834491634437047e-01
5.304367245524818086e-01
7.371148538429982411e-01
8.733386192267987846e-01
1.000000000000000000e+00
5.135778580087528855e-01
7.085324148136821210e-01
8.373849416336294205e-01
9.538306346508981237e-01
4.761063799221880166e-01
6.290504624409818391e-01
7.303415112716709068e-01
8.252564728508262615e-01
1.000000000000000000e+00
1.000000000000000000e+00
1.000000000000000000e+00
1.000000000000000000e+00
1.000000000000000000e+00
1.000000000000000000e+00
0.000000000000000000e+00
1.631789204612891231e-01
3.278992648706259283e-01
4.697739643951087674e-01
6.033810654729115930e-01
5.147169495189991562e-01
7.054135073092901997e-01
8.221706675333383396e-01
9.312211923566958705e-01
5.229842351767215458e-01
7.398868041567833176e-01
8.733108738131195592e-01
1.000000000000000000e+00
5.033241675810390392e-01
7.097176488613352596e-01
8.384288689851225884e-01
9.587652986195259741e-01
4.643920475401302483e-01
6.310229447968208616e-01
7.368187872870325394e-01
8.370152701530479966e-01
1.000000000000000000e+00
1.000000000000000000e+00
1.000000000000000000e+00
1.000000000000000000e+00
1.000000000000000000e+00
