1.000000000000000000e+00
0.000000000000000000e+00
2.469981685516914327e-01
4.871250400671748304e-01
6.854353542759772377e-01
8.548433132402194490e-01
5.768254892110448173e-01
7.601814504282021767e-01
8.682398541519373847e-01
9.659925353899277978e-01
5.123865211813050102e-01
7.307839689204987943e-01
8.704458795756829792e-01
1.000000000000000000e+00
4.252548972982316267e-01
4.913672081069384578e-01
3.622339381907428435e-01
2.949842610694328737e-01
3.584164470780022982e-01
4.208695880520938459e-01
3.233556543444066622e-01
2.648818164920650475e-01
1.000000000000000000e+00
1.000000000000000000e+00
1.000000000000000000e+00
0.000000000000000000e+00
1.000000000000000000e+00
0.000000000000000000e+00
0.000000000000000000e+00
0.000000000000000000e+00
0.000000000000000000e+00
0.000000000000000000e+00
0.000000000000000000e+00
0.000000000000000000e+00
0.000000000000000000e+00
0.000000000000000000e+00
0.000000000000000000e+00
0.000000000000000000e+00
0.000000000000000000e+00
0.000000000000000000e+00
0.000000000000000000e+00
0.000000000000000000e+00
0.000000000000000000e+00
0.000000000000000000e+00
0.000000000000000000e+00
0.000000000000000000e+00
0.000000000000000000e+00
0.000000000000000000e+00
0.000000000000000000e+00
0.000000000000000000e+00
0.000000000000000000e+00
0.000000000000000000e+00
0.000000000000000000e+00
0.000000000000000000e+00
