1.000000000000000000e+00
0.000000000000000000e+00
2.242580130363687196e-01
4.669231234776859418e-01
6.676635588596101512e-01
8.245454368647067156e-01
5.787936720795479051e-01
7.549288005140186719e-01
8.610358922493347444e-01
9.559513678929223435e-01
5.297421624333492618e-01
7.419088608813478869e-01
8.761314427153292783e-01
1.000000000000000000e+00
4.489510597770994815e-01
5.171683483593362274e-01
3.916542752435643315e-01
3.225468125497390481e-01
3.750737575619018105e-01
4.198299268764937309e-01
3.264732712341461562e-01
2.728379869913666878e-01
1.000000000000000000e+00
1.000000000000000000e+00
1.000000000000000000e+00
0.000000000000000000e+00
0.000000000000000000e+00
0.000000000000000000e+00
0.000000000000000000e+00
0.000000000000000000e+00
0.000000000000000000e+00
0.000000000000000000e+00
0.000000000000000000e+00
0.000000000000000000e+00
0.000000000000000000e+00
0.000000000000000000e+00
0.000000000000000000e+00
0.000000000000000000e+00
0.000000000000000000e+00
0.000000000000000000e+00
0.000000000000000000e+00
0.000000000000000000e+00
0.000000000000000000e+00
0.000000000000000000e+00
0.000000000000000000e+00
0.000000000000000000e+00
0.000000000000000000e+00
0.000000000000000000e+00
0.000000000000000000e+00
0.000000000000000000e+00
0.000000000000000000e+00
0.000000000000000000e+00
0.000000000000000000e+00
0.000000000000000000e+00
