1.000000000000000000e+00
0.000000000000000000e+00
2.831014900624648223e-01
5.424225968513912699e-01
7.551306839960348904e-01
9.270138420084966802e-01
5.836766286808104942e-01
7.433429033964706889e-01
8.432980080288294822e-01
9.392542162557987462e-01
5.265620634155473434e-01
7.382225994982022366e-01
8.754232019279656329e-01
1.000000000000000000e+00
4.560579201804788041e-01
5.654950303084927965e-01
4.095008306931767761e-01
3.121503158300021896e-01
4.061098677984075755e-01
4.807845205184073656e-01
3.590639105443280132e-01
2.777214166621655433e-01
1.000000000000000000e+00
0.000000000000000000e+00
1.000000000000000000e+00
1.000000000000000000e+00
1.000000000000000000e+00
0.000000000000000000e+00
0.000000000000000000e+00
0.000000000000000000e+00
0.000000000000000000e+00
0.000000000000000000e+00
0.000000000000000000e+00
0.000000000000000000e+00
0.000000000000000000e+00
0.000000000000000000e+00
0.000000000000000000e+00
0.000000000000000000e+00
0.000000000000000000e+00
0.000000000000000000e+00
0.000000000000000000e+00
0.000000000000000000e+00
0.000000000000000000e+00
0.000000000000000000e+00
0.000000000000000000e+00
0.000000000000000000e+00
0.000000000000000000e+00
0.000000000000000000e+00
0.000000000000000000e+00
0.000000000000000000e+00
0.000000000000000000e+00
0.000000000000000000e+00
0.000000000000000000e+00
0.000000000000000000e+00
