1.000000000000000000e+00
0.000000000000000000e+00
2.861937525569668850e-01
5.452734603802820157e-01
7.555445666749508460e-01
9.270597723375231247e-01
5.860175377458692880e-01
7.475493601109347575e-01
8.475094768455935235e-01
9.433155915462262397e-01
5.317333731284856757e-01
7.391947902268061199e-01
8.769816319693534146e-01
1.000000000000000000e+00
4.609795783180019035e-01
5.692833996488397830e-01
4.121168994922544959e-01
3.157434372173107962e-01
4.097458717329085509e-01
4.882875980779941005e-01
3.648328052899719176e-01
2.835140589132967293e-01
1.000000000000000000e+00
0.000000000000000000e+00
1.000000000000000000e+00
1.000000000000000000e+00
1.000000000000000000e+00
0.000000000000000000e+00
0.000000000000000000e+00
0.000000000000000000e+00
0.000000000000000000e+00
0.000000000000000000e+00
0.000000000000000000e+00
0.000000000000000000e+00
0.000000000000000000e+00
0.000000000000000000e+00
0.000000000000000000e+00
0.000000000000000000e+00
0.000000000000000000e+00
0.000000000000000000e+00
0.000000000000000000e+00
0.000000000000000000e+00
0.000000000000000000e+00
0.000000000000000000e+00
0.000000000000000000e+00
0.000000000000000000e+00
0.000000000000000000e+00
0.000000000000000000e+00
0.000000000000000000e+00
0.000000000000000000e+00
0.000000000000000000e+00
0.000000000000000000e+00
0.000000000000000000e+00
0.000000000000000000e+00
