1.000000000000000000e+00
0.000000000000000000e+00
2.841234562212395787e-01
5.446309418231001231e-01
7.553257623842076773e-01
9.264636637257936957e-01
5.875401999371967499e-01
7.516474051519729249e-01
8.524080297191316546e-01
9.477170830182380934e-01
5.336717761065133958e-01
7.400926694088292290e-01
8.778230946798358802e-01
1.000000000000000000e+00
4.633873379492798872e-01
5.688242211806516790e-01
4.126118304565978834e-01
3.163583948144564895e-01
4.144319404187509215e-01
4.913848751588806296e-01
3.697941082029596593e-01
2.888056313439826828e-01
1.000000000000000000e+00
0.000000000000000000e+00
1.000000000000000000e+00
1.000000000000000000e+00
1.000000000000000000e+00
0.000000000000000000e+00
0.000000000000000000e+00
0.000000000000000000e+00
0.000000000000000000e+00
0.000000000000000000e+00
0.000000000000000000e+00
0.000000000000000000e+00
0.000000000000000000e+00
0.000000000000000000e+00
0.000000000000000000e+00
0.000000000000000000e+00
0.000000000000000000e+00
0.000000000000000000e+00
0.000000000000000000e+00
0.000000000000000000e+00
0.000000000000000000e+00
0.000000000000000000e+00
0.000000000000000000e+00
0.000000000000000000e+00
0.000000000000000000e+00
0.000000000000000000e+00
0.000000000000000000e+00
0.000000000000000000e+00
0.000000000000000000e+00
0.000000000000000000e+00
0.000000000000000000e+00
0.000000000000000000e+00
