1.000000000000000000e+00
0.000000000000000000e+00
2.523204822374472411e-01
5.010171158668879077e-01
6.948965968911540170e-01
8.492853875550201437e-01
5.904279216116770090e-01
7.607840605034262849e-01
8.631210719713654500e-01
9.557583722541433957e-01
5.383856334031427160e-01
7.512458564821290485e-01
8.809718645491591005e-01
1.000000000000000000e+00
4.557789711187799631e-01
5.503105777444059488e-01
4.103583440410563110e-01
3.315761361397508988e-01
3.807366301732465486e-01
4.392420186029059592e-01
3.369294620445195121e-01
2.780229154373310974e-01
1.000000000000000000e+00
1.000000000000000000e+00
1.000000000000000000e+00
0.000000000000000000e+00
0.000000000000000000e+00
0.000000000000000000e+00
0.000000000000000000e+00
0.000000000000000000e+00
0.000000000000000000e+00
0.000000000000000000e+00
0.000000000000000000e+00
0.000000000000000000e+00
0.000000000000000000e+00
0.000000000000000000e+00
0.000000000000000000e+00
0.000000000000000000e+00
0.000000000000000000e+00
0.000000000000000000e+00
0.000000000000000000e+00
0.000000000000000000e+00
0.000000000000000000e+00
0.000000000000000000e+00
0.000000000000000000e+00
0.000000000000000000e+00
0.000000000000000000e+00
0.000000000000000000e+00
0.000000000000000000e+00
0.000000000000000000e+00
0.000000000000000000e+00
0.000000000000000000e+00
0.000000000000000000e+00
0.000000000000000000e+00
