1.000000000000000000e+00
0.000000000000000000e+00
2.392914095043221778e-01
4.676138685057747990e-01
6.582509512996745915e-01
8.118098038712191489e-01
5.567632907923564245e-01
7.380924515668257913e-01
8.502061833694757320e-01
9.525066938005573025e-01
4.994461480851623003e-01
7.216598756558711969e-01
8.665520835084608020e-01
1.000000000000000000e+00
4.184307582787532565e-01
4.880822894343160856e-01
3.800809932550535120e-01
3.167773541595588771e-01
3.562005983195282721e-01
4.005414759144927950e-01
3.185580738979938431e-01
2.674754893253601939e-01
1.000000000000000000e+00
1.000000000000000000e+00
1.000000000000000000e+00
0.000000000000000000e+00
1.000000000000000000e+00
0.000000000000000000e+00
0.000000000000000000e+00
0.000000000000000000e+00
0.000000000000000000e+00
0.000000000000000000e+00
0.000000000000000000e+00
0.000000000000000000e+00
0.000000000000000000e+00
0.000000000000000000e+00
0.000000000000000000e+00
0.000000000000000000e+00
0.000000000000000000e+00
0.000000000000000000e+00
0.000000000000000000e+00
0.000000000000000000e+00
0.000000000000000000e+00
0.000000000000000000e+00
0.000000000000000000e+00
0.000000000000000000e+00
0.000000000000000000e+00
0.000000000000000000e+00
0.000000000000000000e+00
0.000000000000000000e+00
0.000000000000000000e+00
0.000000000000000000e+00
0.000000000000000000e+00
0.000000000000000000e+00
