-1.000000000000000000e+00
3.333405852317810059e-01
3.995995521545410156e-01
4.573795199394226074e-01
4.889536201953887939e-01
5.247232913970947266e-01
4.604608416557312012e-01
5.161243081092834473e-01
5.578075647354125977e-01
5.868883728981018066e-01
4.149020314216613770e-01
4.653263390064239502e-01
4.485194385051727295e-01
4.243912696838378906e-01
3.714544475078582764e-01
4.169467091560363770e-01
4.048077762126922607e-01
3.856080770492553711e-01
3.309682011604309082e-01
3.697644174098968506e-01
3.673229217529296875e-01
3.506078124046325684e-01
8.644311428070068359e-01
8.705179691314697266e-01
8.262548446655273438e-01
7.732429504394531250e-01
7.555468082427978516e-01
6.529840230941772461e-01
5.790702104568481445e-01
5.324434638023376465e-01
4.913625717163085938e-01
6.224527359008789062e-01
6.922742724418640137e-01
7.625871896743774414e-01
7.638898491859436035e-01
6.337345242500305176e-01
7.260748744010925293e-01
7.771651148796081543e-01
7.606055140495300293e-01
6.665647625923156738e-01
7.529355287551879883e-01
7.931145429611206055e-01
7.793875336647033691e-01
0.000000000000000000e+00
1.000000000000000000e+00
0.000000000000000000e+00
0.000000000000000000e+00
0.000000000000000000e+00
0.000000000000000000e+00
0.000000000000000000e+00
0.000000000000000000e+00
0.000000000000000000e+00
0.000000000000000000e+00
0.000000000000000000e+00
0.000000000000000000e+00
0.000000000000000000e+00
0.000000000000000000e+00
0.000000000000000000e+00
0.000000000000000000e+00
0.000000000000000000e+00
0.000000000000000000e+00
0.000000000000000000e+00
0.000000000000000000e+00
0.000000000000000000e+00
0.000000000000000000e+00
0.000000000000000000e+00
0.000000000000000000e+00
0.000000000000000000e+00
0.000000000000000000e+00
0.000000000000000000e+00
0.000000000000000000e+00
0.000000000000000000e+00
0.000000000000000000e+00
0.000000000000000000e+00
0.000000000000000000e+00
0.000000000000000000e+00
0.000000000000000000e+00
0.000000000000000000e+00
0.000000000000000000e+00
0.000000000000000000e+00
0.000000000000000000e+00
0.000000000000000000e+00
0.000000000000000000e+00
0.000000000000000000e+00
0.000000000000000000e+00
0.000000000000000000e+00
0.000000000000000000e+00
0.000000000000000000e+00
0.000000000000000000e+00
0.000000000000000000e+00
0.000000000000000000e+00
0.000000000000000000e+00
0.000000000000000000e+00
0.000000000000000000e+00
0.000000000000000000e+00
0.000000000000000000e+00
