-1.000000000000000000e+00
3.264124989509582520e-01
3.978618085384368896e-01
4.580383896827697754e-01
4.889541566371917725e-01
5.244302153587341309e-01
4.625341296195983887e-01
5.192394256591796875e-01
5.598990917205810547e-01
5.894750356674194336e-01
4.148240685462951660e-01
4.610533714294433594e-01
4.443987905979156494e-01
4.212371706962585449e-01
3.694811463356018066e-01
4.135653376579284668e-01
4.016650319099426270e-01
3.841119408607482910e-01
3.302567303180694580e-01
3.684867024421691895e-01
3.649283051490783691e-01
3.508074879646301270e-01
8.693886995315551758e-01
8.689231276512145996e-01
8.231899738311767578e-01
7.696144580841064453e-01
7.569352984428405762e-01
6.477265954017639160e-01
5.740450620651245117e-01
5.252920389175415039e-01
4.844405949115753174e-01
6.158809661865234375e-01
6.952158808708190918e-01
7.573143243789672852e-01
7.589462995529174805e-01
6.295930743217468262e-01
7.316756844520568848e-01
7.780576944351196289e-01
7.653826475143432617e-01
6.667612195014953613e-01
7.617052793502807617e-01
7.973621487617492676e-01
7.835675477981567383e-01
0.000000000000000000e+00
1.000000000000000000e+00
0.000000000000000000e+00
0.000000000000000000e+00
0.000000000000000000e+00
0.000000000000000000e+00
0.000000000000000000e+00
0.000000000000000000e+00
0.000000000000000000e+00
0.000000000000000000e+00
0.000000000000000000e+00
0.000000000000000000e+00
0.000000000000000000e+00
0.000000000000000000e+00
0.000000000000000000e+00
0.000000000000000000e+00
0.000000000000000000e+00
0.000000000000000000e+00
0.000000000000000000e+00
0.000000000000000000e+00
0.000000000000000000e+00
0.000000000000000000e+00
0.000000000000000000e+00
0.000000000000000000e+00
0.000000000000000000e+00
0.000000000000000000e+00
0.000000000000000000e+00
0.000000000000000000e+00
0.000000000000000000e+00
0.000000000000000000e+00
0.000000000000000000e+00
0.000000000000000000e+00
0.000000000000000000e+00
0.000000000000000000e+00
0.000000000000000000e+00
0.000000000000000000e+00
0.000000000000000000e+00
0.000000000000000000e+00
0.000000000000000000e+00
0.000000000000000000e+00
0.000000000000000000e+00
0.000000000000000000e+00
0.000000000000000000e+00
0.000000000000000000e+00
0.000000000000000000e+00
0.000000000000000000e+00
0.000000000000000000e+00
0.000000000000000000e+00
0.000000000000000000e+00
0.000000000000000000e+00
0.000000000000000000e+00
0.000000000000000000e+00
0.000000000000000000e+00
