-1.000000000000000000e+00
3.430401086807250977e-01
4.157311618328094482e-01
4.803904592990875244e-01
5.057371854782104492e-01
4.849134087562561035e-01
4.812998771667480469e-01
5.351105332374572754e-01
5.755580663681030273e-01
6.034544706344604492e-01
4.295279383659362793e-01
4.731923639774322510e-01
4.591974020004272461e-01
4.410129189491271973e-01
3.847074508666992188e-01
4.335910975933074951e-01
4.247413873672485352e-01
4.101668000221252441e-01
3.506278097629547119e-01
3.923795521259307861e-01
3.879862129688262939e-01
3.723314404487609863e-01
8.850435018539428711e-01
8.833398818969726562e-01
8.451073765754699707e-01
7.961071729660034180e-01
7.478147149085998535e-01
6.553562879562377930e-01
5.658241510391235352e-01
5.198522806167602539e-01
4.846134185791015625e-01
6.253664493560791016e-01
7.039164900779724121e-01
7.668806910514831543e-01
7.624409794807434082e-01
6.395731568336486816e-01
7.382949590682983398e-01
7.826817035675048828e-01
7.643863558769226074e-01
6.760905385017395020e-01
7.717979550361633301e-01
8.059867620468139648e-01
7.873537540435791016e-01
1.000000000000000000e+00
1.000000000000000000e+00
0.000000000000000000e+00
0.000000000000000000e+00
0.000000000000000000e+00
0.000000000000000000e+00
0.000000000000000000e+00
0.000000000000000000e+00
0.000000000000000000e+00
0.000000000000000000e+00
0.000000000000000000e+00
0.000000000000000000e+00
0.000000000000000000e+00
0.000000000000000000e+00
0.000000000000000000e+00
0.000000000000000000e+00
0.000000000000000000e+00
0.000000000000000000e+00
0.000000000000000000e+00
0.000000000000000000e+00
0.000000000000000000e+00
0.000000000000000000e+00
0.000000000000000000e+00
0.000000000000000000e+00
0.000000000000000000e+00
0.000000000000000000e+00
0.000000000000000000e+00
0.000000000000000000e+00
0.000000000000000000e+00
0.000000000000000000e+00
0.000000000000000000e+00
0.000000000000000000e+00
0.000000000000000000e+00
0.000000000000000000e+00
0.000000000000000000e+00
0.000000000000000000e+00
0.000000000000000000e+00
0.000000000000000000e+00
0.000000000000000000e+00
0.000000000000000000e+00
0.000000000000000000e+00
0.000000000000000000e+00
0.000000000000000000e+00
0.000000000000000000e+00
0.000000000000000000e+00
0.000000000000000000e+00
0.000000000000000000e+00
0.000000000000000000e+00
0.000000000000000000e+00
0.000000000000000000e+00
0.000000000000000000e+00
0.000000000000000000e+00
0.000000000000000000e+00
