-1.000000000000000000e+00
4.308346807956695557e-01
5.253998637199401855e-01
5.883973240852355957e-01
6.275776028633117676e-01
6.637623906135559082e-01
5.472003221511840820e-01
6.046026945114135742e-01
6.436284780502319336e-01
6.717725396156311035e-01
5.168287754058837891e-01
6.265453100204467773e-01
6.303586363792419434e-01
6.179479360580444336e-01
4.965153038501739502e-01
6.016871333122253418e-01
5.899996757507324219e-01
5.689191222190856934e-01
4.879959225654602051e-01
5.666466355323791504e-01
5.572722554206848145e-01
5.367774367332458496e-01
9.586723446846008301e-01
9.259332418441772461e-01
8.757081031799316406e-01
8.523974418640136719e-01
8.354414105415344238e-01
7.097342610359191895e-01
6.312357187271118164e-01
5.869452953338623047e-01
5.519764423370361328e-01
7.243501543998718262e-01
7.767920494079589844e-01
8.352785110473632812e-01
8.504849672317504883e-01
7.695316672325134277e-01
8.543651103973388672e-01
9.012038707733154297e-01
8.998115062713623047e-01
8.290030360221862793e-01
8.972523212432861328e-01
9.280129075050354004e-01
9.219934344291687012e-01
0.000000000000000000e+00
1.000000000000000000e+00
0.000000000000000000e+00
0.000000000000000000e+00
0.000000000000000000e+00
0.000000000000000000e+00
0.000000000000000000e+00
0.000000000000000000e+00
0.000000000000000000e+00
0.000000000000000000e+00
0.000000000000000000e+00
0.000000000000000000e+00
0.000000000000000000e+00
0.000000000000000000e+00
0.000000000000000000e+00
0.000000000000000000e+00
0.000000000000000000e+00
0.000000000000000000e+00
0.000000000000000000e+00
0.000000000000000000e+00
0.000000000000000000e+00
0.000000000000000000e+00
0.000000000000000000e+00
0.000000000000000000e+00
0.000000000000000000e+00
0.000000000000000000e+00
0.000000000000000000e+00
0.000000000000000000e+00
0.000000000000000000e+00
0.000000000000000000e+00
0.000000000000000000e+00
0.000000000000000000e+00
0.000000000000000000e+00
0.000000000000000000e+00
0.000000000000000000e+00
0.000000000000000000e+00
0.000000000000000000e+00
0.000000000000000000e+00
0.000000000000000000e+00
0.000000000000000000e+00
0.000000000000000000e+00
0.000000000000000000e+00
0.000000000000000000e+00
0.000000000000000000e+00
0.000000000000000000e+00
0.000000000000000000e+00
0.000000000000000000e+00
0.000000000000000000e+00
0.000000000000000000e+00
0.000000000000000000e+00
0.000000000000000000e+00
0.000000000000000000e+00
0.000000000000000000e+00
