-1.000000000000000000e+00
4.154102206230163574e-01
5.082492828369140625e-01
5.625234842300415039e-01
5.942713618278503418e-01
6.180115938186645508e-01
5.304356813430786133e-01
5.957347750663757324e-01
6.425194144248962402e-01
6.760692596435546875e-01
5.021989941596984863e-01
5.986332297325134277e-01
5.880300402641296387e-01
5.635222792625427246e-01
4.845688641071319580e-01
5.747235417366027832e-01
5.514698028564453125e-01
5.237104892730712891e-01
4.756154417991638184e-01
5.403110980987548828e-01
5.201422572135925293e-01
4.945911765098571777e-01
9.045768380165100098e-01
8.770993947982788086e-01
8.305327892303466797e-01
8.025720715522766113e-01
7.808326482772827148e-01
6.599848270416259766e-01
5.919551849365234375e-01
5.619904994964599609e-01
5.480841398239135742e-01
6.652890443801879883e-01
7.445017099380493164e-01
7.967064380645751953e-01
7.983182668685913086e-01
7.057021856307983398e-01
8.042697906494140625e-01
8.412472009658813477e-01
8.289526104927062988e-01
7.613611221313476562e-01
8.456478714942932129e-01
8.708776235580444336e-01
8.558703660964965820e-01
0.000000000000000000e+00
1.000000000000000000e+00
0.000000000000000000e+00
0.000000000000000000e+00
0.000000000000000000e+00
1.000000000000000000e+00
8.903506398200988770e-01
8.077156543731689453e-01
7.450432777404785156e-01
7.079486846923828125e-01
6.898484230041503906e-01
7.292428612709045410e-01
6.594192385673522949e-01
6.167989969253540039e-01
5.837305188179016113e-01
7.681866288185119629e-01
7.058889269828796387e-01
7.216207981109619141e-01
7.474491596221923828e-01
8.096227645874023438e-01
7.521064877510070801e-01
7.717962861061096191e-01
7.970200181007385254e-01
8.488534688949584961e-01
8.006775379180908203e-01
8.105497360229492188e-01
8.314533233642578125e-01
8.225525021553039551e-01
8.291220664978027344e-01
8.104802966117858887e-01
7.874116897583007812e-01
7.512853145599365234e-01
6.438242197036743164e-01
5.905489325523376465e-01
5.514653921127319336e-01
5.134243369102478027e-01
6.190810799598693848e-01
6.786912083625793457e-01
7.391611933708190918e-01
7.545324563980102539e-01
6.282536387443542480e-01
7.068090438842773438e-01
7.585754990577697754e-01
7.633638381958007812e-01
6.602991819381713867e-01
7.212623953819274902e-01
7.636551856994628906e-01
7.700573801994323730e-01
1.000000000000000000e+00
1.000000000000000000e+00
0.000000000000000000e+00
0.000000000000000000e+00
0.000000000000000000e+00
