-1.000000000000000000e+00
4.228291511535644531e-01
5.138258337974548340e-01
5.666824579238891602e-01
5.976814031600952148e-01
6.164983510971069336e-01
5.373448729515075684e-01
6.017455458641052246e-01
6.474617719650268555e-01
6.792262792587280273e-01
5.072788000106811523e-01
6.004910469055175781e-01
5.889748334884643555e-01
5.647183656692504883e-01
4.891927540302276611e-01
5.767090320587158203e-01
5.548096299171447754e-01
5.287802219390869141e-01
4.809080362319946289e-01
5.450414419174194336e-01
5.255873203277587891e-01
5.011437535285949707e-01
8.949410319328308105e-01
8.706188797950744629e-01
8.287527561187744141e-01
8.027646541595458984e-01
7.795559167861938477e-01
6.579099893569946289e-01
5.877033472061157227e-01
5.585617423057556152e-01
5.447539687156677246e-01
6.604558825492858887e-01
7.322264313697814941e-01
7.839688658714294434e-01
7.839537858963012695e-01
6.966683268547058105e-01
7.880613803863525391e-01
8.267758488655090332e-01
8.163750171661376953e-01
7.479129433631896973e-01
8.281499147415161133e-01
8.559069037437438965e-01
8.430632948875427246e-01
0.000000000000000000e+00
1.000000000000000000e+00
0.000000000000000000e+00
0.000000000000000000e+00
0.000000000000000000e+00
1.000000000000000000e+00
8.945869803428649902e-01
8.126581907272338867e-01
7.496131658554077148e-01
7.109245061874389648e-01
6.890929937362670898e-01
7.298058271408081055e-01
6.606597304344177246e-01
6.180547475814819336e-01
5.846893787384033203e-01
7.693590521812438965e-01
7.017186880111694336e-01
7.209885120391845703e-01
7.479193806648254395e-01
8.108181953430175781e-01
7.473241090774536133e-01
7.682439684867858887e-01
7.936543822288513184e-01
8.490305542945861816e-01
7.959721684455871582e-01
8.063066005706787109e-01
8.274379372596740723e-01
8.173719048500061035e-01
8.243098855018615723e-01
8.049552440643310547e-01
7.822636365890502930e-01
7.480300664901733398e-01
6.373845338821411133e-01
5.846473574638366699e-01
5.454942584037780762e-01
5.081722140312194824e-01
6.098517179489135742e-01
6.701375842094421387e-01
7.325425148010253906e-01
7.422564029693603516e-01
6.172330379486083984e-01
6.978140473365783691e-01
7.495427131652832031e-01
7.492496967315673828e-01
6.484611630439758301e-01
7.121531367301940918e-01
7.534421086311340332e-01
7.558126449584960938e-01
1.000000000000000000e+00
1.000000000000000000e+00
0.000000000000000000e+00
0.000000000000000000e+00
0.000000000000000000e+00
