-1.000000000000000000e+00
4.345445036888122559e-01
5.327611565589904785e-01
5.891785025596618652e-01
6.215720772743225098e-01
6.455301046371459961e-01
5.544679164886474609e-01
6.195119023323059082e-01
6.619054079055786133e-01
6.896039247512817383e-01
5.230876803398132324e-01
6.210356354713439941e-01
6.169764995574951172e-01
5.973923206329345703e-01
5.018619298934936523e-01
5.934741497039794922e-01
5.759143829345703125e-01
5.509545207023620605e-01
4.915366768836975098e-01
5.596130490303039551e-01
5.463457107543945312e-01
5.241271257400512695e-01
9.074575901031494141e-01
8.811823725700378418e-01
8.372684121131896973e-01
8.090828061103820801e-01
7.882228493690490723e-01
6.677325367927551270e-01
5.930159091949462891e-01
5.571885108947753906e-01
5.349225997924804688e-01
6.689451932907104492e-01
7.346615791320800781e-01
7.918905019760131836e-01
8.008862137794494629e-01
7.054383754730224609e-01
8.013963699340820312e-01
8.437573313713073730e-01
8.366729021072387695e-01
7.586008906364440918e-01
8.436763882637023926e-01
8.755536675453186035e-01
8.681728839874267578e-01
0.000000000000000000e+00
1.000000000000000000e+00
0.000000000000000000e+00
0.000000000000000000e+00
0.000000000000000000e+00
1.000000000000000000e+00
8.796088695526123047e-01
7.998671531677246094e-01
7.381449937820434570e-01
6.974422931671142578e-01
6.794611215591430664e-01
7.208520770072937012e-01
6.586373448371887207e-01
6.197931170463562012e-01
5.916139483451843262e-01
7.604424953460693359e-01
6.933043599128723145e-01
7.135974764823913574e-01
7.415959239006042480e-01
8.002887368202209473e-01
7.369095683097839355e-01
7.568221688270568848e-01
7.803586721420288086e-01
8.371962904930114746e-01
7.880284190177917480e-01
7.984047532081604004e-01
8.178066015243530273e-01
8.234588503837585449e-01
8.266239762306213379e-01
8.059495687484741211e-01
7.821246385574340820e-01
7.446075081825256348e-01
6.363388895988464355e-01
5.739552378654479980e-01
5.286797881126403809e-01
4.865410923957824707e-01
6.134232282638549805e-01
6.657253503799438477e-01
7.298055887222290039e-01
7.365718483924865723e-01
6.217191219329833984e-01
6.899449825286865234e-01
7.433844208717346191e-01
7.395534515380859375e-01
6.519887447357177734e-01
7.108461260795593262e-01
7.500528097152709961e-01
7.465628981590270996e-01
1.000000000000000000e+00
1.000000000000000000e+00
0.000000000000000000e+00
0.000000000000000000e+00
0.000000000000000000e+00
