-1.000000000000000000e+00
3.300819694995880127e-01
3.978973925113677979e-01
4.618134796619415283e-01
4.830008149147033691e-01
4.721491634845733643e-01
4.659649133682250977e-01
5.238592028617858887e-01
5.608096718788146973e-01
5.846313834190368652e-01
4.161760807037353516e-01
4.536187350749969482e-01
4.397142231464385986e-01
4.201147854328155518e-01
3.705477118492126465e-01
4.110187590122222900e-01
4.059915244579315186e-01
3.944851458072662354e-01
3.340732455253601074e-01
3.708406090736389160e-01
3.690642416477203369e-01
3.564108908176422119e-01
8.752561211585998535e-01
8.739719986915588379e-01
8.370779156684875488e-01
7.871313691139221191e-01
7.316764593124389648e-01
6.489132642745971680e-01
5.662335157394409180e-01
5.170977711677551270e-01
4.725855588912963867e-01
6.156368851661682129e-01
6.904894709587097168e-01
7.544553279876708984e-01
7.589754462242126465e-01
6.271639466285705566e-01
7.210174798965454102e-01
7.675253152847290039e-01
7.563006281852722168e-01
6.625546813011169434e-01
7.536073327064514160e-01
7.889854311943054199e-01
7.749996185302734375e-01
1.000000000000000000e+00
1.000000000000000000e+00
0.000000000000000000e+00
0.000000000000000000e+00
0.000000000000000000e+00
0.000000000000000000e+00
0.000000000000000000e+00
0.000000000000000000e+00
0.000000000000000000e+00
0.000000000000000000e+00
0.000000000000000000e+00
0.000000000000000000e+00
0.000000000000000000e+00
0.000000000000000000e+00
0.000000000000000000e+00
0.000000000000000000e+00
0.000000000000000000e+00
0.000000000000000000e+00
0.000000000000000000e+00
0.000000000000000000e+00
0.000000000000000000e+00
0.000000000000000000e+00
0.000000000000000000e+00
0.000000000000000000e+00
0.000000000000000000e+00
0.000000000000000000e+00
0.000000000000000000e+00
0.000000000000000000e+00
0.000000000000000000e+00
0.000000000000000000e+00
0.000000000000000000e+00
0.000000000000000000e+00
0.000000000000000000e+00
0.000000000000000000e+00
0.000000000000000000e+00
0.000000000000000000e+00
0.000000000000000000e+00
0.000000000000000000e+00
0.000000000000000000e+00
0.000000000000000000e+00
0.000000000000000000e+00
0.000000000000000000e+00
0.000000000000000000e+00
0.000000000000000000e+00
0.000000000000000000e+00
0.000000000000000000e+00
0.000000000000000000e+00
0.000000000000000000e+00
0.000000000000000000e+00
0.000000000000000000e+00
0.000000000000000000e+00
0.000000000000000000e+00
0.000000000000000000e+00
