-1.000000000000000000e+00
4.255956411361694336e-01
5.163380503654479980e-01
5.642476677894592285e-01
5.923520326614379883e-01
6.061415672302246094e-01
5.268899202346801758e-01
5.904275178909301758e-01
6.263399124145507812e-01
6.487057805061340332e-01
5.011773705482482910e-01
5.916624665260314941e-01
5.832875967025756836e-01
5.616615414619445801e-01
4.859480261802673340e-01
5.711139440536499023e-01
5.546483993530273438e-01
5.317232608795166016e-01
4.810051023960113525e-01
5.432788729667663574e-01
5.294105410575866699e-01
5.083460211753845215e-01
8.640205860137939453e-01
8.459764122962951660e-01
8.099637031555175781e-01
7.830562591552734375e-01
7.545280456542968750e-01
6.455457806587219238e-01
5.905831456184387207e-01
5.501750707626342773e-01
5.146974921226501465e-01
6.436910033226013184e-01
7.027997970581054688e-01
7.517735362052917480e-01
7.545550465583801270e-01
6.759027242660522461e-01
7.594710588455200195e-01
7.967080473899841309e-01
7.897988557815551758e-01
7.253425717353820801e-01
8.024471998214721680e-01
8.306814432144165039e-01
8.229247927665710449e-01
0.000000000000000000e+00
1.000000000000000000e+00
0.000000000000000000e+00
0.000000000000000000e+00
0.000000000000000000e+00
1.000000000000000000e+00
8.567863702774047852e-01
7.774786353111267090e-01
7.146775722503662109e-01
6.791124343872070312e-01
6.587734222412109375e-01
6.972075700759887695e-01
6.340526938438415527e-01
5.955423712730407715e-01
5.651506781578063965e-01
7.342073917388916016e-01
6.678045988082885742e-01
6.869589090347290039e-01
7.129135727882385254e-01
7.725937962532043457e-01
7.098805904388427734e-01
7.320398688316345215e-01
7.571082115173339844e-01
8.088923096656799316e-01
7.599401473999023438e-01
7.720029354095458984e-01
7.921890020370483398e-01
8.235061168670654297e-01
8.318757414817810059e-01
8.129252195358276367e-01
7.896322011947631836e-01
7.494169473648071289e-01
6.491994857788085938e-01
5.916628837585449219e-01
5.482944250106811523e-01
5.087258219718933105e-01
6.270120143890380859e-01
6.854056119918823242e-01
7.434586882591247559e-01
7.493400573730468750e-01
6.360491514205932617e-01
7.077098488807678223e-01
7.544571757316589355e-01
7.501160502433776855e-01
6.654899716377258301e-01
7.223299741744995117e-01
7.587746381759643555e-01
7.564893960952758789e-01
1.000000000000000000e+00
1.000000000000000000e+00
0.000000000000000000e+00
0.000000000000000000e+00
0.000000000000000000e+00
