-1.000000000000000000e+00
0.000000000000000000e+00
3.052736273319457960e-01
5.735553779768910454e-01
7.847381312185045532e-01
8.115932267165761882e-01
5.874756425587878139e-01
8.766598814201949086e-01
1.000000000000000000e+00
9.848711251028203773e-01
5.295663278224163051e-01
8.769616140172326046e-01
9.523886716129941199e-01
9.062729507428639586e-01
5.046403048152876547e-01
7.956106674223279995e-01
8.240375874691939773e-01
7.789767802025626686e-01
4.745906529067276391e-01
6.735752397543780523e-01
6.965085229669749634e-01
6.640937593115595616e-01
0.000000000000000000e+00
1.000000000000000000e+00
1.000000000000000000e+00
1.000000000000000000e+00
1.000000000000000000e+00
0.000000000000000000e+00
0.000000000000000000e+00
0.000000000000000000e+00
0.000000000000000000e+00
0.000000000000000000e+00
0.000000000000000000e+00
0.000000000000000000e+00
0.000000000000000000e+00
0.000000000000000000e+00
0.000000000000000000e+00
0.000000000000000000e+00
0.000000000000000000e+00
0.000000000000000000e+00
0.000000000000000000e+00
0.000000000000000000e+00
0.000000000000000000e+00
0.000000000000000000e+00
0.000000000000000000e+00
0.000000000000000000e+00
0.000000000000000000e+00
0.000000000000000000e+00
0.000000000000000000e+00
0.000000000000000000e+00
0.000000000000000000e+00
0.000000000000000000e+00
0.000000000000000000e+00
0.000000000000000000e+00
