-1.000000000000000000e+00
0.000000000000000000e+00
2.816142775750532512e-01
5.671933955315117126e-01
7.630931572051289358e-01
8.821923262664372878e-01
6.093713663886354270e-01
8.299284073178312404e-01
9.364152292287971635e-01
1.000000000000000000e+00
5.371646175361063369e-01
7.604262616078844017e-01
8.763939064351685682e-01
9.436917028749942649e-01
4.711821982795566521e-01
6.737815700454684587e-01
7.821017284827491700e-01
8.579550302315930299e-01
4.266064672486200582e-01
5.774616294917651604e-01
6.618577521515959239e-01
7.240012437268890100e-01
0.000000000000000000e+00
1.000000000000000000e+00
1.000000000000000000e+00
1.000000000000000000e+00
1.000000000000000000e+00
0.000000000000000000e+00
0.000000000000000000e+00
0.000000000000000000e+00
0.000000000000000000e+00
0.000000000000000000e+00
0.000000000000000000e+00
0.000000000000000000e+00
0.000000000000000000e+00
0.000000000000000000e+00
0.000000000000000000e+00
0.000000000000000000e+00
0.000000000000000000e+00
0.000000000000000000e+00
0.000000000000000000e+00
0.000000000000000000e+00
0.000000000000000000e+00
0.000000000000000000e+00
0.000000000000000000e+00
0.000000000000000000e+00
0.000000000000000000e+00
0.000000000000000000e+00
0.000000000000000000e+00
0.000000000000000000e+00
0.000000000000000000e+00
0.000000000000000000e+00
0.000000000000000000e+00
0.000000000000000000e+00
