-1.000000000000000000e+00
0.000000000000000000e+00
2.657984101851324499e-01
5.291660488511742422e-01
6.880710256748043818e-01
6.439504379148303093e-01
6.599471929878726328e-01
8.900905495828566050e-01
9.755307576045498807e-01
1.000000000000000000e+00
5.933861447905437458e-01
8.200312860557478212e-01
9.045788176526741164e-01
9.145675416143445036e-01
5.134839211157005145e-01
7.085199230481240562e-01
7.772051871750562668e-01
7.880922641501477699e-01
4.389230383412395242e-01
5.573041624810625150e-01
6.142273923070523667e-01
6.400693749619460471e-01
0.000000000000000000e+00
1.000000000000000000e+00
1.000000000000000000e+00
1.000000000000000000e+00
1.000000000000000000e+00
0.000000000000000000e+00
0.000000000000000000e+00
0.000000000000000000e+00
0.000000000000000000e+00
0.000000000000000000e+00
0.000000000000000000e+00
0.000000000000000000e+00
0.000000000000000000e+00
0.000000000000000000e+00
0.000000000000000000e+00
0.000000000000000000e+00
0.000000000000000000e+00
0.000000000000000000e+00
0.000000000000000000e+00
0.000000000000000000e+00
0.000000000000000000e+00
0.000000000000000000e+00
0.000000000000000000e+00
0.000000000000000000e+00
0.000000000000000000e+00
0.000000000000000000e+00
0.000000000000000000e+00
0.000000000000000000e+00
0.000000000000000000e+00
0.000000000000000000e+00
0.000000000000000000e+00
0.000000000000000000e+00
