-1.000000000000000000e+00
0.000000000000000000e+00
2.718100211641051311e-01
5.057622884176615763e-01
6.226466139198336691e-01
6.834695902798528788e-01
6.579050154329010303e-01
8.405245801838827635e-01
9.334128822653902091e-01
1.000000000000000000e+00
5.978343492945389359e-01
7.754958540745698903e-01
8.621496508803377923e-01
9.147905566317339199e-01
5.261000595327790519e-01
6.767461522732153290e-01
7.535607119186950031e-01
8.059148067120999182e-01
4.554241149142130851e-01
5.610389502827771713e-01
6.243776153634538195e-01
6.722423801051937708e-01
0.000000000000000000e+00
1.000000000000000000e+00
1.000000000000000000e+00
1.000000000000000000e+00
1.000000000000000000e+00
0.000000000000000000e+00
0.000000000000000000e+00
0.000000000000000000e+00
0.000000000000000000e+00
0.000000000000000000e+00
0.000000000000000000e+00
0.000000000000000000e+00
0.000000000000000000e+00
0.000000000000000000e+00
0.000000000000000000e+00
0.000000000000000000e+00
0.000000000000000000e+00
0.000000000000000000e+00
0.000000000000000000e+00
0.000000000000000000e+00
0.000000000000000000e+00
0.000000000000000000e+00
0.000000000000000000e+00
0.000000000000000000e+00
0.000000000000000000e+00
0.000000000000000000e+00
0.000000000000000000e+00
0.000000000000000000e+00
0.000000000000000000e+00
0.000000000000000000e+00
0.000000000000000000e+00
0.000000000000000000e+00
