-1.000000000000000000e+00
0.000000000000000000e+00
3.139850111138905997e-01
5.911497188174913431e-01
7.149051781474085043e-01
6.555772540562755379e-01
6.326212423305122012e-01
8.388243437421233351e-01
9.389045770596867735e-01
1.000000000000000000e+00
5.644346458921590814e-01
7.628807098453311841e-01
8.738186134297177832e-01
9.525545310439098579e-01
4.956777417645688577e-01
6.654338627268390205e-01
7.706732859783196332e-01
8.500479994161251884e-01
4.479336209548436809e-01
5.766850193498526123e-01
6.589711838729938043e-01
7.313159767539226808e-01
0.000000000000000000e+00
1.000000000000000000e+00
1.000000000000000000e+00
1.000000000000000000e+00
1.000000000000000000e+00
0.000000000000000000e+00
0.000000000000000000e+00
0.000000000000000000e+00
0.000000000000000000e+00
0.000000000000000000e+00
0.000000000000000000e+00
0.000000000000000000e+00
0.000000000000000000e+00
0.000000000000000000e+00
0.000000000000000000e+00
0.000000000000000000e+00
0.000000000000000000e+00
0.000000000000000000e+00
0.000000000000000000e+00
0.000000000000000000e+00
0.000000000000000000e+00
0.000000000000000000e+00
0.000000000000000000e+00
0.000000000000000000e+00
0.000000000000000000e+00
0.000000000000000000e+00
0.000000000000000000e+00
0.000000000000000000e+00
0.000000000000000000e+00
0.000000000000000000e+00
0.000000000000000000e+00
0.000000000000000000e+00
