-1.000000000000000000e+00
0.000000000000000000e+00
2.941168290889576431e-01
5.223681269384164993e-01
6.663169831710415991e-01
7.493313278795253884e-01
6.299986618179178599e-01
9.603132582130408101e-01
1.000000000000000000e+00
9.405066264057320158e-01
5.458254689675177129e-01
8.651693465170281483e-01
9.266768320340131870e-01
8.976200630531386837e-01
4.420575685314417358e-01
7.480626969527883752e-01
8.131163481872935028e-01
7.982085024405957130e-01
3.684316619099260448e-01
5.501538933032557033e-01
6.440145760181665846e-01
6.844932799221046249e-01
0.000000000000000000e+00
0.000000000000000000e+00
0.000000000000000000e+00
0.000000000000000000e+00
0.000000000000000000e+00
0.000000000000000000e+00
0.000000000000000000e+00
0.000000000000000000e+00
0.000000000000000000e+00
0.000000000000000000e+00
0.000000000000000000e+00
0.000000000000000000e+00
0.000000000000000000e+00
0.000000000000000000e+00
0.000000000000000000e+00
0.000000000000000000e+00
0.000000000000000000e+00
0.000000000000000000e+00
0.000000000000000000e+00
0.000000000000000000e+00
0.000000000000000000e+00
0.000000000000000000e+00
0.000000000000000000e+00
0.000000000000000000e+00
0.000000000000000000e+00
0.000000000000000000e+00
0.000000000000000000e+00
0.000000000000000000e+00
0.000000000000000000e+00
0.000000000000000000e+00
0.000000000000000000e+00
0.000000000000000000e+00
