-1.000000000000000000e+00
0.000000000000000000e+00
3.072553305687287795e-01
5.773272002690746918e-01
7.776543973293071899e-01
8.403151596550942903e-01
6.154171256032452408e-01
8.970726666476590561e-01
1.000000000000000000e+00
9.699313913727273251e-01
5.543340339211283441e-01
9.166547675826475228e-01
9.544530133847650699e-01
8.816430374327174357e-01
5.219026284193962750e-01
8.201124270065895949e-01
8.179759876925386530e-01
7.496938570726983109e-01
4.841596400920145649e-01
6.932093288994651825e-01
7.003390490109169253e-01
6.480742625099465970e-01
0.000000000000000000e+00
1.000000000000000000e+00
1.000000000000000000e+00
1.000000000000000000e+00
1.000000000000000000e+00
0.000000000000000000e+00
0.000000000000000000e+00
0.000000000000000000e+00
0.000000000000000000e+00
0.000000000000000000e+00
0.000000000000000000e+00
0.000000000000000000e+00
0.000000000000000000e+00
0.000000000000000000e+00
0.000000000000000000e+00
0.000000000000000000e+00
0.000000000000000000e+00
0.000000000000000000e+00
0.000000000000000000e+00
0.000000000000000000e+00
0.000000000000000000e+00
0.000000000000000000e+00
0.000000000000000000e+00
0.000000000000000000e+00
0.000000000000000000e+00
0.000000000000000000e+00
0.000000000000000000e+00
0.000000000000000000e+00
0.000000000000000000e+00
0.000000000000000000e+00
0.000000000000000000e+00
0.000000000000000000e+00
