-1.000000000000000000e+00
0.000000000000000000e+00
3.541815869514268744e-01
6.782626915846650117e-01
8.893660338436819579e-01
8.923145506599319265e-01
7.331657052843454370e-01
9.934751271910580162e-01
1.000000000000000000e+00
9.134810969479375542e-01
6.426760666563763325e-01
8.748133951897006932e-01
8.628552715738432299e-01
7.966085561632709755e-01
5.609647636992579622e-01
7.561400038101407928e-01
7.552657826352482395e-01
7.088469851960266244e-01
4.889945739961685245e-01
5.922423802567318152e-01
5.809658047967927175e-01
5.372630681656135332e-01
0.000000000000000000e+00
0.000000000000000000e+00
0.000000000000000000e+00
1.000000000000000000e+00
1.000000000000000000e+00
0.000000000000000000e+00
0.000000000000000000e+00
0.000000000000000000e+00
0.000000000000000000e+00
0.000000000000000000e+00
0.000000000000000000e+00
0.000000000000000000e+00
0.000000000000000000e+00
0.000000000000000000e+00
0.000000000000000000e+00
0.000000000000000000e+00
0.000000000000000000e+00
0.000000000000000000e+00
0.000000000000000000e+00
0.000000000000000000e+00
0.000000000000000000e+00
0.000000000000000000e+00
0.000000000000000000e+00
0.000000000000000000e+00
0.000000000000000000e+00
0.000000000000000000e+00
0.000000000000000000e+00
0.000000000000000000e+00
0.000000000000000000e+00
0.000000000000000000e+00
0.000000000000000000e+00
0.000000000000000000e+00
