-1.000000000000000000e+00
0.000000000000000000e+00
3.419680502775983011e-01
6.518669008864476089e-01
8.502071387329760421e-01
8.586916525485410734e-01
7.065941197772974691e-01
9.747892441500605187e-01
1.000000000000000000e+00
9.216000975447614652e-01
6.234981540856915361e-01
8.616751478421721400e-01
8.488255027790221341e-01
7.825393432866897259e-01
5.517928331630566063e-01
7.464322291609912785e-01
7.443819586558051427e-01
7.023595722483118031e-01
4.903500946144935257e-01
5.921308425801918851e-01
5.751154980816299833e-01
5.271245547973779644e-01
0.000000000000000000e+00
0.000000000000000000e+00
0.000000000000000000e+00
1.000000000000000000e+00
1.000000000000000000e+00
0.000000000000000000e+00
0.000000000000000000e+00
0.000000000000000000e+00
0.000000000000000000e+00
0.000000000000000000e+00
0.000000000000000000e+00
0.000000000000000000e+00
0.000000000000000000e+00
0.000000000000000000e+00
0.000000000000000000e+00
0.000000000000000000e+00
0.000000000000000000e+00
0.000000000000000000e+00
0.000000000000000000e+00
0.000000000000000000e+00
0.000000000000000000e+00
0.000000000000000000e+00
0.000000000000000000e+00
0.000000000000000000e+00
0.000000000000000000e+00
0.000000000000000000e+00
0.000000000000000000e+00
0.000000000000000000e+00
0.000000000000000000e+00
0.000000000000000000e+00
0.000000000000000000e+00
0.000000000000000000e+00
