-1.000000000000000000e+00
0.000000000000000000e+00
3.553164749683544454e-01
6.405705961955759919e-01
8.266115921494968655e-01
8.622651614900948003e-01
7.207749784125068171e-01
9.740799645876626611e-01
1.000000000000000000e+00
9.429258962864797144e-01
6.379223859524764118e-01
8.848403683298168287e-01
8.635713964834880185e-01
7.861247518016380997e-01
5.614745111280143863e-01
7.585529322470767610e-01
7.311785451206006536e-01
6.754009366769092582e-01
4.935231552686714651e-01
6.066714526325269752e-01
5.792048037247706782e-01
5.231505489715788659e-01
0.000000000000000000e+00
0.000000000000000000e+00
0.000000000000000000e+00
0.000000000000000000e+00
0.000000000000000000e+00
0.000000000000000000e+00
0.000000000000000000e+00
0.000000000000000000e+00
0.000000000000000000e+00
0.000000000000000000e+00
0.000000000000000000e+00
0.000000000000000000e+00
0.000000000000000000e+00
0.000000000000000000e+00
0.000000000000000000e+00
0.000000000000000000e+00
0.000000000000000000e+00
0.000000000000000000e+00
0.000000000000000000e+00
0.000000000000000000e+00
0.000000000000000000e+00
0.000000000000000000e+00
0.000000000000000000e+00
0.000000000000000000e+00
0.000000000000000000e+00
0.000000000000000000e+00
0.000000000000000000e+00
0.000000000000000000e+00
0.000000000000000000e+00
0.000000000000000000e+00
0.000000000000000000e+00
0.000000000000000000e+00
