-1.000000000000000000e+00
0.000000000000000000e+00
3.264592294602914335e-01
6.001528938930195123e-01
6.632601776751688716e-01
5.889864657464579656e-01
7.180480297096825115e-01
9.618793581059897901e-01
1.000000000000000000e+00
9.798324704613531333e-01
6.500850006808842618e-01
9.438725122314808313e-01
9.138007599084035926e-01
8.236869423180621652e-01
5.812164543835387498e-01
8.308635666805520570e-01
7.612626763150681652e-01
6.670254325287985342e-01
5.333048984280210902e-01
7.248314574332179738e-01
6.658850565913224662e-01
5.780562343478562459e-01
0.000000000000000000e+00
1.000000000000000000e+00
0.000000000000000000e+00
0.000000000000000000e+00
0.000000000000000000e+00
0.000000000000000000e+00
0.000000000000000000e+00
0.000000000000000000e+00
0.000000000000000000e+00
0.000000000000000000e+00
0.000000000000000000e+00
0.000000000000000000e+00
0.000000000000000000e+00
0.000000000000000000e+00
0.000000000000000000e+00
0.000000000000000000e+00
0.000000000000000000e+00
0.000000000000000000e+00
0.000000000000000000e+00
0.000000000000000000e+00
0.000000000000000000e+00
0.000000000000000000e+00
0.000000000000000000e+00
0.000000000000000000e+00
0.000000000000000000e+00
0.000000000000000000e+00
0.000000000000000000e+00
0.000000000000000000e+00
0.000000000000000000e+00
0.000000000000000000e+00
0.000000000000000000e+00
0.000000000000000000e+00
