-1.000000000000000000e+00
0.000000000000000000e+00
3.150970756323741573e-01
5.917145015194448243e-01
7.944046570842517863e-01
8.317055480067478967e-01
6.318316702682357233e-01
9.003113853317703530e-01
1.000000000000000000e+00
9.814265966746068548e-01
5.715066401586283984e-01
9.049086947376517864e-01
9.366256753248370925e-01
8.631410221009855332e-01
5.290817600570094648e-01
8.008778547013155613e-01
7.905450706083629875e-01
7.225254897387907160e-01
4.861794276446638197e-01
6.707818306197151914e-01
6.631266085229250429e-01
6.090021327419629094e-01
0.000000000000000000e+00
1.000000000000000000e+00
1.000000000000000000e+00
1.000000000000000000e+00
1.000000000000000000e+00
0.000000000000000000e+00
0.000000000000000000e+00
0.000000000000000000e+00
0.000000000000000000e+00
0.000000000000000000e+00
0.000000000000000000e+00
0.000000000000000000e+00
0.000000000000000000e+00
0.000000000000000000e+00
0.000000000000000000e+00
0.000000000000000000e+00
0.000000000000000000e+00
0.000000000000000000e+00
0.000000000000000000e+00
0.000000000000000000e+00
0.000000000000000000e+00
0.000000000000000000e+00
0.000000000000000000e+00
0.000000000000000000e+00
0.000000000000000000e+00
0.000000000000000000e+00
0.000000000000000000e+00
0.000000000000000000e+00
0.000000000000000000e+00
0.000000000000000000e+00
0.000000000000000000e+00
0.000000000000000000e+00
