-1.000000000000000000e+00
0.000000000000000000e+00
3.370463618641714731e-01
6.503147213614225430e-01
8.048713486111339632e-01
7.587756190235617204e-01
6.750895077406636746e-01
9.618487669692066255e-01
1.000000000000000000e+00
9.421475553078492160e-01
6.081831573285857440e-01
9.268964551246123840e-01
8.907933181122145161e-01
7.898441126761471809e-01
5.665518075999983472e-01
8.243473069372744266e-01
7.723527837930204143e-01
6.868804103963565000e-01
5.420741501356499681e-01
7.252660727401553098e-01
6.837479712838119283e-01
6.088883716019125592e-01
0.000000000000000000e+00
1.000000000000000000e+00
1.000000000000000000e+00
1.000000000000000000e+00
1.000000000000000000e+00
0.000000000000000000e+00
0.000000000000000000e+00
0.000000000000000000e+00
0.000000000000000000e+00
0.000000000000000000e+00
0.000000000000000000e+00
0.000000000000000000e+00
0.000000000000000000e+00
0.000000000000000000e+00
0.000000000000000000e+00
0.000000000000000000e+00
0.000000000000000000e+00
0.000000000000000000e+00
0.000000000000000000e+00
0.000000000000000000e+00
0.000000000000000000e+00
0.000000000000000000e+00
0.000000000000000000e+00
0.000000000000000000e+00
0.000000000000000000e+00
0.000000000000000000e+00
0.000000000000000000e+00
0.000000000000000000e+00
0.000000000000000000e+00
0.000000000000000000e+00
0.000000000000000000e+00
0.000000000000000000e+00
