-1.000000000000000000e+00
0.000000000000000000e+00
3.536418900541015153e-01
6.622693412136467783e-01
8.039649776761317312e-01
7.233979019249924258e-01
6.927450213186663319e-01
9.936773669631867589e-01
1.000000000000000000e+00
9.121426353405031051e-01
6.234208921931101433e-01
9.375883334099541777e-01
9.016058155686689224e-01
8.009294800100295042e-01
5.785389349589210584e-01
8.375755030292622028e-01
7.842800566903339599e-01
6.887669217607380601e-01
5.412804571640863482e-01
7.302989110474527035e-01
6.863143811266185779e-01
6.014653653934713962e-01
0.000000000000000000e+00
0.000000000000000000e+00
1.000000000000000000e+00
1.000000000000000000e+00
1.000000000000000000e+00
0.000000000000000000e+00
0.000000000000000000e+00
0.000000000000000000e+00
0.000000000000000000e+00
0.000000000000000000e+00
0.000000000000000000e+00
0.000000000000000000e+00
0.000000000000000000e+00
0.000000000000000000e+00
0.000000000000000000e+00
0.000000000000000000e+00
0.000000000000000000e+00
0.000000000000000000e+00
0.000000000000000000e+00
0.000000000000000000e+00
0.000000000000000000e+00
0.000000000000000000e+00
0.000000000000000000e+00
0.000000000000000000e+00
0.000000000000000000e+00
0.000000000000000000e+00
0.000000000000000000e+00
0.000000000000000000e+00
0.000000000000000000e+00
0.000000000000000000e+00
0.000000000000000000e+00
0.000000000000000000e+00
