-1.000000000000000000e+00
0.000000000000000000e+00
3.493692380824813259e-01
6.478772218000135030e-01
7.939799402587125465e-01
7.115532790970310328e-01
7.028871828582224923e-01
9.896520858008047705e-01
1.000000000000000000e+00
9.092567061046826771e-01
6.322629533659447354e-01
9.336020591499762933e-01
8.976104380538957317e-01
7.999572058709953915e-01
5.794212029963150545e-01
8.286088127672145420e-01
7.721309130318600999e-01
6.841347823876613443e-01
5.257110505708409987e-01
7.191311570559436595e-01
6.847800952825552345e-01
6.050908143087199154e-01
0.000000000000000000e+00
0.000000000000000000e+00
1.000000000000000000e+00
1.000000000000000000e+00
1.000000000000000000e+00
0.000000000000000000e+00
0.000000000000000000e+00
0.000000000000000000e+00
0.000000000000000000e+00
0.000000000000000000e+00
0.000000000000000000e+00
0.000000000000000000e+00
0.000000000000000000e+00
0.000000000000000000e+00
0.000000000000000000e+00
0.000000000000000000e+00
0.000000000000000000e+00
0.000000000000000000e+00
0.000000000000000000e+00
0.000000000000000000e+00
0.000000000000000000e+00
0.000000000000000000e+00
0.000000000000000000e+00
0.000000000000000000e+00
0.000000000000000000e+00
0.000000000000000000e+00
0.000000000000000000e+00
0.000000000000000000e+00
0.000000000000000000e+00
0.000000000000000000e+00
0.000000000000000000e+00
0.000000000000000000e+00
