-1.000000000000000000e+00
0.000000000000000000e+00
3.372051871584321736e-01
6.222435031262458782e-01
8.357298233091159378e-01
8.834303777363445853e-01
5.811371663382830510e-01
8.777827650953599070e-01
9.991201244012514193e-01
1.000000000000000000e+00
5.420380912991611400e-01
8.753741827886526439e-01
9.428745505891183987e-01
9.068778453586324728e-01
5.312645970084092228e-01
8.042663117893352753e-01
8.292973223350256218e-01
7.893558576563547424e-01
5.066857399372610704e-01
6.988533090833926043e-01
7.096521680824249279e-01
6.702152687694172828e-01
0.000000000000000000e+00
1.000000000000000000e+00
1.000000000000000000e+00
1.000000000000000000e+00
1.000000000000000000e+00
0.000000000000000000e+00
0.000000000000000000e+00
0.000000000000000000e+00
0.000000000000000000e+00
0.000000000000000000e+00
0.000000000000000000e+00
0.000000000000000000e+00
0.000000000000000000e+00
0.000000000000000000e+00
0.000000000000000000e+00
0.000000000000000000e+00
0.000000000000000000e+00
0.000000000000000000e+00
0.000000000000000000e+00
0.000000000000000000e+00
0.000000000000000000e+00
0.000000000000000000e+00
0.000000000000000000e+00
0.000000000000000000e+00
0.000000000000000000e+00
0.000000000000000000e+00
0.000000000000000000e+00
0.000000000000000000e+00
0.000000000000000000e+00
0.000000000000000000e+00
0.000000000000000000e+00
0.000000000000000000e+00
