-1.000000000000000000e+00
0.000000000000000000e+00
3.229978007185373423e-01
6.073848493383348091e-01
8.475974657158037440e-01
9.048573945139125607e-01
5.449619253908402072e-01
8.522506323740820511e-01
9.873288670731206196e-01
1.000000000000000000e+00
5.205103723189790088e-01
8.618128118974591745e-01
9.518748823211502508e-01
9.344266344541529712e-01
5.256981690525845963e-01
7.973454751707095278e-01
8.318826719128474823e-01
8.003479434770359724e-01
5.141822865078830018e-01
7.190715240727205693e-01
7.267585861379536327e-01
6.789038685765418357e-01
0.000000000000000000e+00
1.000000000000000000e+00
1.000000000000000000e+00
1.000000000000000000e+00
1.000000000000000000e+00
0.000000000000000000e+00
0.000000000000000000e+00
0.000000000000000000e+00
0.000000000000000000e+00
0.000000000000000000e+00
0.000000000000000000e+00
0.000000000000000000e+00
0.000000000000000000e+00
0.000000000000000000e+00
0.000000000000000000e+00
0.000000000000000000e+00
0.000000000000000000e+00
0.000000000000000000e+00
0.000000000000000000e+00
0.000000000000000000e+00
0.000000000000000000e+00
0.000000000000000000e+00
0.000000000000000000e+00
0.000000000000000000e+00
0.000000000000000000e+00
0.000000000000000000e+00
0.000000000000000000e+00
0.000000000000000000e+00
0.000000000000000000e+00
0.000000000000000000e+00
0.000000000000000000e+00
0.000000000000000000e+00
