-1.000000000000000000e+00
0.000000000000000000e+00
3.205584385429953165e-01
5.946225148354247203e-01
8.276703839791833550e-01
8.918915272085221613e-01
5.394441274063042080e-01
8.301250378061666435e-01
9.669468050398584147e-01
1.000000000000000000e+00
5.122161565705256603e-01
8.423445910947227055e-01
9.471752563844850759e-01
9.516500027820214980e-01
5.148743384264883316e-01
7.834045757451195691e-01
8.393646874588525097e-01
8.286510537303732882e-01
5.001615896925306615e-01
7.129971599450517505e-01
7.386465762845839667e-01
7.108853452999520650e-01
0.000000000000000000e+00
1.000000000000000000e+00
1.000000000000000000e+00
1.000000000000000000e+00
1.000000000000000000e+00
0.000000000000000000e+00
0.000000000000000000e+00
0.000000000000000000e+00
0.000000000000000000e+00
0.000000000000000000e+00
0.000000000000000000e+00
0.000000000000000000e+00
0.000000000000000000e+00
0.000000000000000000e+00
0.000000000000000000e+00
0.000000000000000000e+00
0.000000000000000000e+00
0.000000000000000000e+00
0.000000000000000000e+00
0.000000000000000000e+00
0.000000000000000000e+00
0.000000000000000000e+00
0.000000000000000000e+00
0.000000000000000000e+00
0.000000000000000000e+00
0.000000000000000000e+00
0.000000000000000000e+00
0.000000000000000000e+00
0.000000000000000000e+00
0.000000000000000000e+00
0.000000000000000000e+00
0.000000000000000000e+00
