-1.000000000000000000e+00
0.000000000000000000e+00
2.931785546388649966e-01
6.038056893489626153e-01
8.140662924306539816e-01
8.062460037968667281e-01
7.846524646075574427e-01
1.000000000000000000e+00
8.303969404699396151e-01
7.108974076356044947e-01
7.656002241345621906e-01
9.819993041941095235e-01
7.767669359485062097e-01
6.670805766079120902e-01
7.301818844005597553e-01
9.318211183758213778e-01
7.189655046360856616e-01
6.167510853391539039e-01
6.934135067170151823e-01
8.265513466533919162e-01
6.672509517681080027e-01
5.790001293057375209e-01
1.000000000000000000e+00
0.000000000000000000e+00
0.000000000000000000e+00
0.000000000000000000e+00
0.000000000000000000e+00
0.000000000000000000e+00
0.000000000000000000e+00
0.000000000000000000e+00
0.000000000000000000e+00
0.000000000000000000e+00
0.000000000000000000e+00
0.000000000000000000e+00
0.000000000000000000e+00
0.000000000000000000e+00
0.000000000000000000e+00
0.000000000000000000e+00
0.000000000000000000e+00
0.000000000000000000e+00
0.000000000000000000e+00
0.000000000000000000e+00
0.000000000000000000e+00
0.000000000000000000e+00
0.000000000000000000e+00
0.000000000000000000e+00
0.000000000000000000e+00
0.000000000000000000e+00
0.000000000000000000e+00
0.000000000000000000e+00
0.000000000000000000e+00
0.000000000000000000e+00
0.000000000000000000e+00
0.000000000000000000e+00
