1.000000000000000000e+00
0.000000000000000000e+00
3.432103216352315189e-01
6.129631549103519150e-01
7.657877317004893047e-01
8.304436894122443347e-01
8.425486792768870359e-01
1.000000000000000000e+00
9.046699029424836169e-01
7.896761407596132321e-01
8.039247563613510783e-01
9.710487243868232143e-01
8.810554940923854828e-01
7.535376744226787160e-01
7.471151402851436973e-01
8.939136642876269745e-01
8.097646584401976266e-01
6.816285156021278935e-01
6.815690924410502394e-01
8.139275841470083872e-01
7.452323956265274330e-01
6.297985478372304380e-01
0.000000000000000000e+00
0.000000000000000000e+00
0.000000000000000000e+00
0.000000000000000000e+00
0.000000000000000000e+00
0.000000000000000000e+00
0.000000000000000000e+00
0.000000000000000000e+00
0.000000000000000000e+00
0.000000000000000000e+00
0.000000000000000000e+00
0.000000000000000000e+00
0.000000000000000000e+00
0.000000000000000000e+00
0.000000000000000000e+00
0.000000000000000000e+00
0.000000000000000000e+00
0.000000000000000000e+00
0.000000000000000000e+00
0.000000000000000000e+00
0.000000000000000000e+00
0.000000000000000000e+00
0.000000000000000000e+00
0.000000000000000000e+00
0.000000000000000000e+00
0.000000000000000000e+00
0.000000000000000000e+00
0.000000000000000000e+00
0.000000000000000000e+00
0.000000000000000000e+00
0.000000000000000000e+00
0.000000000000000000e+00
