1.000000000000000000e+00
0.000000000000000000e+00
3.440723139027809241e-01
5.940662233599436348e-01
7.566665752016438207e-01
8.146310757346271192e-01
8.609250520484861280e-01
1.000000000000000000e+00
9.139292173773860828e-01
7.980847953684309104e-01
8.352379368086617628e-01
9.717679993374207514e-01
8.904277679962407932e-01
7.639056307180961403e-01
7.851640115794892294e-01
9.166012472948276146e-01
8.376034227235885643e-01
7.112970891332900392e-01
7.167192118590158811e-01
8.297771661093378270e-01
7.608905959394680618e-01
6.530584116016225904e-01
0.000000000000000000e+00
0.000000000000000000e+00
0.000000000000000000e+00
0.000000000000000000e+00
0.000000000000000000e+00
0.000000000000000000e+00
0.000000000000000000e+00
0.000000000000000000e+00
0.000000000000000000e+00
0.000000000000000000e+00
0.000000000000000000e+00
0.000000000000000000e+00
0.000000000000000000e+00
0.000000000000000000e+00
0.000000000000000000e+00
0.000000000000000000e+00
0.000000000000000000e+00
0.000000000000000000e+00
0.000000000000000000e+00
0.000000000000000000e+00
0.000000000000000000e+00
0.000000000000000000e+00
0.000000000000000000e+00
0.000000000000000000e+00
0.000000000000000000e+00
0.000000000000000000e+00
0.000000000000000000e+00
0.000000000000000000e+00
0.000000000000000000e+00
0.000000000000000000e+00
0.000000000000000000e+00
0.000000000000000000e+00
