-1.000000000000000000e+00
0.000000000000000000e+00
2.842776237217150559e-01
6.045403029329248223e-01
7.937412045548407624e-01
7.609657974121520896e-01
7.722450683015255057e-01
1.000000000000000000e+00
7.865198844791849719e-01
6.783064832581949810e-01
7.581824385719534432e-01
9.881665045647016754e-01
7.401140099781522430e-01
6.459375620626324199e-01
7.248987006838852887e-01
9.393150755524135587e-01
6.974747409020588540e-01
6.115517570979626116e-01
6.891948900367843578e-01
8.004354488908625997e-01
6.318604980942827964e-01
5.581453106529853381e-01
1.000000000000000000e+00
0.000000000000000000e+00
0.000000000000000000e+00
0.000000000000000000e+00
0.000000000000000000e+00
0.000000000000000000e+00
0.000000000000000000e+00
0.000000000000000000e+00
0.000000000000000000e+00
0.000000000000000000e+00
0.000000000000000000e+00
0.000000000000000000e+00
0.000000000000000000e+00
0.000000000000000000e+00
0.000000000000000000e+00
0.000000000000000000e+00
0.000000000000000000e+00
0.000000000000000000e+00
0.000000000000000000e+00
0.000000000000000000e+00
0.000000000000000000e+00
0.000000000000000000e+00
0.000000000000000000e+00
0.000000000000000000e+00
0.000000000000000000e+00
0.000000000000000000e+00
0.000000000000000000e+00
0.000000000000000000e+00
0.000000000000000000e+00
0.000000000000000000e+00
0.000000000000000000e+00
0.000000000000000000e+00
