-1.000000000000000000e+00
0.000000000000000000e+00
2.474679577879180803e-01
5.782797243357465922e-01
7.448123592678942417e-01
7.183279920724980894e-01
8.162139907007219808e-01
1.000000000000000000e+00
7.320585647779581651e-01
6.598679928287163321e-01
7.900817226602799836e-01
9.751380883237542596e-01
6.764307407308847164e-01
6.287370484744636556e-01
7.448090974097775208e-01
9.262009432910754958e-01
6.387977308823498124e-01
5.846252052905430707e-01
7.066479633278333061e-01
8.092472258363833104e-01
6.166290705692051288e-01
5.634902297866332122e-01
1.000000000000000000e+00
0.000000000000000000e+00
0.000000000000000000e+00
0.000000000000000000e+00
0.000000000000000000e+00
0.000000000000000000e+00
0.000000000000000000e+00
0.000000000000000000e+00
0.000000000000000000e+00
0.000000000000000000e+00
0.000000000000000000e+00
0.000000000000000000e+00
0.000000000000000000e+00
0.000000000000000000e+00
0.000000000000000000e+00
0.000000000000000000e+00
0.000000000000000000e+00
0.000000000000000000e+00
0.000000000000000000e+00
0.000000000000000000e+00
0.000000000000000000e+00
0.000000000000000000e+00
0.000000000000000000e+00
0.000000000000000000e+00
0.000000000000000000e+00
0.000000000000000000e+00
0.000000000000000000e+00
0.000000000000000000e+00
0.000000000000000000e+00
0.000000000000000000e+00
0.000000000000000000e+00
0.000000000000000000e+00
