-1.000000000000000000e+00
0.000000000000000000e+00
2.058280269944017804e-01
4.387214514153043865e-01
6.184131700569599488e-01
6.516737119065182382e-01
9.845660105237274973e-01
9.803316997431026358e-01
7.468032866802669645e-01
6.529113682664073881e-01
1.000000000000000000e+00
9.657362850853181691e-01
7.242190007440166832e-01
6.659887881660396802e-01
9.547172308074728386e-01
9.289277233727482042e-01
7.585330375561417648e-01
7.300090051830449012e-01
8.761101680957018578e-01
9.003899529551645520e-01
8.255963488688560226e-01
8.374871392122231750e-01
1.000000000000000000e+00
0.000000000000000000e+00
0.000000000000000000e+00
0.000000000000000000e+00
0.000000000000000000e+00
0.000000000000000000e+00
0.000000000000000000e+00
0.000000000000000000e+00
0.000000000000000000e+00
0.000000000000000000e+00
0.000000000000000000e+00
0.000000000000000000e+00
0.000000000000000000e+00
0.000000000000000000e+00
0.000000000000000000e+00
0.000000000000000000e+00
0.000000000000000000e+00
0.000000000000000000e+00
0.000000000000000000e+00
0.000000000000000000e+00
0.000000000000000000e+00
0.000000000000000000e+00
0.000000000000000000e+00
0.000000000000000000e+00
0.000000000000000000e+00
0.000000000000000000e+00
0.000000000000000000e+00
0.000000000000000000e+00
0.000000000000000000e+00
0.000000000000000000e+00
0.000000000000000000e+00
0.000000000000000000e+00
