-1.000000000000000000e+00
0.000000000000000000e+00
2.005268844218520141e-01
4.439364614506783879e-01
5.531244392930402265e-01
6.156303911892627712e-01
7.648828804099992995e-01
9.279060253394514346e-01
9.761063086538998013e-01
9.063274216280565732e-01
7.818764528907019562e-01
9.521782963871020522e-01
1.000000000000000000e+00
9.467512298233825563e-01
7.472141801771385872e-01
8.940636127989267656e-01
8.660471585625235669e-01
7.823255004227795961e-01
6.831661317135629963e-01
8.030030883338837855e-01
7.736974441640483979e-01
7.124738447263454511e-01
1.000000000000000000e+00
0.000000000000000000e+00
0.000000000000000000e+00
0.000000000000000000e+00
0.000000000000000000e+00
0.000000000000000000e+00
0.000000000000000000e+00
0.000000000000000000e+00
0.000000000000000000e+00
0.000000000000000000e+00
0.000000000000000000e+00
0.000000000000000000e+00
0.000000000000000000e+00
0.000000000000000000e+00
0.000000000000000000e+00
0.000000000000000000e+00
0.000000000000000000e+00
0.000000000000000000e+00
0.000000000000000000e+00
0.000000000000000000e+00
0.000000000000000000e+00
0.000000000000000000e+00
0.000000000000000000e+00
0.000000000000000000e+00
0.000000000000000000e+00
0.000000000000000000e+00
0.000000000000000000e+00
0.000000000000000000e+00
0.000000000000000000e+00
0.000000000000000000e+00
0.000000000000000000e+00
0.000000000000000000e+00
