-1.000000000000000000e+00
0.000000000000000000e+00
2.729760095296210332e-01
5.652886513952638525e-01
7.429284842336669747e-01
8.160493689820600416e-01
8.377775555930696560e-01
1.000000000000000000e+00
8.055560537438344326e-01
7.310824914362650251e-01
8.165018739911472645e-01
9.622086002763542423e-01
7.328653331885333078e-01
6.875981626688471016e-01
7.621526377882856806e-01
9.067019833067159196e-01
6.785226351792691402e-01
6.263455532411663640e-01
6.960619907210001678e-01
7.737310044943547238e-01
6.209223453339726140e-01
5.696555701931085292e-01
1.000000000000000000e+00
0.000000000000000000e+00
0.000000000000000000e+00
0.000000000000000000e+00
0.000000000000000000e+00
0.000000000000000000e+00
0.000000000000000000e+00
0.000000000000000000e+00
0.000000000000000000e+00
0.000000000000000000e+00
0.000000000000000000e+00
0.000000000000000000e+00
0.000000000000000000e+00
0.000000000000000000e+00
0.000000000000000000e+00
0.000000000000000000e+00
0.000000000000000000e+00
0.000000000000000000e+00
0.000000000000000000e+00
0.000000000000000000e+00
0.000000000000000000e+00
0.000000000000000000e+00
0.000000000000000000e+00
0.000000000000000000e+00
0.000000000000000000e+00
0.000000000000000000e+00
0.000000000000000000e+00
0.000000000000000000e+00
0.000000000000000000e+00
0.000000000000000000e+00
0.000000000000000000e+00
0.000000000000000000e+00
