-1.000000000000000000e+00
0.000000000000000000e+00
2.336988731137581710e-01
5.048525543022778228e-01
7.183719498829208572e-01
8.698856682701687770e-01
8.563127347712562454e-01
1.000000000000000000e+00
7.501578899203155126e-01
6.847492081770443217e-01
8.246233048631398388e-01
9.723743559971669281e-01
6.916411705463667570e-01
6.593325491163983809e-01
7.812106915850630662e-01
9.127842904270347946e-01
6.485228870709233151e-01
6.091200615593538314e-01
7.351159766689036035e-01
8.060236754859643193e-01
6.282010256451057151e-01
5.791020960837097720e-01
1.000000000000000000e+00
0.000000000000000000e+00
0.000000000000000000e+00
0.000000000000000000e+00
0.000000000000000000e+00
0.000000000000000000e+00
0.000000000000000000e+00
0.000000000000000000e+00
0.000000000000000000e+00
0.000000000000000000e+00
0.000000000000000000e+00
0.000000000000000000e+00
0.000000000000000000e+00
0.000000000000000000e+00
0.000000000000000000e+00
0.000000000000000000e+00
0.000000000000000000e+00
0.000000000000000000e+00
0.000000000000000000e+00
0.000000000000000000e+00
0.000000000000000000e+00
0.000000000000000000e+00
0.000000000000000000e+00
0.000000000000000000e+00
0.000000000000000000e+00
0.000000000000000000e+00
0.000000000000000000e+00
0.000000000000000000e+00
0.000000000000000000e+00
0.000000000000000000e+00
0.000000000000000000e+00
0.000000000000000000e+00
