-1.000000000000000000e+00
3.180766403675079346e-01
3.826179206371307373e-01
4.341863989830017090e-01
4.748493432998657227e-01
5.143814086914062500e-01
3.753693699836730957e-01
3.949736952781677246e-01
4.022676348686218262e-01
4.062037169933319092e-01
3.313073217868804932e-01
3.246947824954986572e-01
3.185786008834838867e-01
3.113833069801330566e-01
2.938458323478698730e-01
2.825131416320800781e-01
2.734619975090026855e-01
2.647631168365478516e-01
2.611892819404602051e-01
2.271330803632736206e-01
2.040473073720932007e-01
1.838626414537429810e-01
6.978625655174255371e-01
6.649885177612304688e-01
6.115620136260986328e-01
5.621124505996704102e-01
5.373538732528686523e-01
4.774418473243713379e-01
3.948107063770294189e-01
3.400553762912750244e-01
2.922641038894653320e-01
4.678880274295806885e-01
3.692563176155090332e-01
3.091253638267517090e-01
2.594006061553955078e-01
4.828680157661437988e-01
3.930553793907165527e-01
3.357133567333221436e-01
2.866988778114318848e-01
5.162862539291381836e-01
4.609293341636657715e-01
4.228365719318389893e-01
3.868650794029235840e-01
0.000000000000000000e+00
1.000000000000000000e+00
1.000000000000000000e+00
1.000000000000000000e+00
1.000000000000000000e+00
1.000000000000000000e+00
7.833937406539916992e-01
7.382948398590087891e-01
7.103984355926513672e-01
7.320556640625000000e-01
7.623999118804931641e-01
6.944720149040222168e-01
6.667435765266418457e-01
6.512707471847534180e-01
6.387736201286315918e-01
7.354595065116882324e-01
7.360160946846008301e-01
7.368061542510986328e-01
7.384756207466125488e-01
7.742193341255187988e-01
7.765295505523681641e-01
7.634632587432861328e-01
7.574416995048522949e-01
8.065992593765258789e-01
7.992176413536071777e-01
7.854703068733215332e-01
7.795804738998413086e-01
6.731904745101928711e-01
6.485681533813476562e-01
5.923320055007934570e-01
5.337986350059509277e-01
4.959751069545745850e-01
4.924445748329162598e-01
4.152752757072448730e-01
3.661557435989379883e-01
3.247758746147155762e-01
4.796395599842071533e-01
3.792957663536071777e-01
3.196670711040496826e-01
2.698253393173217773e-01
4.968523383140563965e-01
4.574245810508728027e-01
5.072754621505737305e-01
5.399955511093139648e-01
5.311913490295410156e-01
5.170551538467407227e-01
5.490801334381103516e-01
5.705673694610595703e-01
0.000000000000000000e+00
1.000000000000000000e+00
1.000000000000000000e+00
0.000000000000000000e+00
0.000000000000000000e+00
