-1.000000000000000000e+00
2.686202228069305420e-01
3.444882929325103760e-01
4.039275646209716797e-01
4.488276541233062744e-01
4.909443855285644531e-01
3.416780531406402588e-01
3.637371063232421875e-01
3.732720315456390381e-01
3.778862059116363525e-01
2.923763990402221680e-01
2.883885502815246582e-01
2.824267446994781494e-01
2.734547555446624756e-01
2.492540478706359863e-01
2.373178303241729736e-01
2.288263440132141113e-01
2.190415114164352417e-01
2.097551077604293823e-01
1.683915555477142334e-01
1.411142051219940186e-01
1.180320084095001221e-01
8.159759044647216797e-01
7.816836237907409668e-01
7.115980386734008789e-01
6.527898311614990234e-01
6.281671524047851562e-01
5.615149736404418945e-01
4.692304730415344238e-01
4.091319441795349121e-01
3.580163121223449707e-01
5.520728826522827148e-01
4.435084760189056396e-01
3.749963641166687012e-01
3.176556527614593506e-01
5.679342150688171387e-01
4.675946831703186035e-01
4.022645950317382812e-01
3.467091321945190430e-01
6.041594743728637695e-01
5.412132740020751953e-01
4.972481429576873779e-01
4.554117321968078613e-01
0.000000000000000000e+00
1.000000000000000000e+00
1.000000000000000000e+00
1.000000000000000000e+00
1.000000000000000000e+00
1.000000000000000000e+00
8.223901391029357910e-01
7.712991833686828613e-01
7.355720400810241699e-01
7.604115605354309082e-01
7.985749244689941406e-01
7.163539528846740723e-01
6.797845363616943359e-01
6.584123373031616211e-01
6.413903236389160156e-01
7.658887505531311035e-01
7.612321972846984863e-01
7.611527442932128906e-01
7.631748914718627930e-01
8.133853077888488770e-01
8.131558299064636230e-01
8.020221590995788574e-01
7.972434759140014648e-01
8.537372350692749023e-01
8.429300785064697266e-01
8.308861851692199707e-01
8.273092508316040039e-01
8.229030370712280273e-01
7.978039383888244629e-01
7.348328232765197754e-01
6.715911030769348145e-01
6.358255743980407715e-01
6.128670573234558105e-01
5.269767642021179199e-01
4.716957211494445801e-01
4.237096309661865234e-01
5.979920029640197754e-01
4.813492596149444580e-01
4.098311662673950195e-01
3.488558828830718994e-01
6.183850169181823730e-01
5.805105566978454590e-01
6.374019980430603027e-01
6.730296611785888672e-01
6.580340266227722168e-01
6.439099311828613281e-01
6.836283206939697266e-01
7.082262635231018066e-01
0.000000000000000000e+00
1.000000000000000000e+00
1.000000000000000000e+00
0.000000000000000000e+00
0.000000000000000000e+00
