-1.000000000000000000e+00
3.087531328201293945e-01
3.692658245563507080e-01
4.196774065494537354e-01
4.627372026443481445e-01
4.998431801795959473e-01
3.662474751472473145e-01
3.873726129531860352e-01
3.973392844200134277e-01
4.035286903381347656e-01
3.235118389129638672e-01
3.205247521400451660e-01
3.182808756828308105e-01
3.139505982398986816e-01
2.864651978015899658e-01
2.626889348030090332e-01
2.468056678771972656e-01
2.339193671941757202e-01
2.540088295936584473e-01
2.131526917219161987e-01
1.844104528427124023e-01
1.602978855371475220e-01
6.735672950744628906e-01
6.395413875579833984e-01
5.928117632865905762e-01
5.522993206977844238e-01
5.326586961746215820e-01
4.628175795078277588e-01
3.815560936927795410e-01
3.307455182075500488e-01
2.857611775398254395e-01
4.524221122264862061e-01
3.578542172908782959e-01
2.992367744445800781e-01
2.508017420768737793e-01
4.675352275371551514e-01
3.874202072620391846e-01
3.341173529624938965e-01
2.881700992584228516e-01
5.020752549171447754e-01
4.556336104869842529e-01
4.255211055278778076e-01
3.957024514675140381e-01
0.000000000000000000e+00
1.000000000000000000e+00
1.000000000000000000e+00
1.000000000000000000e+00
1.000000000000000000e+00
1.000000000000000000e+00
7.517988681793212891e-01
7.108051180839538574e-01
6.817846298217773438e-01
6.957300305366516113e-01
7.213218212127685547e-01
6.611908674240112305e-01
6.297572851181030273e-01
6.114114522933959961e-01
5.973582267761230469e-01
6.987916827201843262e-01
6.935051083564758301e-01
6.925194263458251953e-01
6.935957074165344238e-01
7.359703779220581055e-01
7.375579476356506348e-01
7.268409729003906250e-01
7.217677235603332520e-01
7.677680253982543945e-01
7.580391764640808105e-01
7.468315362930297852e-01
7.427806854248046875e-01
6.556448936462402344e-01
6.395803093910217285e-01
5.897568464279174805e-01
5.340251326560974121e-01
4.972077906131744385e-01
4.961784780025482178e-01
4.286928772926330566e-01
3.853277564048767090e-01
3.490304946899414062e-01
4.826539754867553711e-01
3.893038630485534668e-01
3.337621092796325684e-01
2.878198325634002686e-01
4.960913062095642090e-01
4.545269608497619629e-01
4.985288381576538086e-01
5.281422734260559082e-01
5.255225300788879395e-01
5.118817090988159180e-01
5.431464314460754395e-01
5.642141699790954590e-01
0.000000000000000000e+00
1.000000000000000000e+00
1.000000000000000000e+00
0.000000000000000000e+00
0.000000000000000000e+00
