-1.000000000000000000e+00
3.065129816532135010e-01
3.685674965381622314e-01
4.197996854782104492e-01
4.611905813217163086e-01
4.996985495090484619e-01
3.592390120029449463e-01
3.755747675895690918e-01
3.826062679290771484e-01
3.869922757148742676e-01
3.134738504886627197e-01
3.032650947570800781e-01
2.970588207244873047e-01
2.901453673839569092e-01
2.747388482093811035e-01
2.495565414428710938e-01
2.321353703737258911e-01
2.181957066059112549e-01
2.419796884059906006e-01
2.006337791681289673e-01
1.705738753080368042e-01
1.456528753042221069e-01
6.680734157562255859e-01
6.317706704139709473e-01
5.736477375030517578e-01
5.246229171752929688e-01
5.055513978004455566e-01
4.448282122611999512e-01
3.591762483119964600e-01
3.063162267208099365e-01
2.596845030784606934e-01
4.376325309276580811e-01
3.396530747413635254e-01
2.801223993301391602e-01
2.314541190862655640e-01
4.561368525028228760e-01
3.728147745132446289e-01
3.202652037143707275e-01
2.743141651153564453e-01
4.941417276859283447e-01
4.468147158622741699e-01
4.170603752136230469e-01
3.864842355251312256e-01
0.000000000000000000e+00
1.000000000000000000e+00
1.000000000000000000e+00
1.000000000000000000e+00
1.000000000000000000e+00
1.000000000000000000e+00
7.524623870849609375e-01
7.124837040901184082e-01
6.936206817626953125e-01
7.157838344573974609e-01
7.419154047966003418e-01
6.728008389472961426e-01
6.483526825904846191e-01
6.340978145599365234e-01
6.228770017623901367e-01
7.101116180419921875e-01
7.126078605651855469e-01
7.164774537086486816e-01
7.204262614250183105e-01
7.451118230819702148e-01
7.581298351287841797e-01
7.464490532875061035e-01
7.368569970130920410e-01
7.738013863563537598e-01
7.766857743263244629e-01
7.652491331100463867e-01
7.561188936233520508e-01
6.212027072906494141e-01
5.971847772598266602e-01
5.426700115203857422e-01
4.895020723342895508e-01
4.550408124923706055e-01
4.509619474411010742e-01
3.800051212310791016e-01
3.345282077789306641e-01
2.957867980003356934e-01
4.385366439819335938e-01
3.472400903701782227e-01
2.909715771675109863e-01
2.430677115917205811e-01
4.530878961086273193e-01
4.231383502483367920e-01
4.658377468585968018e-01
4.927322268486022949e-01
4.842000007629394531e-01
4.799968004226684570e-01
5.109009742736816406e-01
5.303937196731567383e-01
0.000000000000000000e+00
1.000000000000000000e+00
1.000000000000000000e+00
0.000000000000000000e+00
0.000000000000000000e+00
