-1.000000000000000000e+00
3.170654773712158203e-01
3.742467463016510010e-01
4.202106893062591553e-01
4.576600790023803711e-01
4.943407177925109863e-01
3.497678041458129883e-01
3.603948950767517090e-01
3.643984198570251465e-01
3.662111461162567139e-01
3.047393560409545898e-01
2.883459031581878662e-01
2.778375744819641113e-01
2.675883769989013672e-01
2.683185935020446777e-01
2.373422682285308838e-01
2.150016129016876221e-01
1.970345377922058105e-01
2.386448830366134644e-01
1.946925967931747437e-01
1.632798165082931519e-01
1.370884329080581665e-01
6.757215857505798340e-01
6.293882131576538086e-01
5.656354427337646484e-01
5.116205215454101562e-01
4.848216176033020020e-01
4.449120461940765381e-01
3.593072891235351562e-01
3.064521551132202148e-01
2.603246569633483887e-01
4.428093433380126953e-01
3.478113412857055664e-01
2.894027233123779297e-01
2.414439916610717773e-01
4.659070074558258057e-01
3.873980045318603516e-01
3.370200991630554199e-01
2.923665046691894531e-01
5.085049271583557129e-01
4.673900902271270752e-01
4.407976269721984863e-01
4.125236868858337402e-01
0.000000000000000000e+00
1.000000000000000000e+00
1.000000000000000000e+00
1.000000000000000000e+00
1.000000000000000000e+00
1.000000000000000000e+00
7.339379191398620605e-01
6.961712837219238281e-01
6.781881451606750488e-01
7.068170309066772461e-01
7.414494156837463379e-01
6.737608313560485840e-01
6.545991301536560059e-01
6.448748111724853516e-01
6.372367739677429199e-01
7.138351202011108398e-01
7.272333502769470215e-01
7.378022074699401855e-01
7.473613023757934570e-01
7.479892373085021973e-01
7.619171738624572754e-01
7.444894313812255859e-01
7.327158451080322266e-01
7.736343741416931152e-01
7.743066549301147461e-01
7.595227956771850586e-01
7.504600882530212402e-01
6.283301115036010742e-01
5.997040271759033203e-01
5.389002561569213867e-01
4.894414544105529785e-01
4.642973244190216064e-01
4.447336494922637939e-01
3.671761155128479004e-01
3.178445398807525635e-01
2.759826183319091797e-01
4.396475851535797119e-01
3.463115692138671875e-01
2.908916771411895752e-01
2.447457313537597656e-01
4.623044729232788086e-01
4.316639900207519531e-01
4.728204607963562012e-01
4.993838667869567871e-01
5.001682639122009277e-01
4.931813478469848633e-01
5.213804244995117188e-01
5.395200252532958984e-01
0.000000000000000000e+00
1.000000000000000000e+00
1.000000000000000000e+00
0.000000000000000000e+00
0.000000000000000000e+00
