-1.000000000000000000e+00
0.000000000000000000e+00
1.491901611814881179e-01
3.123905505974444718e-01
4.508783629471000975e-01
5.506729214308256903e-01
4.980495611953323909e-01
6.894062677935500760e-01
8.160780459460272862e-01
9.310430549990253990e-01
5.139433977211527171e-01
7.327913175692691850e-01
8.761190872110810046e-01
1.000000000000000000e+00
4.906931865235796830e-01
6.917091158968098341e-01
8.310755903631790176e-01
9.556954803897883544e-01
4.397917120594483920e-01
5.981684807830850437e-01
7.071596143801632817e-01
8.139682183722241060e-01
0.000000000000000000e+00
1.000000000000000000e+00
1.000000000000000000e+00
1.000000000000000000e+00
1.000000000000000000e+00
0.000000000000000000e+00
0.000000000000000000e+00
0.000000000000000000e+00
0.000000000000000000e+00
0.000000000000000000e+00
0.000000000000000000e+00
0.000000000000000000e+00
0.000000000000000000e+00
0.000000000000000000e+00
0.000000000000000000e+00
0.000000000000000000e+00
0.000000000000000000e+00
0.000000000000000000e+00
0.000000000000000000e+00
0.000000000000000000e+00
0.000000000000000000e+00
0.000000000000000000e+00
0.000000000000000000e+00
0.000000000000000000e+00
0.000000000000000000e+00
0.000000000000000000e+00
0.000000000000000000e+00
0.000000000000000000e+00
0.000000000000000000e+00
0.000000000000000000e+00
0.000000000000000000e+00
0.000000000000000000e+00
