-1.000000000000000000e+00
0.000000000000000000e+00
1.655260886628968364e-01
3.264566292559553662e-01
4.579964145751286853e-01
5.655172631587551679e-01
4.975106512502240896e-01
6.843640101793208030e-01
8.177906979305505919e-01
9.301908459959842279e-01
5.059013240386075472e-01
7.291589381017334892e-01
8.762988969281870766e-01
1.000000000000000000e+00
4.808736501777062244e-01
6.802868440438387676e-01
8.217783407214808156e-01
9.441523592265826936e-01
4.385680440190355411e-01
5.950027023983324170e-01
7.052781672421817305e-01
8.126287038394773843e-01
0.000000000000000000e+00
1.000000000000000000e+00
1.000000000000000000e+00
1.000000000000000000e+00
1.000000000000000000e+00
0.000000000000000000e+00
0.000000000000000000e+00
0.000000000000000000e+00
0.000000000000000000e+00
0.000000000000000000e+00
0.000000000000000000e+00
0.000000000000000000e+00
0.000000000000000000e+00
0.000000000000000000e+00
0.000000000000000000e+00
0.000000000000000000e+00
0.000000000000000000e+00
0.000000000000000000e+00
0.000000000000000000e+00
0.000000000000000000e+00
0.000000000000000000e+00
0.000000000000000000e+00
0.000000000000000000e+00
0.000000000000000000e+00
0.000000000000000000e+00
0.000000000000000000e+00
0.000000000000000000e+00
0.000000000000000000e+00
0.000000000000000000e+00
0.000000000000000000e+00
0.000000000000000000e+00
0.000000000000000000e+00
