1.000000000000000000e+00
0.000000000000000000e+00
2.036230277560076296e-01
3.744802302113431347e-01
4.983649071607494929e-01
6.149288514425386154e-01
4.774932319804334191e-01
6.777914352868795733e-01
8.169937894253943567e-01
9.367663341766055973e-01
4.508298640878731223e-01
6.907955670057858155e-01
8.554385375063177088e-01
1.000000000000000000e+00
3.910740383616385651e-01
6.368596487708878540e-01
7.867346747473175084e-01
9.176548913053786949e-01
3.200225964911500021e-01
4.569119772931793944e-01
5.601150184762407891e-01
6.549038358108264513e-01
0.000000000000000000e+00
1.000000000000000000e+00
1.000000000000000000e+00
1.000000000000000000e+00
1.000000000000000000e+00
0.000000000000000000e+00
0.000000000000000000e+00
0.000000000000000000e+00
0.000000000000000000e+00
0.000000000000000000e+00
0.000000000000000000e+00
0.000000000000000000e+00
0.000000000000000000e+00
0.000000000000000000e+00
0.000000000000000000e+00
0.000000000000000000e+00
0.000000000000000000e+00
0.000000000000000000e+00
0.000000000000000000e+00
0.000000000000000000e+00
0.000000000000000000e+00
0.000000000000000000e+00
0.000000000000000000e+00
0.000000000000000000e+00
0.000000000000000000e+00
0.000000000000000000e+00
0.000000000000000000e+00
0.000000000000000000e+00
0.000000000000000000e+00
0.000000000000000000e+00
0.000000000000000000e+00
0.000000000000000000e+00
