-1.000000000000000000e+00
0.000000000000000000e+00
1.634569175988832834e-01
3.357606119270669098e-01
4.673326412027380417e-01
5.397198881451072960e-01
5.139275441689131751e-01
7.003816445678384683e-01
8.168466256764380651e-01
9.190524446226204791e-01
5.339605865675091101e-01
7.534610276264184225e-01
8.886594545112158627e-01
1.000000000000000000e+00
5.206295828031235473e-01
7.238958768417862455e-01
8.539489538887958808e-01
9.640460149328137218e-01
4.779582115559907751e-01
6.375885696287437732e-01
7.441373666852069135e-01
8.429663481224147770e-01
0.000000000000000000e+00
1.000000000000000000e+00
1.000000000000000000e+00
1.000000000000000000e+00
1.000000000000000000e+00
0.000000000000000000e+00
0.000000000000000000e+00
0.000000000000000000e+00
0.000000000000000000e+00
0.000000000000000000e+00
0.000000000000000000e+00
0.000000000000000000e+00
0.000000000000000000e+00
0.000000000000000000e+00
0.000000000000000000e+00
0.000000000000000000e+00
0.000000000000000000e+00
0.000000000000000000e+00
0.000000000000000000e+00
0.000000000000000000e+00
0.000000000000000000e+00
0.000000000000000000e+00
0.000000000000000000e+00
0.000000000000000000e+00
0.000000000000000000e+00
0.000000000000000000e+00
0.000000000000000000e+00
0.000000000000000000e+00
0.000000000000000000e+00
0.000000000000000000e+00
0.000000000000000000e+00
0.000000000000000000e+00
