1.000000000000000000e+00
0.000000000000000000e+00
1.554469827095092405e-01
3.179692587670349679e-01
4.440717768307692603e-01
5.426223906655969209e-01
4.966169117095831642e-01
7.121814497116807363e-01
8.380286723868296539e-01
9.357330075826288951e-01
4.999166097109160045e-01
7.392814957110429575e-01
8.875812028935244902e-01
1.000000000000000000e+00
4.700336759482082738e-01
6.870277518508024484e-01
8.239799729090389047e-01
9.298159284184938089e-01
4.194172736208852115e-01
5.687290988841621209e-01
6.680645006134406927e-01
7.526193629355704129e-01
1.000000000000000000e+00
1.000000000000000000e+00
1.000000000000000000e+00
1.000000000000000000e+00
1.000000000000000000e+00
0.000000000000000000e+00
0.000000000000000000e+00
0.000000000000000000e+00
0.000000000000000000e+00
0.000000000000000000e+00
0.000000000000000000e+00
0.000000000000000000e+00
0.000000000000000000e+00
0.000000000000000000e+00
0.000000000000000000e+00
0.000000000000000000e+00
0.000000000000000000e+00
0.000000000000000000e+00
0.000000000000000000e+00
0.000000000000000000e+00
0.000000000000000000e+00
0.000000000000000000e+00
0.000000000000000000e+00
0.000000000000000000e+00
0.000000000000000000e+00
0.000000000000000000e+00
0.000000000000000000e+00
0.000000000000000000e+00
0.000000000000000000e+00
0.000000000000000000e+00
0.000000000000000000e+00
0.000000000000000000e+00
