1.000000000000000000e+00
0.000000000000000000e+00
1.695766913892978733e-01
3.352119456300842737e-01
4.619178495777352400e-01
5.548672461642144560e-01
5.172668726770993652e-01
7.318682356962533664e-01
8.548741750660850958e-01
9.494689483201878000e-01
5.165379898939234105e-01
7.540333240880948695e-01
8.957404557140272727e-01
1.000000000000000000e+00
4.849627745711551641e-01
6.985863628536219672e-01
8.316100930750193188e-01
9.328563228658728335e-01
4.353594592281280762e-01
5.836205862332258798e-01
6.829651417743504149e-01
7.669172260616680115e-01
1.000000000000000000e+00
1.000000000000000000e+00
1.000000000000000000e+00
1.000000000000000000e+00
1.000000000000000000e+00
0.000000000000000000e+00
0.000000000000000000e+00
0.000000000000000000e+00
0.000000000000000000e+00
0.000000000000000000e+00
0.000000000000000000e+00
0.000000000000000000e+00
0.000000000000000000e+00
0.000000000000000000e+00
0.000000000000000000e+00
0.000000000000000000e+00
0.000000000000000000e+00
0.000000000000000000e+00
0.000000000000000000e+00
0.000000000000000000e+00
0.000000000000000000e+00
0.000000000000000000e+00
0.000000000000000000e+00
0.000000000000000000e+00
0.000000000000000000e+00
0.000000000000000000e+00
0.000000000000000000e+00
0.000000000000000000e+00
0.000000000000000000e+00
0.000000000000000000e+00
0.000000000000000000e+00
0.000000000000000000e+00
