-1.000000000000000000e+00
0.000000000000000000e+00
1.713952494813860417e-01
3.376682145302970506e-01
4.679717226213640502e-01
5.519538660831677657e-01
5.264570114783838628e-01
7.108481926375904703e-01
8.277504187717199535e-01
9.309698408143612935e-01
5.453612388169025715e-01
7.587367094989817540e-01
8.921215308483406714e-01
1.000000000000000000e+00
5.298408775086231870e-01
7.300001268355893469e-01
8.591171350265521811e-01
9.676924267300884841e-01
4.838303923324524525e-01
6.352000860153141915e-01
7.423300616942968277e-01
8.400263967675477561e-01
0.000000000000000000e+00
1.000000000000000000e+00
1.000000000000000000e+00
1.000000000000000000e+00
1.000000000000000000e+00
0.000000000000000000e+00
0.000000000000000000e+00
0.000000000000000000e+00
0.000000000000000000e+00
0.000000000000000000e+00
0.000000000000000000e+00
0.000000000000000000e+00
0.000000000000000000e+00
0.000000000000000000e+00
0.000000000000000000e+00
0.000000000000000000e+00
0.000000000000000000e+00
0.000000000000000000e+00
0.000000000000000000e+00
0.000000000000000000e+00
0.000000000000000000e+00
0.000000000000000000e+00
0.000000000000000000e+00
0.000000000000000000e+00
0.000000000000000000e+00
0.000000000000000000e+00
0.000000000000000000e+00
0.000000000000000000e+00
0.000000000000000000e+00
0.000000000000000000e+00
0.000000000000000000e+00
0.000000000000000000e+00
