1.000000000000000000e+00
3.784326910972595215e-01
3.214321136474609375e-01
2.767024338245391846e-01
2.410584390163421631e-01
2.127931565046310425e-01
3.282493948936462402e-01
3.115740418434143066e-01
3.060257732868194580e-01
3.043725192546844482e-01
3.655922412872314453e-01
3.667144775390625000e-01
3.688416182994842529e-01
3.732508420944213867e-01
3.994279801845550537e-01
4.075799882411956787e-01
4.151110351085662842e-01
4.221021533012390137e-01
4.289998412132263184e-01
4.522794485092163086e-01
4.685997366905212402e-01
4.831404089927673340e-01
7.878102660179138184e-01
7.514482736587524414e-01
7.028871774673461914e-01
6.658145189285278320e-01
6.426169276237487793e-01
6.019646525382995605e-01
5.178185701370239258e-01
4.682477712631225586e-01
4.302906990051269531e-01
5.983334779739379883e-01
5.000889301300048828e-01
4.412881135940551758e-01
3.982195258140563965e-01
6.116194725036621094e-01
5.255652070045471191e-01
4.728092551231384277e-01
4.325484633445739746e-01
6.354914307594299316e-01
5.791921019554138184e-01
5.434507131576538086e-01
5.122542381286621094e-01
1.000000000000000000e+00
1.000000000000000000e+00
1.000000000000000000e+00
1.000000000000000000e+00
1.000000000000000000e+00
-1.000000000000000000e+00
7.611464858055114746e-01
8.127294778823852539e-01
8.471309542655944824e-01
8.738762736320495605e-01
9.009760618209838867e-01
7.770909070968627930e-01
7.791478633880615234e-01
7.765879631042480469e-01
7.721927762031555176e-01
7.391577363014221191e-01
7.247277498245239258e-01
7.139382958412170410e-01
7.040027379989624023e-01
7.072461247444152832e-01
6.836931705474853516e-01
6.685616970062255859e-01
6.564525961875915527e-01
6.814283132553100586e-01
6.506468653678894043e-01
6.303764581680297852e-01
6.140287518501281738e-01
7.278385162353515625e-01
6.826663613319396973e-01
6.342563033103942871e-01
5.872870683670043945e-01
5.540497899055480957e-01
5.355827212333679199e-01
4.523294270038604736e-01
4.012286067008972168e-01
3.583962619304656982e-01
5.383961200714111328e-01
4.510494768619537354e-01
3.962263464927673340e-01
3.540849685668945312e-01
5.587234497070312500e-01
4.817512631416320801e-01
4.337501227855682373e-01
3.953487575054168701e-01
5.896478891372680664e-01
5.431974530220031738e-01
5.113999843597412109e-01
4.836262464523315430e-01
0.000000000000000000e+00
1.000000000000000000e+00
1.000000000000000000e+00
1.000000000000000000e+00
1.000000000000000000e+00
