1.000000000000000000e+00
3.657344579696655273e-01
3.595981299877166748e-01
3.590984344482421875e-01
3.639964163303375244e-01
3.712434470653533936e-01
3.512368202209472656e-01
3.639539182186126709e-01
3.725023567676544189e-01
3.799954354763031006e-01
3.581302762031555176e-01
3.717884719371795654e-01
3.814510107040405273e-01
3.894775807857513428e-01
3.715130984783172607e-01
3.910199403762817383e-01
4.034032821655273438e-01
4.129819273948669434e-01
3.931773900985717773e-01
4.129035770893096924e-01
4.237546026706695557e-01
4.333714842796325684e-01
7.493334412574768066e-01
6.875042915344238281e-01
6.246480345726013184e-01
5.800917744636535645e-01
5.446463823318481445e-01
5.830076932907104492e-01
5.050488710403442383e-01
4.566016793251037598e-01
4.175261259078979492e-01
5.805071592330932617e-01
4.878821074962615967e-01
4.304075241088867188e-01
3.851530253887176514e-01
5.866548418998718262e-01
4.943881332874298096e-01
4.397688508033752441e-01
3.970098793506622314e-01
5.993263125419616699e-01
5.360206365585327148e-01
4.958882629871368408e-01
4.621937870979309082e-01
0.000000000000000000e+00
1.000000000000000000e+00
1.000000000000000000e+00
1.000000000000000000e+00
1.000000000000000000e+00
1.000000000000000000e+00
7.555145025253295898e-01
7.171075940132141113e-01
7.122460603713989258e-01
7.113831043243408203e-01
7.050995826721191406e-01
7.371275424957275391e-01
7.051885128021240234e-01
6.801518797874450684e-01
6.600388884544372559e-01
7.422164678573608398e-01
7.021495103836059570e-01
6.787893772125244141e-01
6.621278524398803711e-01
7.358730435371398926e-01
6.989402174949645996e-01
6.756145954132080078e-01
6.584951877593994141e-01
7.183316349983215332e-01
6.909726858139038086e-01
6.705210804939270020e-01
6.525893211364746094e-01
6.912618279457092285e-01
6.459420919418334961e-01
5.907905101776123047e-01
5.524305105209350586e-01
5.194448828697204590e-01
5.253966450691223145e-01
4.679759740829467773e-01
4.293513596057891846e-01
3.951257169246673584e-01
5.235832333564758301e-01
4.504332542419433594e-01
4.020351767539978027e-01
3.606957197189331055e-01
5.353670716285705566e-01
4.595032334327697754e-01
4.104172587394714355e-01
3.706932663917541504e-01
5.545388460159301758e-01
5.006030797958374023e-01
4.644915461540222168e-01
4.332503080368041992e-01
1.000000000000000000e+00
1.000000000000000000e+00
1.000000000000000000e+00
1.000000000000000000e+00
1.000000000000000000e+00
