-1.000000000000000000e+00
3.285052478313446045e-01
3.883729875087738037e-01
4.354754686355590820e-01
4.717445373535156250e-01
5.063216686248779297e-01
3.765275776386260986e-01
3.893620669841766357e-01
3.943658173084259033e-01
3.960458934307098389e-01
3.369619250297546387e-01
3.298036158084869385e-01
3.234139680862426758e-01
3.156159520149230957e-01
3.022681772708892822e-01
2.895762324333190918e-01
2.814497947692871094e-01
2.745706737041473389e-01
2.711064815521240234e-01
2.407482862472534180e-01
2.212093025445938110e-01
2.054029554128646851e-01
7.761505842208862305e-01
7.379202246665954590e-01
6.768801212310791016e-01
6.262567639350891113e-01
5.974057912826538086e-01
5.605971813201904297e-01
4.799954593181610107e-01
4.284086227416992188e-01
3.825617432594299316e-01
5.548802614212036133e-01
4.669185578823089600e-01
4.120221734046936035e-01
3.662493824958801270e-01
5.695237517356872559e-01
4.894890785217285156e-01
4.384009838104248047e-01
3.930743932723999023e-01
6.014716625213623047e-01
5.498750805854797363e-01
5.143662095069885254e-01
4.793401956558227539e-01
0.000000000000000000e+00
1.000000000000000000e+00
1.000000000000000000e+00
1.000000000000000000e+00
1.000000000000000000e+00
1.000000000000000000e+00
8.050119280815124512e-01
7.416176199913024902e-01
6.868196725845336914e-01
6.448751688003540039e-01
6.088736057281494141e-01
7.257086038589477539e-01
7.031412720680236816e-01
6.932348012924194336e-01
6.861705183982849121e-01
7.627232074737548828e-01
7.538406252861022949e-01
7.498723864555358887e-01
7.466033101081848145e-01
7.990652322769165039e-01
7.977309823036193848e-01
7.958272695541381836e-01
7.929836511611938477e-01
8.352064490318298340e-01
8.547242283821105957e-01
8.666375279426574707e-01
8.760222196578979492e-01
6.708278656005859375e-01
6.491404175758361816e-01
6.066654324531555176e-01
5.721363425254821777e-01
5.546067357063293457e-01
4.843235909938812256e-01
4.075890183448791504e-01
3.608851432800292969e-01
3.197020292282104492e-01
4.685657024383544922e-01
3.811785578727722168e-01
3.284998834133148193e-01
2.823178172111511230e-01
4.726418554782867432e-01
3.900541663169860840e-01
3.408273160457611084e-01
2.973462343215942383e-01
4.920657277107238770e-01
4.312973022460937500e-01
3.910695016384124756e-01
3.526547551155090332e-01
1.000000000000000000e+00
1.000000000000000000e+00
1.000000000000000000e+00
1.000000000000000000e+00
1.000000000000000000e+00
