-1.000000000000000000e+00
2.731612324714660645e-01
3.515751063823699951e-01
4.160492420196533203e-01
4.634418189525604248e-01
5.053090453147888184e-01
3.561157882213592529e-01
3.793321251869201660e-01
3.895172774791717529e-01
3.948730826377868652e-01
3.072736859321594238e-01
3.066830039024353027e-01
3.016625642776489258e-01
2.948905825614929199e-01
2.607937157154083252e-01
2.544739246368408203e-01
2.480381131172180176e-01
2.426816523075103760e-01
2.150026261806488037e-01
1.821670532226562500e-01
1.607270985841751099e-01
1.443956047296524048e-01
7.359230518341064453e-01
6.982704997062683105e-01
6.300548315048217773e-01
5.687368512153625488e-01
5.288604497909545898e-01
4.738948643207550049e-01
3.742164373397827148e-01
3.093631267547607422e-01
2.512533962726593018e-01
4.582946896553039551e-01
3.455574214458465576e-01
2.737171053886413574e-01
2.126990258693695068e-01
4.700320959091186523e-01
3.630826771259307861e-01
2.953502535820007324e-01
2.346742153167724609e-01
5.046758055686950684e-01
4.313290715217590332e-01
3.806444704532623291e-01
3.293128609657287598e-01
0.000000000000000000e+00
1.000000000000000000e+00
1.000000000000000000e+00
1.000000000000000000e+00
1.000000000000000000e+00
1.000000000000000000e+00
8.500657677650451660e-01
7.678586840629577637e-01
6.961720585823059082e-01
6.417313814163208008e-01
5.976011753082275391e-01
7.343643903732299805e-01
6.990146040916442871e-01
6.824826598167419434e-01
6.702335476875305176e-01
7.791029810905456543e-01
7.596545219421386719e-01
7.486515045166015625e-01
7.392095923423767090e-01
8.259491324424743652e-01
8.150835037231445312e-01
8.060085177421569824e-01
7.963051199913024902e-01
8.744534850120544434e-01
8.920615911483764648e-01
9.018359780311584473e-01
9.084664583206176758e-01
6.087043881416320801e-01
5.905494093894958496e-01
5.456225872039794922e-01
5.054526329040527344e-01
4.785709083080291748e-01
3.852759897708892822e-01
2.925976514816284180e-01
2.356928735971450806e-01
1.853329539299011230e-01
3.582739531993865967e-01
2.481816560029983521e-01
1.810666173696517944e-01
1.248012185096740723e-01
3.561500310897827148e-01
2.508350014686584473e-01
1.875404119491577148e-01
1.328096687793731689e-01
3.737651109695434570e-01
2.884921431541442871e-01
2.328303605318069458e-01
1.810422092676162720e-01
1.000000000000000000e+00
1.000000000000000000e+00
1.000000000000000000e+00
1.000000000000000000e+00
1.000000000000000000e+00
