-1.000000000000000000e+00
0.000000000000000000e+00
1.116768382874342436e-01
2.444313789303716178e-01
3.128583475470214093e-01
3.863644704909213745e-01
4.942246050105576494e-01
7.039927822230607202e-01
8.401480839906383391e-01
9.469025017476225825e-01
4.857737355046068961e-01
7.206124521143720818e-01
8.777005973700716668e-01
1.000000000000000000e+00
4.367558045172800218e-01
5.197029644216367705e-01
4.079191038952816872e-01
3.196619739319414011e-01
3.772807653742386580e-01
4.721704186014202276e-01
4.081669407684756501e-01
3.397845628813297436e-01
1.000000000000000000e+00
1.000000000000000000e+00
1.000000000000000000e+00
0.000000000000000000e+00
0.000000000000000000e+00
0.000000000000000000e+00
0.000000000000000000e+00
0.000000000000000000e+00
0.000000000000000000e+00
0.000000000000000000e+00
0.000000000000000000e+00
0.000000000000000000e+00
0.000000000000000000e+00
0.000000000000000000e+00
0.000000000000000000e+00
0.000000000000000000e+00
0.000000000000000000e+00
0.000000000000000000e+00
0.000000000000000000e+00
0.000000000000000000e+00
0.000000000000000000e+00
0.000000000000000000e+00
0.000000000000000000e+00
0.000000000000000000e+00
0.000000000000000000e+00
0.000000000000000000e+00
0.000000000000000000e+00
0.000000000000000000e+00
0.000000000000000000e+00
0.000000000000000000e+00
0.000000000000000000e+00
0.000000000000000000e+00
