-1.000000000000000000e+00
0.000000000000000000e+00
1.182987447717348400e-01
2.539194552401902172e-01
3.245759104148041030e-01
3.907641446587237777e-01
4.950567621593718326e-01
6.999593871924767452e-01
8.299611455453600461e-01
9.354943018131426369e-01
4.912218850276652837e-01
7.232472467333196375e-01
8.776014325152134976e-01
1.000000000000000000e+00
4.454251727229492364e-01
5.163024109302174480e-01
3.944483480467625425e-01
3.035982173620811464e-01
3.882190649918131342e-01
4.660454690441433456e-01
3.952487710216626704e-01
3.248342603160055408e-01
1.000000000000000000e+00
1.000000000000000000e+00
1.000000000000000000e+00
0.000000000000000000e+00
0.000000000000000000e+00
0.000000000000000000e+00
0.000000000000000000e+00
0.000000000000000000e+00
0.000000000000000000e+00
0.000000000000000000e+00
0.000000000000000000e+00
0.000000000000000000e+00
0.000000000000000000e+00
0.000000000000000000e+00
0.000000000000000000e+00
0.000000000000000000e+00
0.000000000000000000e+00
0.000000000000000000e+00
0.000000000000000000e+00
0.000000000000000000e+00
0.000000000000000000e+00
0.000000000000000000e+00
0.000000000000000000e+00
0.000000000000000000e+00
0.000000000000000000e+00
0.000000000000000000e+00
0.000000000000000000e+00
0.000000000000000000e+00
0.000000000000000000e+00
0.000000000000000000e+00
0.000000000000000000e+00
0.000000000000000000e+00
