-1.000000000000000000e+00
0.000000000000000000e+00
1.311087308152915631e-01
2.604648490145498596e-01
3.552486918083186396e-01
4.555390485208581919e-01
4.787231447133679096e-01
6.980537568426068429e-01
8.369457779421883847e-01
9.553498337138360830e-01
4.887589939643663950e-01
7.275124246865619648e-01
8.820434690952486667e-01
1.000000000000000000e+00
4.736488410320607856e-01
5.420058139351544568e-01
3.964559660515812323e-01
2.839125804356705807e-01
4.506229436916983078e-01
5.193013092504967787e-01
4.094548248434990434e-01
3.042483634367104672e-01
1.000000000000000000e+00
1.000000000000000000e+00
1.000000000000000000e+00
0.000000000000000000e+00
0.000000000000000000e+00
0.000000000000000000e+00
0.000000000000000000e+00
0.000000000000000000e+00
0.000000000000000000e+00
0.000000000000000000e+00
0.000000000000000000e+00
0.000000000000000000e+00
0.000000000000000000e+00
0.000000000000000000e+00
0.000000000000000000e+00
0.000000000000000000e+00
0.000000000000000000e+00
0.000000000000000000e+00
0.000000000000000000e+00
0.000000000000000000e+00
0.000000000000000000e+00
0.000000000000000000e+00
0.000000000000000000e+00
0.000000000000000000e+00
0.000000000000000000e+00
0.000000000000000000e+00
0.000000000000000000e+00
0.000000000000000000e+00
0.000000000000000000e+00
0.000000000000000000e+00
0.000000000000000000e+00
0.000000000000000000e+00
