-1.000000000000000000e+00
0.000000000000000000e+00
1.264539356717878094e-01
2.628333844256400820e-01
3.643651822814302776e-01
4.701599798167754307e-01
4.869156209160925286e-01
7.078780254930454596e-01
8.468694726976795373e-01
9.643426896417364169e-01
4.946728943789086008e-01
7.332572588466280683e-01
8.855882685980636104e-01
1.000000000000000000e+00
4.782174991981016365e-01
5.431457020061076779e-01
3.924465609795401155e-01
2.796510452242760292e-01
4.576460396250057183e-01
5.262190717602399648e-01
4.100077716346282597e-01
3.032189609852059542e-01
1.000000000000000000e+00
1.000000000000000000e+00
1.000000000000000000e+00
0.000000000000000000e+00
0.000000000000000000e+00
0.000000000000000000e+00
0.000000000000000000e+00
0.000000000000000000e+00
0.000000000000000000e+00
0.000000000000000000e+00
0.000000000000000000e+00
0.000000000000000000e+00
0.000000000000000000e+00
0.000000000000000000e+00
0.000000000000000000e+00
0.000000000000000000e+00
0.000000000000000000e+00
0.000000000000000000e+00
0.000000000000000000e+00
0.000000000000000000e+00
0.000000000000000000e+00
0.000000000000000000e+00
0.000000000000000000e+00
0.000000000000000000e+00
0.000000000000000000e+00
0.000000000000000000e+00
0.000000000000000000e+00
0.000000000000000000e+00
0.000000000000000000e+00
0.000000000000000000e+00
0.000000000000000000e+00
0.000000000000000000e+00
