-1.000000000000000000e+00
0.000000000000000000e+00
1.138493119416178617e-01
2.492672621411712863e-01
3.387485240904067885e-01
4.150155764842711759e-01
4.877130798662108191e-01
7.002595203039735372e-01
8.347045030476478722e-01
9.408076987841917926e-01
4.897816237939267570e-01
7.326450140840554681e-01
8.854893769312562890e-01
1.000000000000000000e+00
4.582974286601132485e-01
5.392849243735375886e-01
4.436457599250754891e-01
3.613986893650288357e-01
4.199619110373067343e-01
4.945814983008597343e-01
4.313449305229852260e-01
3.677925977897487653e-01
1.000000000000000000e+00
1.000000000000000000e+00
1.000000000000000000e+00
0.000000000000000000e+00
0.000000000000000000e+00
0.000000000000000000e+00
0.000000000000000000e+00
0.000000000000000000e+00
0.000000000000000000e+00
0.000000000000000000e+00
0.000000000000000000e+00
0.000000000000000000e+00
0.000000000000000000e+00
0.000000000000000000e+00
0.000000000000000000e+00
0.000000000000000000e+00
0.000000000000000000e+00
0.000000000000000000e+00
0.000000000000000000e+00
0.000000000000000000e+00
0.000000000000000000e+00
0.000000000000000000e+00
0.000000000000000000e+00
0.000000000000000000e+00
0.000000000000000000e+00
0.000000000000000000e+00
0.000000000000000000e+00
0.000000000000000000e+00
0.000000000000000000e+00
0.000000000000000000e+00
0.000000000000000000e+00
0.000000000000000000e+00
