-1.000000000000000000e+00
0.000000000000000000e+00
1.212103718194729868e-01
2.609798808791707891e-01
3.541451858900294680e-01
4.178468413584071062e-01
5.151512644854032708e-01
7.145826493233864429e-01
8.470476369252128990e-01
9.513723792680581770e-01
5.033344869868731086e-01
7.333779894563509094e-01
8.820879633739135972e-01
1.000000000000000000e+00
4.545039578988966378e-01
5.490085260571834214e-01
4.544567435779545139e-01
3.724451535292166993e-01
3.948023226073318348e-01
4.806526044288205179e-01
4.206699294021322699e-01
3.593251644440910164e-01
1.000000000000000000e+00
1.000000000000000000e+00
1.000000000000000000e+00
0.000000000000000000e+00
0.000000000000000000e+00
0.000000000000000000e+00
0.000000000000000000e+00
0.000000000000000000e+00
0.000000000000000000e+00
0.000000000000000000e+00
0.000000000000000000e+00
0.000000000000000000e+00
0.000000000000000000e+00
0.000000000000000000e+00
0.000000000000000000e+00
0.000000000000000000e+00
0.000000000000000000e+00
0.000000000000000000e+00
0.000000000000000000e+00
0.000000000000000000e+00
0.000000000000000000e+00
0.000000000000000000e+00
0.000000000000000000e+00
0.000000000000000000e+00
0.000000000000000000e+00
0.000000000000000000e+00
0.000000000000000000e+00
0.000000000000000000e+00
0.000000000000000000e+00
0.000000000000000000e+00
0.000000000000000000e+00
0.000000000000000000e+00
