-1.000000000000000000e+00
0.000000000000000000e+00
1.443405005474726055e-01
2.988668210598496300e-01
3.720214317503280910e-01
4.190888020460691865e-01
5.495564842523301685e-01
7.358990882075808759e-01
8.521306609977783442e-01
9.490783042031377681e-01
5.213907361711920263e-01
7.371298858436893253e-01
8.797922018424207957e-01
1.000000000000000000e+00
4.534790688469873543e-01
5.454871047985228039e-01
4.319152584674624817e-01
3.395764739726205295e-01
3.739025275339497578e-01
4.517014461444981421e-01
3.816354942678559792e-01
3.117936305218642623e-01
1.000000000000000000e+00
1.000000000000000000e+00
1.000000000000000000e+00
0.000000000000000000e+00
0.000000000000000000e+00
0.000000000000000000e+00
0.000000000000000000e+00
0.000000000000000000e+00
0.000000000000000000e+00
0.000000000000000000e+00
0.000000000000000000e+00
0.000000000000000000e+00
0.000000000000000000e+00
0.000000000000000000e+00
0.000000000000000000e+00
0.000000000000000000e+00
0.000000000000000000e+00
0.000000000000000000e+00
0.000000000000000000e+00
0.000000000000000000e+00
0.000000000000000000e+00
0.000000000000000000e+00
0.000000000000000000e+00
0.000000000000000000e+00
0.000000000000000000e+00
0.000000000000000000e+00
0.000000000000000000e+00
0.000000000000000000e+00
0.000000000000000000e+00
0.000000000000000000e+00
0.000000000000000000e+00
0.000000000000000000e+00
