1.000000000000000000e+00
0.000000000000000000e+00
1.470979635568136490e-01
2.941731424410671814e-01
3.583043968904738863e-01
4.013985300209106377e-01
5.428172300639741987e-01
7.384294238221562612e-01
8.608371701290347122e-01
9.611561218518402949e-01
5.078305395659172827e-01
7.305282997660247357e-01
8.807136328585586371e-01
1.000000000000000000e+00
4.343703715983687208e-01
5.155444673997491289e-01
3.987157130448765185e-01
3.070928871365384838e-01
3.525741210753586818e-01
4.372333482590997633e-01
3.727835946813146117e-01
3.061728887288161505e-01
1.000000000000000000e+00
1.000000000000000000e+00
1.000000000000000000e+00
0.000000000000000000e+00
0.000000000000000000e+00
0.000000000000000000e+00
0.000000000000000000e+00
0.000000000000000000e+00
0.000000000000000000e+00
0.000000000000000000e+00
0.000000000000000000e+00
0.000000000000000000e+00
0.000000000000000000e+00
0.000000000000000000e+00
0.000000000000000000e+00
0.000000000000000000e+00
0.000000000000000000e+00
0.000000000000000000e+00
0.000000000000000000e+00
0.000000000000000000e+00
0.000000000000000000e+00
0.000000000000000000e+00
0.000000000000000000e+00
0.000000000000000000e+00
0.000000000000000000e+00
0.000000000000000000e+00
0.000000000000000000e+00
0.000000000000000000e+00
0.000000000000000000e+00
0.000000000000000000e+00
0.000000000000000000e+00
0.000000000000000000e+00
