1.000000000000000000e+00
0.000000000000000000e+00
1.450823506418963682e-01
3.017854462216664202e-01
3.591222153469000311e-01
4.075979273357860921e-01
5.399168472117035211e-01
7.327861412701035526e-01
8.482465428345560277e-01
9.438610553698416616e-01
5.172134664233554169e-01
7.402518071214150286e-01
8.840070382330149634e-01
1.000000000000000000e+00
4.578131047729509517e-01
5.132568788141683713e-01
3.866330716606955487e-01
2.985747846231504576e-01
3.912629698916659238e-01
4.268529760049011856e-01
3.430576674165539686e-01
2.793082949637017975e-01
1.000000000000000000e+00
1.000000000000000000e+00
1.000000000000000000e+00
0.000000000000000000e+00
0.000000000000000000e+00
0.000000000000000000e+00
0.000000000000000000e+00
0.000000000000000000e+00
0.000000000000000000e+00
0.000000000000000000e+00
0.000000000000000000e+00
0.000000000000000000e+00
0.000000000000000000e+00
0.000000000000000000e+00
0.000000000000000000e+00
0.000000000000000000e+00
0.000000000000000000e+00
0.000000000000000000e+00
0.000000000000000000e+00
0.000000000000000000e+00
0.000000000000000000e+00
0.000000000000000000e+00
0.000000000000000000e+00
0.000000000000000000e+00
0.000000000000000000e+00
0.000000000000000000e+00
0.000000000000000000e+00
0.000000000000000000e+00
0.000000000000000000e+00
0.000000000000000000e+00
0.000000000000000000e+00
0.000000000000000000e+00
