-1.000000000000000000e+00
0.000000000000000000e+00
1.374541136319139545e-01
2.880652953820800333e-01
3.561008044360867708e-01
3.923164352978493197e-01
5.175951294307561401e-01
7.085126676016580971e-01
8.252428495896488858e-01
9.228511515493925677e-01
5.098779996007053450e-01
7.353084276988162138e-01
8.816319497721036846e-01
1.000000000000000000e+00
4.600044696571883862e-01
5.367133423400292092e-01
4.186573088919320895e-01
3.322771413369746130e-01
3.971091256234208222e-01
4.461847484916172113e-01
3.864266134704626987e-01
3.376494494632563126e-01
1.000000000000000000e+00
1.000000000000000000e+00
1.000000000000000000e+00
0.000000000000000000e+00
0.000000000000000000e+00
0.000000000000000000e+00
0.000000000000000000e+00
0.000000000000000000e+00
0.000000000000000000e+00
0.000000000000000000e+00
0.000000000000000000e+00
0.000000000000000000e+00
0.000000000000000000e+00
0.000000000000000000e+00
0.000000000000000000e+00
0.000000000000000000e+00
0.000000000000000000e+00
0.000000000000000000e+00
0.000000000000000000e+00
0.000000000000000000e+00
0.000000000000000000e+00
0.000000000000000000e+00
0.000000000000000000e+00
0.000000000000000000e+00
0.000000000000000000e+00
0.000000000000000000e+00
0.000000000000000000e+00
0.000000000000000000e+00
0.000000000000000000e+00
0.000000000000000000e+00
0.000000000000000000e+00
0.000000000000000000e+00
