-1.000000000000000000e+00
0.000000000000000000e+00
1.110805688719256196e-01
2.128707047086938475e-01
2.205966154431510673e-01
2.613618941470790547e-01
4.622417580372004675e-01
6.652625822616695661e-01
7.971247555925006223e-01
9.137175705266779024e-01
4.742918232674818713e-01
6.994973466949002683e-01
8.569282999343300622e-01
1.000000000000000000e+00
4.505825893788257264e-01
4.321037016961913890e-01
2.773867705768746639e-01
1.865325311039682243e-01
4.110856964784820322e-01
3.618046790875104057e-01
2.422031907317633570e-01
1.681109152398127249e-01
1.000000000000000000e+00
1.000000000000000000e+00
1.000000000000000000e+00
0.000000000000000000e+00
0.000000000000000000e+00
0.000000000000000000e+00
0.000000000000000000e+00
0.000000000000000000e+00
0.000000000000000000e+00
0.000000000000000000e+00
0.000000000000000000e+00
0.000000000000000000e+00
0.000000000000000000e+00
0.000000000000000000e+00
0.000000000000000000e+00
0.000000000000000000e+00
0.000000000000000000e+00
0.000000000000000000e+00
0.000000000000000000e+00
0.000000000000000000e+00
0.000000000000000000e+00
0.000000000000000000e+00
0.000000000000000000e+00
0.000000000000000000e+00
0.000000000000000000e+00
0.000000000000000000e+00
0.000000000000000000e+00
0.000000000000000000e+00
0.000000000000000000e+00
0.000000000000000000e+00
0.000000000000000000e+00
0.000000000000000000e+00
