-1.000000000000000000e+00
0.000000000000000000e+00
1.171460890160302276e-01
2.208797772414591021e-01
2.139999923749888455e-01
2.430106016121707513e-01
4.731863458560038871e-01
6.756205785930355923e-01
8.048221500252739080e-01
9.208204748906199111e-01
4.926982468889946620e-01
7.090483300693138924e-01
8.620985231179566499e-01
1.000000000000000000e+00
4.743965079333774537e-01
4.406322056324225578e-01
2.782870550417892441e-01
1.823875949413447106e-01
4.361338681956074548e-01
3.559159780044445776e-01
2.257942258725499363e-01
1.461845753763076350e-01
1.000000000000000000e+00
1.000000000000000000e+00
1.000000000000000000e+00
0.000000000000000000e+00
0.000000000000000000e+00
0.000000000000000000e+00
0.000000000000000000e+00
0.000000000000000000e+00
0.000000000000000000e+00
0.000000000000000000e+00
0.000000000000000000e+00
0.000000000000000000e+00
0.000000000000000000e+00
0.000000000000000000e+00
0.000000000000000000e+00
0.000000000000000000e+00
0.000000000000000000e+00
0.000000000000000000e+00
0.000000000000000000e+00
0.000000000000000000e+00
0.000000000000000000e+00
0.000000000000000000e+00
0.000000000000000000e+00
0.000000000000000000e+00
0.000000000000000000e+00
0.000000000000000000e+00
0.000000000000000000e+00
0.000000000000000000e+00
0.000000000000000000e+00
0.000000000000000000e+00
0.000000000000000000e+00
0.000000000000000000e+00
