-1.000000000000000000e+00
0.000000000000000000e+00
1.203735479134061259e-01
2.576628213949668234e-01
3.284362032538536980e-01
3.917409258789084081e-01
4.962925457045735955e-01
7.067749144260037086e-01
8.388370719026712052e-01
9.442518983471850369e-01
4.911060769050998309e-01
7.255541919333876599e-01
8.817447078360217683e-01
1.000000000000000000e+00
4.455006103493531211e-01
5.191597142157422518e-01
4.010596795512154089e-01
3.100457457629592906e-01
3.905808902983041730e-01
4.772136318207091388e-01
4.200648210358106094e-01
3.599461901217372306e-01
1.000000000000000000e+00
1.000000000000000000e+00
1.000000000000000000e+00
0.000000000000000000e+00
0.000000000000000000e+00
0.000000000000000000e+00
0.000000000000000000e+00
0.000000000000000000e+00
0.000000000000000000e+00
0.000000000000000000e+00
0.000000000000000000e+00
0.000000000000000000e+00
0.000000000000000000e+00
0.000000000000000000e+00
0.000000000000000000e+00
0.000000000000000000e+00
0.000000000000000000e+00
0.000000000000000000e+00
0.000000000000000000e+00
0.000000000000000000e+00
0.000000000000000000e+00
0.000000000000000000e+00
0.000000000000000000e+00
0.000000000000000000e+00
0.000000000000000000e+00
0.000000000000000000e+00
0.000000000000000000e+00
0.000000000000000000e+00
0.000000000000000000e+00
0.000000000000000000e+00
0.000000000000000000e+00
0.000000000000000000e+00
