-1.000000000000000000e+00
0.000000000000000000e+00
1.522433009925277247e-01
3.189441087983775902e-01
4.360274446434231344e-01
5.030199718910702833e-01
5.112073323697574612e-01
7.233088413570195607e-01
8.605878403060640558e-01
9.782937391483279566e-01
5.190505419189483938e-01
7.461970346469563031e-01
8.868674882191733833e-01
1.000000000000000000e+00
4.998734080924371326e-01
5.858678571575374194e-01
4.481481467113999084e-01
3.324350189981653547e-01
4.742132437604140160e-01
5.761115855505521965e-01
4.765326727670223250e-01
3.653607098574965240e-01
1.000000000000000000e+00
1.000000000000000000e+00
1.000000000000000000e+00
0.000000000000000000e+00
0.000000000000000000e+00
0.000000000000000000e+00
0.000000000000000000e+00
0.000000000000000000e+00
0.000000000000000000e+00
0.000000000000000000e+00
0.000000000000000000e+00
0.000000000000000000e+00
0.000000000000000000e+00
0.000000000000000000e+00
0.000000000000000000e+00
0.000000000000000000e+00
0.000000000000000000e+00
0.000000000000000000e+00
0.000000000000000000e+00
0.000000000000000000e+00
0.000000000000000000e+00
0.000000000000000000e+00
0.000000000000000000e+00
0.000000000000000000e+00
0.000000000000000000e+00
0.000000000000000000e+00
0.000000000000000000e+00
0.000000000000000000e+00
0.000000000000000000e+00
0.000000000000000000e+00
0.000000000000000000e+00
0.000000000000000000e+00
