-1.000000000000000000e+00
0.000000000000000000e+00
1.389154576948255781e-01
2.793262019193377688e-01
3.697981782878786983e-01
4.335810493853593517e-01
5.067391315853780887e-01
7.100765488600417896e-01
8.436011237125483619e-01
9.517240327395286581e-01
5.043009381418854797e-01
7.203461152536760892e-01
8.748510907889850419e-01
1.000000000000000000e+00
4.719825330730169632e-01
5.825178845297339647e-01
5.174078507993102871e-01
4.472573182072231979e-01
4.281067893347370590e-01
5.183799529975342546e-01
4.876381968521221744e-01
4.416252353393138042e-01
1.000000000000000000e+00
1.000000000000000000e+00
1.000000000000000000e+00
0.000000000000000000e+00
0.000000000000000000e+00
0.000000000000000000e+00
0.000000000000000000e+00
0.000000000000000000e+00
0.000000000000000000e+00
0.000000000000000000e+00
0.000000000000000000e+00
0.000000000000000000e+00
0.000000000000000000e+00
0.000000000000000000e+00
0.000000000000000000e+00
0.000000000000000000e+00
0.000000000000000000e+00
0.000000000000000000e+00
0.000000000000000000e+00
0.000000000000000000e+00
0.000000000000000000e+00
0.000000000000000000e+00
0.000000000000000000e+00
0.000000000000000000e+00
0.000000000000000000e+00
0.000000000000000000e+00
0.000000000000000000e+00
0.000000000000000000e+00
0.000000000000000000e+00
0.000000000000000000e+00
0.000000000000000000e+00
0.000000000000000000e+00
