-1.000000000000000000e+00
0.000000000000000000e+00
1.403277006689538919e-01
2.897857395287711801e-01
3.831643707693210832e-01
4.454437630016268579e-01
5.019247264853936574e-01
6.960247466197723165e-01
8.206043372236937472e-01
9.252584942255204226e-01
4.987680727484726795e-01
7.182956784776427517e-01
8.719052380272026559e-01
1.000000000000000000e+00
4.604776440775936730e-01
5.683294949680748331e-01
4.873411718932177950e-01
4.110796147911868759e-01
4.066613261586977113e-01
4.964220301347574416e-01
4.643917003051017400e-01
4.199508213874975637e-01
1.000000000000000000e+00
1.000000000000000000e+00
1.000000000000000000e+00
0.000000000000000000e+00
0.000000000000000000e+00
0.000000000000000000e+00
0.000000000000000000e+00
0.000000000000000000e+00
0.000000000000000000e+00
0.000000000000000000e+00
0.000000000000000000e+00
0.000000000000000000e+00
0.000000000000000000e+00
0.000000000000000000e+00
0.000000000000000000e+00
0.000000000000000000e+00
0.000000000000000000e+00
0.000000000000000000e+00
0.000000000000000000e+00
0.000000000000000000e+00
0.000000000000000000e+00
0.000000000000000000e+00
0.000000000000000000e+00
0.000000000000000000e+00
0.000000000000000000e+00
0.000000000000000000e+00
0.000000000000000000e+00
0.000000000000000000e+00
0.000000000000000000e+00
0.000000000000000000e+00
0.000000000000000000e+00
0.000000000000000000e+00
