0.000000000000000000e+00
0.000000000000000000e+00
0.000000000000000000e+00
0.000000000000000000e+00
0.000000000000000000e+00
0.000000000000000000e+00
0.000000000000000000e+00
0.000000000000000000e+00
0.000000000000000000e+00
0.000000000000000000e+00
0.000000000000000000e+00
0.000000000000000000e+00
0.000000000000000000e+00
0.000000000000000000e+00
0.000000000000000000e+00
0.000000000000000000e+00
0.000000000000000000e+00
0.000000000000000000e+00
0.000000000000000000e+00
0.000000000000000000e+00
0.000000000000000000e+00
0.000000000000000000e+00
0.000000000000000000e+00
0.000000000000000000e+00
0.000000000000000000e+00
0.000000000000000000e+00
0.000000000000000000e+00
0.000000000000000000e+00
0.000000000000000000e+00
0.000000000000000000e+00
0.000000000000000000e+00
0.000000000000000000e+00
0.000000000000000000e+00
0.000000000000000000e+00
0.000000000000000000e+00
0.000000000000000000e+00
0.000000000000000000e+00
0.000000000000000000e+00
0.000000000000000000e+00
0.000000000000000000e+00
0.000000000000000000e+00
0.000000000000000000e+00
0.000000000000000000e+00
0.000000000000000000e+00
0.000000000000000000e+00
0.000000000000000000e+00
0.000000000000000000e+00
0.000000000000000000e+00
1.000000000000000000e+00
6.153313517570495605e-01
5.803479552268981934e-01
5.614964962005615234e-01
5.786687135696411133e-01
6.047440171241760254e-01
5.479149222373962402e-01
6.144893169403076172e-01
6.477088332176208496e-01
6.529057025909423828e-01
5.744712352752685547e-01
6.373572349548339844e-01
6.613236069679260254e-01
6.577355265617370605e-01
6.018550992012023926e-01
6.528036594390869141e-01
6.680378317832946777e-01
6.617934703826904297e-01
6.234931349754333496e-01
6.607834696769714355e-01
6.725439429283142090e-01
6.679114103317260742e-01
9.125910997390747070e-01
9.043184518814086914e-01
8.475179672241210938e-01
7.701643705368041992e-01
7.088133096694946289e-01
7.002739906311035156e-01
6.470682024955749512e-01
6.927061676979064941e-01
7.451609373092651367e-01
6.605188846588134766e-01
6.081218719482421875e-01
6.687729954719543457e-01
7.254219651222229004e-01
6.440412998199462891e-01
6.004626154899597168e-01
6.524754762649536133e-01
6.995648741722106934e-01
6.466112136840820312e-01
6.126080155372619629e-01
6.516082286834716797e-01
6.862280964851379395e-01
0.000000000000000000e+00
0.000000000000000000e+00
0.000000000000000000e+00
0.000000000000000000e+00
0.000000000000000000e+00
