-1.000000000000000000e+00
2.601379752159118652e-01
3.193193078041076660e-01
3.615222275257110596e-01
3.972773551940917969e-01
4.339886307716369629e-01
3.379033207893371582e-01
3.425551056861877441e-01
3.386900722980499268e-01
3.339966535568237305e-01
3.044028580188751221e-01
3.085379302501678467e-01
3.114072382450103760e-01
3.139326274394989014e-01
2.678924798965454102e-01
2.679291367530822754e-01
2.753495872020721436e-01
2.808977961540222168e-01
2.308296561241149902e-01
2.342959493398666382e-01
2.456041574478149414e-01
2.529204785823822021e-01
7.489486932754516602e-01
7.181809544563293457e-01
6.518245339393615723e-01
5.956746935844421387e-01
5.730095505714416504e-01
5.553070306777954102e-01
4.788064360618591309e-01
4.275287985801696777e-01
3.807001113891601562e-01
5.496245026588439941e-01
4.619492888450622559e-01
4.030707478523254395e-01
3.480969071388244629e-01
5.662289857864379883e-01
5.251138210296630859e-01
5.861377120018005371e-01
6.249185800552368164e-01
5.934702157974243164e-01
5.612321496009826660e-01
6.014609932899475098e-01
6.278309822082519531e-01
0.000000000000000000e+00
1.000000000000000000e+00
1.000000000000000000e+00
0.000000000000000000e+00
0.000000000000000000e+00
1.000000000000000000e+00
8.861001133918762207e-01
8.289630413055419922e-01
7.766073942184448242e-01
7.324082851409912109e-01
6.899266839027404785e-01
7.974098920822143555e-01
7.905645370483398438e-01
7.864978313446044922e-01
7.838113307952880859e-01
8.309247493743896484e-01
8.206738233566284180e-01
8.140300512313842773e-01
8.111042380332946777e-01
8.702906370162963867e-01
8.801608085632324219e-01
8.714095354080200195e-01
8.644723892211914062e-01
9.087257385253906250e-01
9.132933020591735840e-01
9.027046561241149902e-01
8.934808373451232910e-01
7.356379032135009766e-01
7.089803218841552734e-01
6.558595299720764160e-01
6.149230599403381348e-01
6.032738089561462402e-01
5.575931072235107422e-01
4.746048748493194580e-01
4.216061234474182129e-01
3.745400011539459229e-01
5.507475137710571289e-01
4.578284323215484619e-01
4.040335714817047119e-01
3.485085666179656982e-01
5.634016394615173340e-01
5.189533829689025879e-01
5.786299109458923340e-01
6.164149045944213867e-01
5.895315408706665039e-01
5.554533004760742188e-01
5.937952399253845215e-01
6.196317076683044434e-01
1.000000000000000000e+00
1.000000000000000000e+00
1.000000000000000000e+00
0.000000000000000000e+00
0.000000000000000000e+00
