-1.000000000000000000e+00
4.154015779495239258e-01
4.804395437240600586e-01
5.317121148109436035e-01
5.690109133720397949e-01
6.028273105621337891e-01
5.079839825630187988e-01
5.205798149108886719e-01
5.225663781166076660e-01
5.209123492240905762e-01
4.729744195938110352e-01
4.872983694076538086e-01
4.972856640815734863e-01
5.040258169174194336e-01
4.335431754589080811e-01
4.420379996299743652e-01
4.446825385093688965e-01
4.445278644561767578e-01
3.926476240158081055e-01
4.034830927848815918e-01
4.121444821357727051e-01
4.139364063739776611e-01
7.319200038909912109e-01
7.082355618476867676e-01
6.424528360366821289e-01
5.934574007987976074e-01
5.797994136810302734e-01
5.324908494949340820e-01
4.529154598712921143e-01
3.990732431411743164e-01
3.500638902187347412e-01
5.250456929206848145e-01
4.311404824256896973e-01
3.693221807479858398e-01
3.110055625438690186e-01
5.404517650604248047e-01
5.008199214935302734e-01
5.680102705955505371e-01
6.060485243797302246e-01
5.667241811752319336e-01
5.367956757545471191e-01
5.843631029129028320e-01
6.103674173355102539e-01
0.000000000000000000e+00
1.000000000000000000e+00
1.000000000000000000e+00
0.000000000000000000e+00
0.000000000000000000e+00
1.000000000000000000e+00
8.293175101280212402e-01
7.731320261955261230e-01
7.197034955024719238e-01
6.771854758262634277e-01
6.369695067405700684e-01
7.389095425605773926e-01
7.293083667755126953e-01
7.244457006454467773e-01
7.213674783706665039e-01
7.745374441146850586e-01
7.617148756980895996e-01
7.526397705078125000e-01
7.480601668357849121e-01
8.154705762863159180e-01
8.195095062255859375e-01
8.092969059944152832e-01
8.026378154754638672e-01
8.555502295494079590e-01
8.561531305313110352e-01
8.430174589157104492e-01
8.336032032966613770e-01
7.320575714111328125e-01
7.087939381599426270e-01
6.538993120193481445e-01
6.132760047912597656e-01
6.053144931793212891e-01
5.500378608703613281e-01
4.659838676452636719e-01
4.118323326110839844e-01
3.648371100425720215e-01
5.433752536773681641e-01
4.488294720649719238e-01
3.922070562839508057e-01
3.354693651199340820e-01
5.567296147346496582e-01
5.111460685729980469e-01
5.695649981498718262e-01
6.076556444168090820e-01
5.831962823867797852e-01
5.484820008277893066e-01
5.856032371520996094e-01
6.121453046798706055e-01
1.000000000000000000e+00
1.000000000000000000e+00
1.000000000000000000e+00
0.000000000000000000e+00
0.000000000000000000e+00
