-1.000000000000000000e+00
4.069552719593048096e-01
4.708365201950073242e-01
5.198704600334167480e-01
5.590522885322570801e-01
5.948734283447265625e-01
4.955376982688903809e-01
5.080639123916625977e-01
5.105065107345581055e-01
5.109416246414184570e-01
4.609374701976776123e-01
4.748219549655914307e-01
4.851554334163665771e-01
4.935427308082580566e-01
4.220168590545654297e-01
4.317893087863922119e-01
4.354805052280426025e-01
4.363507032394409180e-01
3.829245567321777344e-01
3.942164182662963867e-01
4.037790894508361816e-01
4.064990282058715820e-01
7.352360486984252930e-01
7.097188830375671387e-01
6.460020542144775391e-01
5.978406071662902832e-01
5.840487480163574219e-01
5.385774970054626465e-01
4.592627286911010742e-01
4.058755040168762207e-01
3.571163415908813477e-01
5.317307710647583008e-01
4.412898719310760498e-01
3.795228600502014160e-01
3.216118216514587402e-01
5.462108850479125977e-01
5.067989826202392578e-01
5.725664496421813965e-01
6.141309142112731934e-01
5.716579556465148926e-01
5.424957871437072754e-01
5.887613892555236816e-01
6.187266707420349121e-01
0.000000000000000000e+00
1.000000000000000000e+00
1.000000000000000000e+00
0.000000000000000000e+00
0.000000000000000000e+00
1.000000000000000000e+00
8.271562457084655762e-01
7.710499763488769531e-01
7.187158465385437012e-01
6.760934591293334961e-01
6.358674764633178711e-01
7.361479997634887695e-01
7.266961336135864258e-01
7.221420407295227051e-01
7.189617156982421875e-01
7.716706395149230957e-01
7.596701979637145996e-01
7.507490515708923340e-01
7.459729313850402832e-01
8.123964071273803711e-01
8.169273138046264648e-01
8.075633049011230469e-01
8.007602095603942871e-01
8.519097566604614258e-01
8.529849052429199219e-01
8.419374227523803711e-01
8.328427672386169434e-01
7.326660156250000000e-01
7.094254493713378906e-01
6.522527337074279785e-01
6.094724535942077637e-01
6.038669347763061523e-01
5.521071553230285645e-01
4.677367806434631348e-01
4.136103391647338867e-01
3.662695288658142090e-01
5.455353260040283203e-01
4.502639174461364746e-01
3.936012685298919678e-01
3.364886045455932617e-01
5.593613386154174805e-01
5.176908969879150391e-01
5.790464282035827637e-01
6.158411502838134766e-01
5.857805013656616211e-01
5.524935722351074219e-01
5.919312238693237305e-01
6.172473430633544922e-01
1.000000000000000000e+00
1.000000000000000000e+00
1.000000000000000000e+00
0.000000000000000000e+00
0.000000000000000000e+00
