-1.000000000000000000e+00
4.070937335491180420e-01
4.695470631122589111e-01
5.138856768608093262e-01
5.497061014175415039e-01
5.837683081626892090e-01
4.908325374126434326e-01
5.009694099426269531e-01
5.007961392402648926e-01
4.976730644702911377e-01
4.570292234420776367e-01
4.677043259143829346e-01
4.752262830734252930e-01
4.798751473426818848e-01
4.190663993358612061e-01
4.243263900279998779e-01
4.304523468017578125e-01
4.329295754432678223e-01
3.802900314331054688e-01
3.882863521575927734e-01
3.986068964004516602e-01
4.018077254295349121e-01
7.376200556755065918e-01
7.087059617042541504e-01
6.432283520698547363e-01
5.962609648704528809e-01
5.808215141296386719e-01
5.398073792457580566e-01
4.635310173034667969e-01
4.120501875877380371e-01
3.640731573104858398e-01
5.328882336616516113e-01
4.446943402290344238e-01
3.865422606468200684e-01
3.305842876434326172e-01
5.489559173583984375e-01
5.082630515098571777e-01
5.731602907180786133e-01
6.093972921371459961e-01
5.757556557655334473e-01
5.473358035087585449e-01
5.914169549942016602e-01
6.144198775291442871e-01
0.000000000000000000e+00
1.000000000000000000e+00
1.000000000000000000e+00
0.000000000000000000e+00
0.000000000000000000e+00
1.000000000000000000e+00
8.127756118774414062e-01
7.574095129966735840e-01
7.084183096885681152e-01
6.718448996543884277e-01
6.330261826515197754e-01
7.336958646774291992e-01
7.318613529205322266e-01
7.313570380210876465e-01
7.314656376838684082e-01
7.678607106208801270e-01
7.629141211509704590e-01
7.582108974456787109e-01
7.571989893913269043e-01
8.058897852897644043e-01
8.122193217277526855e-01
8.001891374588012695e-01
7.922116518020629883e-01
8.424367904663085938e-01
8.456554412841796875e-01
8.326035737991333008e-01
8.225798010826110840e-01
7.375389337539672852e-01
7.097803354263305664e-01
6.491061449050903320e-01
5.998758673667907715e-01
5.830998420715332031e-01
5.521324276924133301e-01
4.695949256420135498e-01
4.176878333091735840e-01
3.720203936100006104e-01
5.504878759384155273e-01
4.578666090965270996e-01
4.025197625160217285e-01
3.471806049346923828e-01
5.685527920722961426e-01
5.245050787925720215e-01
5.821919441223144531e-01
6.187197566032409668e-01
5.991510152816772461e-01
5.621710419654846191e-01
5.982570052146911621e-01
6.231943368911743164e-01
1.000000000000000000e+00
1.000000000000000000e+00
1.000000000000000000e+00
0.000000000000000000e+00
0.000000000000000000e+00
