-1.000000000000000000e+00
4.025121629238128662e-01
4.761016368865966797e-01
5.469239354133605957e-01
6.019404530525207520e-01
6.464291810989379883e-01
5.286281108856201172e-01
5.558136105537414551e-01
5.698462724685668945e-01
5.778183937072753906e-01
4.870084226131439209e-01
4.852950870990753174e-01
4.706008732318878174e-01
4.712209105491638184e-01
4.443361163139343262e-01
4.365274906158447266e-01
4.342585206031799316e-01
4.403102099895477295e-01
3.998145461082458496e-01
3.903438448905944824e-01
3.823057711124420166e-01
3.814204037189483643e-01
6.443153619766235352e-01
6.426050662994384766e-01
5.897536277770996094e-01
5.457265377044677734e-01
5.454739332199096680e-01
4.626287519931793213e-01
3.727262616157531738e-01
3.095657825469970703e-01
2.552021741867065430e-01
4.480336308479309082e-01
4.102181792259216309e-01
4.877118468284606934e-01
5.216154456138610840e-01
4.455886781215667725e-01
4.081065058708190918e-01
4.746536016464233398e-01
5.084990859031677246e-01
4.464626014232635498e-01
3.635712265968322754e-01
3.165503740310668945e-01
2.613716721534729004e-01
0.000000000000000000e+00
1.000000000000000000e+00
0.000000000000000000e+00
0.000000000000000000e+00
1.000000000000000000e+00
0.000000000000000000e+00
0.000000000000000000e+00
0.000000000000000000e+00
0.000000000000000000e+00
0.000000000000000000e+00
0.000000000000000000e+00
0.000000000000000000e+00
0.000000000000000000e+00
0.000000000000000000e+00
0.000000000000000000e+00
0.000000000000000000e+00
0.000000000000000000e+00
0.000000000000000000e+00
0.000000000000000000e+00
0.000000000000000000e+00
0.000000000000000000e+00
0.000000000000000000e+00
0.000000000000000000e+00
0.000000000000000000e+00
0.000000000000000000e+00
0.000000000000000000e+00
0.000000000000000000e+00
0.000000000000000000e+00
0.000000000000000000e+00
0.000000000000000000e+00
0.000000000000000000e+00
0.000000000000000000e+00
0.000000000000000000e+00
0.000000000000000000e+00
0.000000000000000000e+00
0.000000000000000000e+00
0.000000000000000000e+00
0.000000000000000000e+00
0.000000000000000000e+00
0.000000000000000000e+00
0.000000000000000000e+00
0.000000000000000000e+00
0.000000000000000000e+00
0.000000000000000000e+00
0.000000000000000000e+00
0.000000000000000000e+00
0.000000000000000000e+00
0.000000000000000000e+00
0.000000000000000000e+00
0.000000000000000000e+00
0.000000000000000000e+00
0.000000000000000000e+00
0.000000000000000000e+00
