1.000000000000000000e+00
4.999846816062927246e-01
4.797930121421813965e-01
4.824255406856536865e-01
5.018368959426879883e-01
5.200259685516357422e-01
4.592602252960205078e-01
4.833157360553741455e-01
4.943989515304565430e-01
5.006236433982849121e-01
4.717197120189666748e-01
5.458959341049194336e-01
5.571887493133544922e-01
5.462878346443176270e-01
4.950416684150695801e-01
5.618317723274230957e-01
5.684991478919982910e-01
5.558007955551147461e-01
5.252655148506164551e-01
5.597966313362121582e-01
5.724495053291320801e-01
5.760758519172668457e-01
6.384031176567077637e-01
5.707275867462158203e-01
5.053895711898803711e-01
4.655758738517761230e-01
4.460717439651489258e-01
4.504602551460266113e-01
3.593895435333251953e-01
3.031371235847473145e-01
2.578389644622802734e-01
4.499131739139556885e-01
4.197595715522766113e-01
4.591019153594970703e-01
4.805282652378082275e-01
4.573333561420440674e-01
4.285980463027954102e-01
4.677829146385192871e-01
4.877808690071105957e-01
4.649303555488586426e-01
4.064176082611083984e-01
3.959277272224426270e-01
3.838846087455749512e-01
0.000000000000000000e+00
1.000000000000000000e+00
0.000000000000000000e+00
0.000000000000000000e+00
1.000000000000000000e+00
0.000000000000000000e+00
0.000000000000000000e+00
0.000000000000000000e+00
0.000000000000000000e+00
0.000000000000000000e+00
0.000000000000000000e+00
0.000000000000000000e+00
0.000000000000000000e+00
0.000000000000000000e+00
0.000000000000000000e+00
0.000000000000000000e+00
0.000000000000000000e+00
0.000000000000000000e+00
0.000000000000000000e+00
0.000000000000000000e+00
0.000000000000000000e+00
0.000000000000000000e+00
0.000000000000000000e+00
0.000000000000000000e+00
0.000000000000000000e+00
0.000000000000000000e+00
0.000000000000000000e+00
0.000000000000000000e+00
0.000000000000000000e+00
0.000000000000000000e+00
0.000000000000000000e+00
0.000000000000000000e+00
0.000000000000000000e+00
0.000000000000000000e+00
0.000000000000000000e+00
0.000000000000000000e+00
0.000000000000000000e+00
0.000000000000000000e+00
0.000000000000000000e+00
0.000000000000000000e+00
0.000000000000000000e+00
0.000000000000000000e+00
0.000000000000000000e+00
0.000000000000000000e+00
0.000000000000000000e+00
0.000000000000000000e+00
0.000000000000000000e+00
0.000000000000000000e+00
0.000000000000000000e+00
0.000000000000000000e+00
0.000000000000000000e+00
0.000000000000000000e+00
0.000000000000000000e+00
