1.000000000000000000e+00
5.323852300643920898e-01
4.718670845031738281e-01
4.244100153446197510e-01
3.905975222587585449e-01
3.534924983978271484e-01
4.723303914070129395e-01
4.780221581459045410e-01
4.840355217456817627e-01
4.891164004802703857e-01
5.099137425422668457e-01
5.325191020965576172e-01
5.330598354339599609e-01
5.283257365226745605e-01
5.519503951072692871e-01
5.690040588378906250e-01
5.665565133094787598e-01
5.582453608512878418e-01
5.948539972305297852e-01
6.177418828010559082e-01
6.327540278434753418e-01
6.419116258621215820e-01
6.633753776550292969e-01
6.166552305221557617e-01
5.523343086242675781e-01
4.999491870403289795e-01
4.819259643554687500e-01
4.560825824737548828e-01
3.575441539287567139e-01
2.960575819015502930e-01
2.479257881641387939e-01
4.464831054210662842e-01
4.260728359222412109e-01
4.662962853908538818e-01
4.967382252216339111e-01
4.619236290454864502e-01
4.455112516880035400e-01
4.816328287124633789e-01
5.072906613349914551e-01
4.867600202560424805e-01
4.109472632408142090e-01
3.711693286895751953e-01
3.349836766719818115e-01
1.000000000000000000e+00
1.000000000000000000e+00
0.000000000000000000e+00
0.000000000000000000e+00
1.000000000000000000e+00
0.000000000000000000e+00
0.000000000000000000e+00
0.000000000000000000e+00
0.000000000000000000e+00
0.000000000000000000e+00
0.000000000000000000e+00
0.000000000000000000e+00
0.000000000000000000e+00
0.000000000000000000e+00
0.000000000000000000e+00
0.000000000000000000e+00
0.000000000000000000e+00
0.000000000000000000e+00
0.000000000000000000e+00
0.000000000000000000e+00
0.000000000000000000e+00
0.000000000000000000e+00
0.000000000000000000e+00
0.000000000000000000e+00
0.000000000000000000e+00
0.000000000000000000e+00
0.000000000000000000e+00
0.000000000000000000e+00
0.000000000000000000e+00
0.000000000000000000e+00
0.000000000000000000e+00
0.000000000000000000e+00
0.000000000000000000e+00
0.000000000000000000e+00
0.000000000000000000e+00
0.000000000000000000e+00
0.000000000000000000e+00
0.000000000000000000e+00
0.000000000000000000e+00
0.000000000000000000e+00
0.000000000000000000e+00
0.000000000000000000e+00
0.000000000000000000e+00
0.000000000000000000e+00
0.000000000000000000e+00
0.000000000000000000e+00
0.000000000000000000e+00
0.000000000000000000e+00
0.000000000000000000e+00
0.000000000000000000e+00
0.000000000000000000e+00
0.000000000000000000e+00
0.000000000000000000e+00
