1.000000000000000000e+00
5.191118717193603516e-01
4.768524467945098877e-01
4.472168684005737305e-01
4.201041460037231445e-01
3.923310339450836182e-01
4.545343220233917236e-01
4.550521373748779297e-01
4.593960940837860107e-01
4.628018140792846680e-01
4.791983664035797119e-01
5.191828608512878418e-01
5.242938399314880371e-01
5.143336057662963867e-01
5.139197111129760742e-01
5.481762290000915527e-01
5.486046075820922852e-01
5.375591516494750977e-01
5.527942180633544922e-01
5.771721601486206055e-01
5.939101576805114746e-01
6.054236888885498047e-01
6.345728635787963867e-01
5.917959809303283691e-01
5.390169024467468262e-01
5.044862627983093262e-01
5.066087245941162109e-01
4.631429016590118408e-01
3.697823286056518555e-01
3.086207509040832520e-01
2.610547244548797607e-01
4.516783058643341064e-01
4.226035475730895996e-01
4.558908939361572266e-01
4.819473624229431152e-01
4.525018036365509033e-01
4.258909523487091064e-01
4.606599807739257812e-01
4.867144227027893066e-01
4.552581310272216797e-01
3.801574707031250000e-01
3.372418284416198730e-01
3.038365840911865234e-01
1.000000000000000000e+00
1.000000000000000000e+00
0.000000000000000000e+00
0.000000000000000000e+00
1.000000000000000000e+00
0.000000000000000000e+00
0.000000000000000000e+00
0.000000000000000000e+00
0.000000000000000000e+00
0.000000000000000000e+00
0.000000000000000000e+00
0.000000000000000000e+00
0.000000000000000000e+00
0.000000000000000000e+00
0.000000000000000000e+00
0.000000000000000000e+00
0.000000000000000000e+00
0.000000000000000000e+00
0.000000000000000000e+00
0.000000000000000000e+00
0.000000000000000000e+00
0.000000000000000000e+00
0.000000000000000000e+00
0.000000000000000000e+00
0.000000000000000000e+00
0.000000000000000000e+00
0.000000000000000000e+00
0.000000000000000000e+00
0.000000000000000000e+00
0.000000000000000000e+00
0.000000000000000000e+00
0.000000000000000000e+00
0.000000000000000000e+00
0.000000000000000000e+00
0.000000000000000000e+00
0.000000000000000000e+00
0.000000000000000000e+00
0.000000000000000000e+00
0.000000000000000000e+00
0.000000000000000000e+00
0.000000000000000000e+00
0.000000000000000000e+00
0.000000000000000000e+00
0.000000000000000000e+00
0.000000000000000000e+00
0.000000000000000000e+00
0.000000000000000000e+00
0.000000000000000000e+00
0.000000000000000000e+00
0.000000000000000000e+00
0.000000000000000000e+00
0.000000000000000000e+00
0.000000000000000000e+00
