-1.000000000000000000e+00
3.223366737365722656e-01
3.799495995044708252e-01
4.292646944522857666e-01
4.732683300971984863e-01
5.112863779067993164e-01
4.125168025493621826e-01
4.217097461223602295e-01
4.251529872417449951e-01
4.257653951644897461e-01
3.748473823070526123e-01
3.657361268997192383e-01
3.604194223880767822e-01
3.737027943134307861e-01
3.394534289836883545e-01
3.260376155376434326e-01
3.309936225414276123e-01
3.451402187347412109e-01
3.038224577903747559e-01
2.894657552242279053e-01
2.785985469818115234e-01
2.719910144805908203e-01
6.633569002151489258e-01
6.445348262786865234e-01
5.989805459976196289e-01
5.617385506629943848e-01
5.450607538223266602e-01
4.943103194236755371e-01
4.236940145492553711e-01
3.733277916908264160e-01
3.282521367073059082e-01
4.908874630928039551e-01
4.583969414234161377e-01
5.318909287452697754e-01
5.416342020034790039e-01
4.954431354999542236e-01
4.704982638359069824e-01
5.309795737266540527e-01
5.448815226554870605e-01
5.026113986968994141e-01
4.377733170986175537e-01
4.050650894641876221e-01
3.622259497642517090e-01
0.000000000000000000e+00
1.000000000000000000e+00
0.000000000000000000e+00
0.000000000000000000e+00
1.000000000000000000e+00
0.000000000000000000e+00
0.000000000000000000e+00
0.000000000000000000e+00
0.000000000000000000e+00
0.000000000000000000e+00
0.000000000000000000e+00
0.000000000000000000e+00
0.000000000000000000e+00
0.000000000000000000e+00
0.000000000000000000e+00
0.000000000000000000e+00
0.000000000000000000e+00
0.000000000000000000e+00
0.000000000000000000e+00
0.000000000000000000e+00
0.000000000000000000e+00
0.000000000000000000e+00
0.000000000000000000e+00
0.000000000000000000e+00
0.000000000000000000e+00
0.000000000000000000e+00
0.000000000000000000e+00
0.000000000000000000e+00
0.000000000000000000e+00
0.000000000000000000e+00
0.000000000000000000e+00
0.000000000000000000e+00
0.000000000000000000e+00
0.000000000000000000e+00
0.000000000000000000e+00
0.000000000000000000e+00
0.000000000000000000e+00
0.000000000000000000e+00
0.000000000000000000e+00
0.000000000000000000e+00
0.000000000000000000e+00
0.000000000000000000e+00
0.000000000000000000e+00
0.000000000000000000e+00
0.000000000000000000e+00
0.000000000000000000e+00
0.000000000000000000e+00
0.000000000000000000e+00
0.000000000000000000e+00
0.000000000000000000e+00
0.000000000000000000e+00
0.000000000000000000e+00
0.000000000000000000e+00
