-1.000000000000000000e+00
0.000000000000000000e+00
1.647415452306573991e-01
3.308182811545422597e-01
4.634235832895465812e-01
5.555317407086249881e-01
5.139401072308991125e-01
6.986523270997101465e-01
8.138072097952474548e-01
9.153620089600154053e-01
5.342724458580913049e-01
7.538914513033413423e-01
8.892587573070261930e-01
1.000000000000000000e+00
5.207934463895315114e-01
7.298547785831238643e-01
8.668208880169739894e-01
9.839486748765473578e-01
4.787454782067115389e-01
6.436883778180435556e-01
7.570198156599706740e-01
8.621857109467374602e-01
0.000000000000000000e+00
1.000000000000000000e+00
1.000000000000000000e+00
1.000000000000000000e+00
1.000000000000000000e+00
0.000000000000000000e+00
0.000000000000000000e+00
0.000000000000000000e+00
0.000000000000000000e+00
0.000000000000000000e+00
0.000000000000000000e+00
0.000000000000000000e+00
0.000000000000000000e+00
0.000000000000000000e+00
0.000000000000000000e+00
0.000000000000000000e+00
0.000000000000000000e+00
0.000000000000000000e+00
0.000000000000000000e+00
0.000000000000000000e+00
0.000000000000000000e+00
0.000000000000000000e+00
0.000000000000000000e+00
0.000000000000000000e+00
0.000000000000000000e+00
0.000000000000000000e+00
0.000000000000000000e+00
0.000000000000000000e+00
0.000000000000000000e+00
0.000000000000000000e+00
0.000000000000000000e+00
0.000000000000000000e+00
