-1.000000000000000000e+00
0.000000000000000000e+00
1.576338672878608849e-01
3.212609296611789733e-01
4.562409956082569829e-01
5.578891508832712898e-01
5.070465437948384890e-01
6.961962064107917181e-01
8.177734801015503763e-01
9.306261868838433537e-01
5.224292880711718379e-01
7.402800030250350494e-01
8.788658090221037611e-01
1.000000000000000000e+00
5.007354341967429345e-01
7.019754652585367127e-01
8.419019113972714408e-01
9.686271992323680635e-01
4.551437025181834795e-01
6.163448956965255077e-01
7.275386402581824896e-01
8.365437008039301459e-01
0.000000000000000000e+00
1.000000000000000000e+00
1.000000000000000000e+00
1.000000000000000000e+00
1.000000000000000000e+00
1.000000000000000000e+00
0.000000000000000000e+00
1.163656894732086472e-01
2.561871147034784357e-01
3.718580301084478124e-01
4.763291191535229396e-01
5.111913529312019921e-01
7.391229848993967622e-01
8.712461322046232137e-01
1.000000000000000000e+00
4.815616997481358963e-01
5.853813197512061084e-01
4.317240939306513092e-01
3.866886793056077964e-01
4.413287755661019496e-01
5.035969214668249982e-01
3.392675217876273686e-01
3.081677512269064834e-01
3.983277238280253929e-01
4.463966731552063139e-01
3.235479074922950060e-01
2.874764296089817317e-01
0.000000000000000000e+00
1.000000000000000000e+00
0.000000000000000000e+00
0.000000000000000000e+00
0.000000000000000000e+00
