-1.000000000000000000e+00
0.000000000000000000e+00
1.573395875219143480e-01
3.207015381537636767e-01
4.557118844890910569e-01
5.561959076421626458e-01
5.055320252026248573e-01
6.947186367606429380e-01
8.167303220685799836e-01
9.295830393291369953e-01
5.215420916752067093e-01
7.410210635413310154e-01
8.799436294212718002e-01
1.000000000000000000e+00
5.006286365448402442e-01
7.015529335945156486e-01
8.400888280480145465e-01
9.637345202499572050e-01
4.549495743504833323e-01
6.172603832753695841e-01
7.297114129926144388e-01
8.382151694446186019e-01
0.000000000000000000e+00
1.000000000000000000e+00
1.000000000000000000e+00
1.000000000000000000e+00
1.000000000000000000e+00
1.000000000000000000e+00
0.000000000000000000e+00
1.162917963550263029e-01
2.557926641837057757e-01
3.733591107101787987e-01
4.764723918982806672e-01
5.115841440116759564e-01
7.381809940305634754e-01
8.715818452445797115e-01
1.000000000000000000e+00
4.826359016337970487e-01
5.819073895581551303e-01
4.230343638639086357e-01
3.814893849210696519e-01
4.437189337141170808e-01
4.988781991339508171e-01
3.342691444487680408e-01
3.099699887276330945e-01
4.012956640743002845e-01
4.415673515167441443e-01
3.193445439071875835e-01
2.892842420916928448e-01
0.000000000000000000e+00
1.000000000000000000e+00
0.000000000000000000e+00
0.000000000000000000e+00
0.000000000000000000e+00
