-1.000000000000000000e+00
0.000000000000000000e+00
1.583468992022496469e-01
3.216346690152367405e-01
4.558799678095553087e-01
5.563305466711343517e-01
5.074387725326038323e-01
6.961484012205454430e-01
8.171052129927119934e-01
9.295635873808314464e-01
5.235201116661811760e-01
7.416800953465639834e-01
8.798040830822475566e-01
1.000000000000000000e+00
5.032385425584000593e-01
7.020704311737957504e-01
8.394736364155507280e-01
9.624086406981163799e-01
4.582745400272564273e-01
6.202391096158403894e-01
7.315992388926152445e-01
8.391302920460455006e-01
0.000000000000000000e+00
1.000000000000000000e+00
1.000000000000000000e+00
1.000000000000000000e+00
1.000000000000000000e+00
1.000000000000000000e+00
0.000000000000000000e+00
1.143508131693694585e-01
2.516300159657270386e-01
3.637479579598184021e-01
4.684701006767569842e-01
5.054271682084664485e-01
7.330200913401185847e-01
8.673343917514454438e-01
1.000000000000000000e+00
4.788427535788542522e-01
5.725515186243896881e-01
4.121483009060089020e-01
3.686834266756152112e-01
4.406515203595773866e-01
4.975750348437383841e-01
3.311387246908663040e-01
3.021432983016519858e-01
3.988141269519020482e-01
4.396388448556386441e-01
3.153224030859848037e-01
2.816535637567062489e-01
0.000000000000000000e+00
1.000000000000000000e+00
0.000000000000000000e+00
0.000000000000000000e+00
0.000000000000000000e+00
