-1.000000000000000000e+00
0.000000000000000000e+00
1.673269535163426081e-01
3.344434719478359130e-01
4.658963940312209617e-01
5.641644311540793266e-01
5.119422464998598654e-01
6.984082046200890126e-01
8.175083216171934453e-01
9.284358820300531168e-01
5.276499544247219564e-01
7.437266857854316626e-01
8.818932404008410497e-01
1.000000000000000000e+00
5.070515662204467811e-01
7.054277758594748038e-01
8.414898590736386019e-01
9.636316389166118546e-01
4.618272155063340989e-01
6.250368128330564543e-01
7.378697959012178176e-01
8.482840847398431805e-01
0.000000000000000000e+00
1.000000000000000000e+00
1.000000000000000000e+00
1.000000000000000000e+00
1.000000000000000000e+00
1.000000000000000000e+00
0.000000000000000000e+00
1.200086651769191187e-01
2.828294226797626876e-01
4.027865824478870094e-01
4.743965219782517173e-01
5.057712816161917813e-01
7.402666921012097667e-01
8.745688218496927568e-01
1.000000000000000000e+00
4.620931870262620089e-01
5.611161663505631614e-01
3.936427699800287838e-01
3.484134472697096863e-01
4.089887091362248150e-01
4.673881535026982448e-01
3.054839836316941004e-01
2.828673581163878570e-01
3.574943034790732388e-01
3.875284928173487464e-01
2.730422821090917052e-01
2.543087895188680392e-01
0.000000000000000000e+00
1.000000000000000000e+00
0.000000000000000000e+00
0.000000000000000000e+00
0.000000000000000000e+00
