-1.000000000000000000e+00
2.626441121101379395e-01
3.176130056381225586e-01
3.453148007392883301e-01
2.997385263442993164e-01
2.554721236228942871e-01
3.656057119369506836e-01
4.043665528297424316e-01
4.255453944206237793e-01
4.382387697696685791e-01
3.088262379169464111e-01
3.024093508720397949e-01
2.961314916610717773e-01
2.896698117256164551e-01
2.576574683189392090e-01
2.492196857929229736e-01
2.651211321353912354e-01
2.759119272232055664e-01
2.137058973312377930e-01
2.138821482658386230e-01
2.330201715230941772e-01
2.509132325649261475e-01
9.877310395240783691e-01
9.562038183212280273e-01
8.973535895347595215e-01
8.456975221633911133e-01
8.007082343101501465e-01
7.246766090393066406e-01
6.136165857315063477e-01
5.415555238723754883e-01
4.820281267166137695e-01
7.104167938232421875e-01
5.755965709686279297e-01
4.886045157909393311e-01
4.152423143386840820e-01
7.374732494354248047e-01
7.086973190307617188e-01
7.732540965080261230e-01
8.175095319747924805e-01
7.854155302047729492e-01
7.764726281166076660e-01
8.201545476913452148e-01
8.509669303894042969e-01
1.000000000000000000e+00
1.000000000000000000e+00
1.000000000000000000e+00
0.000000000000000000e+00
0.000000000000000000e+00
1.000000000000000000e+00
9.963561892509460449e-01
9.038945436477661133e-01
8.246685266494750977e-01
7.547162771224975586e-01
6.901324391365051270e-01
8.610537648200988770e-01
8.186030387878417969e-01
7.928668856620788574e-01
7.721365094184875488e-01
9.140594601631164551e-01
8.958276510238647461e-01
8.837223649024963379e-01
8.726220130920410156e-01
9.620330333709716797e-01
9.553611874580383301e-01
9.453465938568115234e-01
9.338797926902770996e-01
1.002599954605102539e+00
9.999299645423889160e-01
9.956287145614624023e-01
9.894830584526062012e-01
7.003001570701599121e-01
7.107655405998229980e-01
6.701881885528564453e-01
6.374815106391906738e-01
6.165138483047485352e-01
4.683434069156646729e-01
3.494606614112854004e-01
2.740322947502136230e-01
2.059130668640136719e-01
4.287613928318023682e-01
2.896378636360168457e-01
1.985642313957214355e-01
1.188774108886718750e-01
4.227065742015838623e-01
2.943212389945983887e-01
2.101701498031616211e-01
1.372144818305969238e-01
4.347933232784271240e-01
3.427838087081909180e-01
2.867645621299743652e-01
2.340141385793685913e-01
1.000000000000000000e+00
1.000000000000000000e+00
1.000000000000000000e+00
1.000000000000000000e+00
1.000000000000000000e+00
