-1.000000000000000000e+00
2.519854307174682617e-01
3.131168186664581299e-01
3.422050476074218750e-01
2.863577902317047119e-01
2.343978583812713623e-01
3.699894547462463379e-01
4.140923619270324707e-01
4.367548227310180664e-01
4.498905241489410400e-01
3.055756092071533203e-01
2.985018491744995117e-01
2.916894853115081787e-01
2.857978940010070801e-01
2.476961016654968262e-01
2.445008158683776855e-01
2.587460577487945557e-01
2.671545445919036865e-01
1.982035934925079346e-01
2.018485069274902344e-01
2.221245914697647095e-01
2.379004657268524170e-01
1.001897454261779785e+00
9.869554042816162109e-01
9.317080378532409668e-01
8.735897541046142578e-01
8.168841004371643066e-01
7.418606877326965332e-01
6.163609623908996582e-01
5.341943502426147461e-01
4.645921587944030762e-01
7.222353816032409668e-01
5.685565471649169922e-01
4.699254035949707031e-01
3.822512030601501465e-01
7.503666877746582031e-01
7.222894430160522461e-01
8.008741140365600586e-01
8.484790325164794922e-01
8.032258749008178711e-01
7.977280616760253906e-01
8.485228419303894043e-01
8.807890415191650391e-01
1.000000000000000000e+00
1.000000000000000000e+00
1.000000000000000000e+00
0.000000000000000000e+00
0.000000000000000000e+00
1.000000000000000000e+00
1.005631804466247559e+00
9.198391437530517578e-01
8.422427773475646973e-01
7.691958546638488770e-01
7.009560465812683105e-01
8.809595704078674316e-01
8.373049497604370117e-01
8.132573366165161133e-01
7.971503734588623047e-01
9.380223155021667480e-01
9.230629205703735352e-01
9.128531813621520996e-01
9.049717187881469727e-01
9.917804598808288574e-01
9.896190166473388672e-01
9.822396636009216309e-01
9.749679565429687500e-01
1.038587689399719238e+00
1.047572731971740723e+00
1.052166581153869629e+00
1.054287910461425781e+00
6.716711521148681641e-01
6.806866526603698730e-01
6.400116086006164551e-01
6.027349233627319336e-01
5.821493268013000488e-01
4.236488342285156250e-01
2.968035936355590820e-01
2.126139402389526367e-01
1.398458778858184814e-01
3.865214884281158447e-01
2.370634078979492188e-01
1.395210027694702148e-01
5.805423855781555176e-02
3.824149072170257568e-01
2.513349652290344238e-01
1.593201458454132080e-01
8.206340670585632324e-02
4.018414020538330078e-01
3.044144511222839355e-01
2.375077903270721436e-01
1.800538003444671631e-01
1.000000000000000000e+00
1.000000000000000000e+00
1.000000000000000000e+00
1.000000000000000000e+00
1.000000000000000000e+00
