-1.000000000000000000e+00
2.560144662857055664e-01
3.187442421913146973e-01
3.478678166866302490e-01
2.907795906066894531e-01
2.381122857332229614e-01
3.734994828701019287e-01
4.210431575775146484e-01
4.460938274860382080e-01
4.606378674507141113e-01
3.072090148925781250e-01
2.991994917392730713e-01
2.914753556251525879e-01
2.836281359195709229e-01
2.480733245611190796e-01
2.425598055124282837e-01
2.612296044826507568e-01
2.725286185741424561e-01
1.962310224771499634e-01
1.961009055376052856e-01
2.198373675346374512e-01
2.404836863279342651e-01
1.023599505424499512e+00
1.000446081161499023e+00
9.354821443557739258e-01
8.759154081344604492e-01
8.208696246147155762e-01
7.409668564796447754e-01
6.087428331375122070e-01
5.232911109924316406e-01
4.512569010257720947e-01
7.230281829833984375e-01
5.636093616485595703e-01
4.606243073940277100e-01
3.693315088748931885e-01
7.544174790382385254e-01
7.168387174606323242e-01
7.945445775985717773e-01
8.459583520889282227e-01
8.121362328529357910e-01
7.960673570632934570e-01
8.410404324531555176e-01
8.732985854148864746e-01
1.000000000000000000e+00
1.000000000000000000e+00
1.000000000000000000e+00
0.000000000000000000e+00
0.000000000000000000e+00
1.000000000000000000e+00
1.034917593002319336e+00
9.304940104484558105e-01
8.423115611076354980e-01
7.648650407791137695e-01
6.926140785217285156e-01
8.901956081390380859e-01
8.488568067550659180e-01
8.220463991165161133e-01
8.021483421325683594e-01
9.586385488510131836e-01
9.456166028976440430e-01
9.332501888275146484e-01
9.260710477828979492e-01
1.024162650108337402e+00
1.026570916175842285e+00
1.022723078727722168e+00
1.018448710441589355e+00
1.083825230598449707e+00
1.099337100982666016e+00
1.104972720146179199e+00
1.107129812240600586e+00
6.849079728126525879e-01
6.855587959289550781e-01
6.370322704315185547e-01
5.975009202957153320e-01
5.746103525161743164e-01
4.031760692596435547e-01
2.714675664901733398e-01
1.798172742128372192e-01
1.020402908325195312e-01
3.607300519943237305e-01
1.987897455692291260e-01
8.997523784637451172e-02
2.485513687133789062e-04
3.563143610954284668e-01
2.101671099662780762e-01
1.137265563011169434e-01
3.101748228073120117e-02
3.769673407077789307e-01
2.656929492950439453e-01
1.970772743225097656e-01
1.358148157596588135e-01
1.000000000000000000e+00
1.000000000000000000e+00
1.000000000000000000e+00
1.000000000000000000e+00
1.000000000000000000e+00
