-1.000000000000000000e+00
2.290591895580291748e-01
2.847908437252044678e-01
3.139921724796295166e-01
2.703408598899841309e-01
2.244276255369186401e-01
3.315920233726501465e-01
3.690586388111114502e-01
3.893886804580688477e-01
4.031407237052917480e-01
2.786506712436676025e-01
2.750611007213592529e-01
2.702762186527252197e-01
2.663649618625640869e-01
2.307124137878417969e-01
2.328792661428451538e-01
2.447267025709152222e-01
2.508943974971771240e-01
1.893165558576583862e-01
1.952938288450241089e-01
2.146127820014953613e-01
2.303158044815063477e-01
1.004620909690856934e+00
9.819940328598022461e-01
9.244421720504760742e-01
8.706765770912170410e-01
8.281304240226745605e-01
7.681582570075988770e-01
6.647120118141174316e-01
5.955964326858520508e-01
5.388569831848144531e-01
7.544931173324584961e-01
6.281673312187194824e-01
5.438834428787231445e-01
4.720612764358520508e-01
7.802438139915466309e-01
7.476486563682556152e-01
8.161417245864868164e-01
8.645861148834228516e-01
8.271718025207519531e-01
8.091323971748352051e-01
8.481053113937377930e-01
8.773344755172729492e-01
1.000000000000000000e+00
1.000000000000000000e+00
1.000000000000000000e+00
0.000000000000000000e+00
0.000000000000000000e+00
1.000000000000000000e+00
9.043037891387939453e-01
8.083384037017822266e-01
7.232242226600646973e-01
6.580969691276550293e-01
5.959358215332031250e-01
7.726631760597229004e-01
7.334328293800354004e-01
7.135416865348815918e-01
6.993555426597595215e-01
8.319372534751892090e-01
8.199119567871093750e-01
8.127232789993286133e-01
8.065026402473449707e-01
8.893422484397888184e-01
8.824274539947509766e-01
8.758330941200256348e-01
8.693757057189941406e-01
9.467982649803161621e-01
9.734605550765991211e-01
9.912117719650268555e-01
1.004592776298522949e+00
7.754713296890258789e-01
7.585040926933288574e-01
6.959806680679321289e-01
6.414440870285034180e-01
6.137956380844116211e-01
4.875733852386474609e-01
3.681555688381195068e-01
2.906096577644348145e-01
2.228253781795501709e-01
4.579291343688964844e-01
3.152747750282287598e-01
2.261988818645477295e-01
1.501618325710296631e-01
4.618276059627532959e-01
3.299211859703063965e-01
2.494294941425323486e-01
1.775328814983367920e-01
4.907797276973724365e-01
3.970472812652587891e-01
3.372779488563537598e-01
2.811731696128845215e-01
1.000000000000000000e+00
1.000000000000000000e+00
1.000000000000000000e+00
1.000000000000000000e+00
1.000000000000000000e+00
