-1.000000000000000000e+00
3.557528257369995117e-01
4.017161726951599121e-01
4.318737089633941650e-01
4.004048705101013184e-01
3.609508275985717773e-01
4.413878619670867920e-01
4.719564616680145264e-01
4.897366166114807129e-01
5.021061301231384277e-01
3.965787291526794434e-01
3.932032287120819092e-01
3.937776386737823486e-01
3.941277563571929932e-01
3.572689890861511230e-01
3.612199723720550537e-01
3.713275492191314697e-01
3.743241727352142334e-01
3.246928155422210693e-01
3.331768214702606201e-01
3.464070260524749756e-01
3.539810180664062500e-01
9.789915084838867188e-01
9.525725245475769043e-01
8.935441374778747559e-01
8.427320718765258789e-01
8.062987923622131348e-01
7.623347043991088867e-01
6.761708855628967285e-01
6.219125986099243164e-01
5.763344168663024902e-01
7.493521571159362793e-01
6.407215595245361328e-01
5.748695731163024902e-01
5.201853513717651367e-01
7.689602971076965332e-01
7.427858114242553711e-01
7.990419864654541016e-01
8.370342254638671875e-01
8.052587509155273438e-01
8.025173544883728027e-01
8.427513241767883301e-01
8.696755170822143555e-01
1.000000000000000000e+00
1.000000000000000000e+00
1.000000000000000000e+00
0.000000000000000000e+00
0.000000000000000000e+00
1.000000000000000000e+00
9.302945733070373535e-01
8.457450270652770996e-01
7.665762901306152344e-01
7.080121636390686035e-01
6.600875854492187500e-01
7.942549586296081543e-01
7.480123639106750488e-01
7.232710123062133789e-01
7.046802043914794922e-01
8.381537795066833496e-01
8.111234903335571289e-01
7.960928678512573242e-01
7.842639088630676270e-01
8.834377527236938477e-01
8.635475039482116699e-01
8.476442694664001465e-01
8.331828117370605469e-01
9.317881464958190918e-01
9.466109871864318848e-01
9.556378126144409180e-01
9.614650607109069824e-01
7.622495293617248535e-01
7.615755200386047363e-01
7.218064665794372559e-01
6.878241896629333496e-01
6.798082590103149414e-01
5.505705475807189941e-01
4.625009894371032715e-01
4.053206443786621094e-01
3.539296388626098633e-01
5.179215073585510254e-01
4.072148799896240234e-01
3.377468585968017578e-01
2.778394818305969238e-01
5.105128288269042969e-01
4.066172838211059570e-01
3.432841897010803223e-01
2.860726416110992432e-01
5.215814113616943359e-01
4.396678805351257324e-01
3.840185999870300293e-01
3.301043510437011719e-01
1.000000000000000000e+00
1.000000000000000000e+00
1.000000000000000000e+00
1.000000000000000000e+00
1.000000000000000000e+00
