-1.000000000000000000e+00
4.169463217258453369e-01
4.756721258163452148e-01
4.968365430831909180e-01
5.154539346694946289e-01
5.322787761688232422e-01
4.197708666324615479e-01
4.484414160251617432e-01
4.639864861965179443e-01
4.719608128070831299e-01
4.118761718273162842e-01
4.923606514930725098e-01
4.971118569374084473e-01
4.785083830356597900e-01
4.193360805511474609e-01
5.011180639266967773e-01
4.989292323589324951e-01
4.783703684806823730e-01
4.362126290798187256e-01
4.958081543445587158e-01
4.998463988304138184e-01
4.912777543067932129e-01
9.686122536659240723e-01
9.065549373626708984e-01
8.508050441741943359e-01
8.132314085960388184e-01
8.020957112312316895e-01
7.647885680198669434e-01
6.838409304618835449e-01
6.258044242858886719e-01
5.778546929359436035e-01
7.867340445518493652e-01
7.603603005409240723e-01
8.068500161170959473e-01
8.291410803794860840e-01
8.203487396240234375e-01
8.043642640113830566e-01
8.455671072006225586e-01
8.652093410491943359e-01
8.576471209526062012e-01
8.409005999565124512e-01
8.682468533515930176e-01
8.837798833847045898e-01
0.000000000000000000e+00
1.000000000000000000e+00
0.000000000000000000e+00
0.000000000000000000e+00
0.000000000000000000e+00
1.000000000000000000e+00
8.730990886688232422e-01
8.313289284706115723e-01
7.891915440559387207e-01
7.683975696563720703e-01
7.527401447296142578e-01
7.837303280830383301e-01
7.554333806037902832e-01
7.360646724700927734e-01
7.213392257690429688e-01
8.068722486495971680e-01
7.793868184089660645e-01
7.600921988487243652e-01
7.458946704864501953e-01
8.338903784751892090e-01
8.116813898086547852e-01
7.950919866561889648e-01
7.821256518363952637e-01
8.634753227233886719e-01
8.611861467361450195e-01
8.570756912231445312e-01
8.525489568710327148e-01
7.259666919708251953e-01
7.360874414443969727e-01
7.010068893432617188e-01
6.711700558662414551e-01
6.592773795127868652e-01
5.701025128364562988e-01
5.052657723426818848e-01
4.594793915748596191e-01
4.242102205753326416e-01
5.516808629035949707e-01
4.692488014698028564e-01
4.124206304550170898e-01
3.675673305988311768e-01
5.493377447128295898e-01
4.667098820209503174e-01
4.133510291576385498e-01
3.697243630886077881e-01
5.624869465827941895e-01
4.961141943931579590e-01
4.508587419986724854e-01
4.124351739883422852e-01
1.000000000000000000e+00
1.000000000000000000e+00
1.000000000000000000e+00
1.000000000000000000e+00
1.000000000000000000e+00
