-1.000000000000000000e+00
4.046604931354522705e-01
4.516197144985198975e-01
4.828991591930389404e-01
4.701522290706634521e-01
4.408353567123413086e-01
4.776499271392822266e-01
5.074626207351684570e-01
5.252100229263305664e-01
5.354629755020141602e-01
4.400046169757843018e-01
4.399953782558441162e-01
4.440899193286895752e-01
4.423611164093017578e-01
4.066687822341918945e-01
4.261457920074462891e-01
4.457622766494750977e-01
4.513075351715087891e-01
3.803922533988952637e-01
4.120810329914093018e-01
4.368025064468383789e-01
4.487674832344055176e-01
9.509478807449340820e-01
9.243783950805664062e-01
8.696484565734863281e-01
8.212600946426391602e-01
7.928689718246459961e-01
7.530745267868041992e-01
6.751325726509094238e-01
6.295741796493530273e-01
5.895570516586303711e-01
7.449280023574829102e-01
6.452252268791198730e-01
5.870859026908874512e-01
5.417457818984985352e-01
7.632414102554321289e-01
7.346547245979309082e-01
7.721759080886840820e-01
8.010018467903137207e-01
7.959681749343872070e-01
7.936528325080871582e-01
8.190307617187500000e-01
8.386605978012084961e-01
1.000000000000000000e+00
1.000000000000000000e+00
1.000000000000000000e+00
0.000000000000000000e+00
0.000000000000000000e+00
1.000000000000000000e+00
9.536082744598388672e-01
8.782724738121032715e-01
7.993873953819274902e-01
7.404377460479736328e-01
6.954637765884399414e-01
8.156504631042480469e-01
7.702478170394897461e-01
7.466952800750732422e-01
7.278336286544799805e-01
8.540851473808288574e-01
8.237002491950988770e-01
8.059383630752563477e-01
7.909863591194152832e-01
8.971082568168640137e-01
8.729633092880249023e-01
8.558829426765441895e-01
8.402871489524841309e-01
9.440593123435974121e-01
9.549604654312133789e-01
9.615364670753479004e-01
9.665393233299255371e-01
7.191194891929626465e-01
7.238207459449768066e-01
6.926999092102050781e-01
6.705789566040039062e-01
6.721627116203308105e-01
5.266107916831970215e-01
4.482470452785491943e-01
3.981025218963623047e-01
3.541088104248046875e-01
4.933063387870788574e-01
3.960386216640472412e-01
3.382776081562042236e-01
2.891123294830322266e-01
4.830954074859619141e-01
3.914803564548492432e-01
3.386984765529632568e-01
2.932173907756805420e-01
4.914445579051971436e-01
4.174587130546569824e-01
3.678855597972869873e-01
3.220573663711547852e-01
1.000000000000000000e+00
1.000000000000000000e+00
1.000000000000000000e+00
1.000000000000000000e+00
1.000000000000000000e+00
