-1.000000000000000000e+00
3.959254920482635498e-01
4.407811760902404785e-01
4.726812243461608887e-01
4.521321058273315430e-01
4.225543439388275146e-01
4.862878918647766113e-01
5.206359624862670898e-01
5.413590669631958008e-01
5.562872886657714844e-01
4.452170729637145996e-01
4.483158290386199951e-01
4.519845247268676758e-01
4.532305300235748291e-01
4.064124226570129395e-01
4.213459491729736328e-01
4.294425845146179199e-01
4.277400970458984375e-01
3.727233111858367920e-01
3.929958939552307129e-01
4.078758358955383301e-01
4.128004908561706543e-01
9.589920043945312500e-01
9.388937354087829590e-01
8.815774917602539062e-01
8.288229703903198242e-01
7.848591804504394531e-01
7.626265287399291992e-01
6.864889264106750488e-01
6.387817859649658203e-01
5.982406735420227051e-01
7.490257620811462402e-01
6.454080343246459961e-01
5.836088657379150391e-01
5.328209400177001953e-01
7.643493413925170898e-01
7.303872108459472656e-01
7.911161184310913086e-01
8.308688402175903320e-01
7.936489582061767578e-01
7.782954573631286621e-01
8.151407241821289062e-01
8.387227058410644531e-01
1.000000000000000000e+00
1.000000000000000000e+00
1.000000000000000000e+00
0.000000000000000000e+00
0.000000000000000000e+00
1.000000000000000000e+00
9.813935160636901855e-01
9.011458158493041992e-01
8.193651437759399414e-01
7.552946805953979492e-01
7.039316892623901367e-01
8.418607115745544434e-01
7.999941110610961914e-01
7.769132256507873535e-01
7.564975619316101074e-01
8.832598328590393066e-01
8.560882806777954102e-01
8.383738398551940918e-01
8.223807215690612793e-01
9.277899265289306641e-01
9.051605463027954102e-01
8.878042697906494141e-01
8.705556988716125488e-01
9.747746586799621582e-01
9.837141036987304688e-01
9.885017871856689453e-01
9.910216331481933594e-01
7.135792970657348633e-01
7.164911031723022461e-01
6.807592511177062988e-01
6.542258858680725098e-01
6.476985812187194824e-01
5.069780945777893066e-01
4.197319746017456055e-01
3.657081723213195801e-01
3.194475173950195312e-01
4.778177440166473389e-01
3.735932707786560059e-01
3.124200701713562012e-01
2.636624574661254883e-01
4.717228114604949951e-01
3.756658434867858887e-01
3.193361759185791016e-01
2.718290686607360840e-01
4.826925098896026611e-01
4.091824889183044434e-01
3.604621887207031250e-01
3.152932524681091309e-01
1.000000000000000000e+00
1.000000000000000000e+00
1.000000000000000000e+00
1.000000000000000000e+00
1.000000000000000000e+00
