-1.000000000000000000e+00
4.042713642120361328e-01
4.494140744209289551e-01
4.734579026699066162e-01
4.423621594905853271e-01
4.090439677238464355e-01
4.838782846927642822e-01
5.159898400306701660e-01
5.333530902862548828e-01
5.433361530303955078e-01
4.418887197971343994e-01
4.374747574329376221e-01
4.363688528537750244e-01
4.332246184349060059e-01
4.042515456676483154e-01
4.083933830261230469e-01
4.206814467906951904e-01
4.237435460090637207e-01
3.726837038993835449e-01
3.819239735603332520e-01
3.967094123363494873e-01
4.044739603996276855e-01
9.656990766525268555e-01
9.348915815353393555e-01
8.733786344528198242e-01
8.219106197357177734e-01
7.802125215530395508e-01
7.557696104049682617e-01
6.732674837112426758e-01
6.215695142745971680e-01
5.776526927947998047e-01
7.461429834365844727e-01
6.391973495483398438e-01
5.766094923019409180e-01
5.255687832832336426e-01
7.662445902824401855e-01
7.339440584182739258e-01
7.909680604934692383e-01
8.293437361717224121e-01
7.998578548431396484e-01
7.787537574768066406e-01
8.158998489379882812e-01
8.440435528755187988e-01
1.000000000000000000e+00
1.000000000000000000e+00
1.000000000000000000e+00
0.000000000000000000e+00
0.000000000000000000e+00
1.000000000000000000e+00
9.899884462356567383e-01
9.116320610046386719e-01
8.348259925842285156e-01
7.723361253738403320e-01
7.204995751380920410e-01
8.572368621826171875e-01
8.164107799530029297e-01
7.924669981002807617e-01
7.719131708145141602e-01
8.989694118499755859e-01
8.757001757621765137e-01
8.592517971992492676e-01
8.440649509429931641e-01
9.432539343833923340e-01
9.242438077926635742e-01
9.088410735130310059e-01
8.927061557769775391e-01
9.875545501708984375e-01
9.964373111724853516e-01
1.003567218780517578e+00
1.008001327514648438e+00
7.068263292312622070e-01
7.049331665039062500e-01
6.670934557914733887e-01
6.462815999984741211e-01
6.416223049163818359e-01
4.957467019557952881e-01
4.050944149494171143e-01
3.483709692955017090e-01
3.008210062980651855e-01
4.666447043418884277e-01
3.587945699691772461e-01
2.943124175071716309e-01
2.447560429573059082e-01
4.607459306716918945e-01
3.646661043167114258e-01
3.074477910995483398e-01
2.596932649612426758e-01
4.716722667217254639e-01
4.028362631797790527e-01
3.597128093242645264e-01
3.204660713672637939e-01
1.000000000000000000e+00
1.000000000000000000e+00
1.000000000000000000e+00
1.000000000000000000e+00
1.000000000000000000e+00
