-1.000000000000000000e+00
4.096770882606506348e-01
4.530388712882995605e-01
4.734120666980743408e-01
4.409708082675933838e-01
4.068391621112823486e-01
4.778177440166473389e-01
5.047104954719543457e-01
5.197739005088806152e-01
5.289738774299621582e-01
4.361054301261901855e-01
4.253472685813903809e-01
4.207395613193511963e-01
4.157572984695434570e-01
4.002961218357086182e-01
4.012337327003479004e-01
4.160059094429016113e-01
4.214413464069366455e-01
3.716742396354675293e-01
3.776021003723144531e-01
3.929452896118164062e-01
4.015747904777526855e-01
9.653757214546203613e-01
9.331703782081604004e-01
8.716784119606018066e-01
8.231936693191528320e-01
7.835907936096191406e-01
7.506353259086608887e-01
6.663985848426818848e-01
6.143432855606079102e-01
5.705696344375610352e-01
7.454334497451782227e-01
6.434360742568969727e-01
5.811717510223388672e-01
5.298426151275634766e-01
7.695119976997375488e-01
7.384799122810363770e-01
7.934033870697021484e-01
8.316951394081115723e-01
8.071444630622863770e-01
7.898465991020202637e-01
8.259770274162292480e-01
8.529903888702392578e-01
1.000000000000000000e+00
1.000000000000000000e+00
1.000000000000000000e+00
0.000000000000000000e+00
0.000000000000000000e+00
1.000000000000000000e+00
1.011497259140014648e+00
9.332499504089355469e-01
8.575377464294433594e-01
7.947043180465698242e-01
7.420562505722045898e-01
8.783571720123291016e-01
8.355569839477539062e-01
8.104057312011718750e-01
7.906503081321716309e-01
9.166435003280639648e-01
8.928334116935729980e-01
8.775557279586791992e-01
8.659227490425109863e-01
9.579257369041442871e-01
9.450994133949279785e-01
9.312540292739868164e-01
9.188666343688964844e-01
9.996481537818908691e-01
1.003749728202819824e+00
1.005671262741088867e+00
1.006272077560424805e+00
7.017283439636230469e-01
7.069728374481201172e-01
6.710709333419799805e-01
6.490613818168640137e-01
6.424266695976257324e-01
4.991224110126495361e-01
4.105819463729858398e-01
3.539841771125793457e-01
3.063208162784576416e-01
4.692681431770324707e-01
3.631188273429870605e-01
3.010564744472503662e-01
2.531123161315917969e-01
4.635163843631744385e-01
3.690418303012847900e-01
3.123692870140075684e-01
2.678675055503845215e-01
4.759623408317565918e-01
4.116933941841125488e-01
3.741219043731689453e-01
3.438947200775146484e-01
1.000000000000000000e+00
1.000000000000000000e+00
1.000000000000000000e+00
1.000000000000000000e+00
1.000000000000000000e+00
