-1.000000000000000000e+00
3.399825394153594971e-01
3.826239109039306641e-01
3.993055820465087891e-01
3.813048899173736572e-01
3.512935340404510498e-01
4.036594927310943604e-01
4.314385354518890381e-01
4.463502168655395508e-01
4.546387791633605957e-01
3.630056083202362061e-01
3.554283380508422852e-01
3.510598242282867432e-01
3.455739915370941162e-01
3.266550004482269287e-01
3.328981101512908936e-01
3.479434251785278320e-01
3.550761938095092773e-01
2.985351681709289551e-01
3.131443262100219727e-01
3.336833715438842773e-01
3.482949435710906982e-01
9.453927278518676758e-01
9.056073427200317383e-01
8.543720245361328125e-01
8.177145719528198242e-01
7.976054549217224121e-01
7.313485145568847656e-01
6.482955217361450195e-01
5.968172550201416016e-01
5.564959049224853516e-01
7.291482090950012207e-01
6.254437565803527832e-01
5.638082623481750488e-01
5.170931816101074219e-01
7.535535693168640137e-01
7.106330394744873047e-01
7.499607801437377930e-01
7.849541306495666504e-01
7.930004596710205078e-01
7.709490656852722168e-01
7.920159101486206055e-01
8.125827312469482422e-01
1.000000000000000000e+00
1.000000000000000000e+00
1.000000000000000000e+00
0.000000000000000000e+00
0.000000000000000000e+00
1.000000000000000000e+00
9.142706394195556641e-01
8.403038978576660156e-01
7.609173059463500977e-01
7.008489966392517090e-01
6.522152423858642578e-01
7.842825651168823242e-01
7.409284114837646484e-01
7.180820703506469727e-01
7.018864750862121582e-01
8.271950483322143555e-01
7.997421026229858398e-01
7.855480909347534180e-01
7.752872109413146973e-01
8.748906254768371582e-01
8.585020899772644043e-01
8.464565277099609375e-01
8.368493318557739258e-01
9.247819185256958008e-01
9.374110698699951172e-01
9.470390677452087402e-01
9.554643034934997559e-01
7.309985756874084473e-01
7.241570949554443359e-01
6.835277676582336426e-01
6.548834443092346191e-01
6.567313075065612793e-01
5.113644599914550781e-01
4.257501959800720215e-01
3.700678050518035889e-01
3.212651312351226807e-01
4.768356978893280029e-01
3.721119463443756104e-01
3.102351427078247070e-01
2.561011314392089844e-01
4.674873352050781250e-01
3.687451481819152832e-01
3.084532916545867920e-01
2.563967108726501465e-01
4.792646467685699463e-01
4.018961787223815918e-01
3.503932654857635498e-01
3.038778305053710938e-01
1.000000000000000000e+00
1.000000000000000000e+00
1.000000000000000000e+00
1.000000000000000000e+00
1.000000000000000000e+00
