-1.000000000000000000e+00
2.867780923843383789e-01
3.319161534309387207e-01
3.548964262008666992e-01
3.363851308822631836e-01
3.077106475830078125e-01
3.571389019489288330e-01
3.816478550434112549e-01
3.970992565155029297e-01
4.071582555770874023e-01
3.164616823196411133e-01
3.061310648918151855e-01
2.980011105537414551e-01
2.899491786956787109e-01
2.802579104900360107e-01
2.828651666641235352e-01
2.946647405624389648e-01
3.007077276706695557e-01
2.503910958766937256e-01
2.564319968223571777e-01
2.715164721012115479e-01
2.830500602722167969e-01
9.547309279441833496e-01
9.190580248832702637e-01
8.696964383125305176e-01
8.297918438911437988e-01
7.984521389007568359e-01
7.409652471542358398e-01
6.537387371063232422e-01
5.981828570365905762e-01
5.529938340187072754e-01
7.368466854095458984e-01
6.350632309913635254e-01
5.697114467620849609e-01
5.198268294334411621e-01
7.616584300994873047e-01
7.197380065917968750e-01
7.592177987098693848e-01
7.937633395195007324e-01
8.008983731269836426e-01
7.819259166717529297e-01
8.040720224380493164e-01
8.241555690765380859e-01
1.000000000000000000e+00
1.000000000000000000e+00
1.000000000000000000e+00
0.000000000000000000e+00
0.000000000000000000e+00
1.000000000000000000e+00
8.545754551887512207e-01
7.774216532707214355e-01
6.996500492095947266e-01
6.395933628082275391e-01
5.884065032005310059e-01
7.234725952148437500e-01
6.808047294616699219e-01
6.576322317123413086e-01
6.402915716171264648e-01
7.631478309631347656e-01
7.347874045372009277e-01
7.204897999763488770e-01
7.112206220626831055e-01
8.076954483985900879e-01
7.880938649177551270e-01
7.735627293586730957e-01
7.621327042579650879e-01
8.559142947196960449e-01
8.683241009712219238e-01
8.760151267051696777e-01
8.825478553771972656e-01
7.042005062103271484e-01
6.992911100387573242e-01
6.623356938362121582e-01
6.372332572937011719e-01
6.360666751861572266e-01
4.873900115489959717e-01
4.049370884895324707e-01
3.516675233840942383e-01
3.038879036903381348e-01
4.543600678443908691e-01
3.516693711280822754e-01
2.903267145156860352e-01
2.390056252479553223e-01
4.466571211814880371e-01
3.494851589202880859e-01
2.938970327377319336e-01
2.458482682704925537e-01
4.595869779586791992e-01
3.827714920043945312e-01
3.326709270477294922e-01
2.857116460800170898e-01
1.000000000000000000e+00
1.000000000000000000e+00
1.000000000000000000e+00
1.000000000000000000e+00
1.000000000000000000e+00
