-1.000000000000000000e+00
2.732985317707061768e-01
3.153573274612426758e-01
3.316781520843505859e-01
3.034074902534484863e-01
2.692186236381530762e-01
3.400719165802001953e-01
3.665885031223297119e-01
3.819054961204528809e-01
3.901255130767822266e-01
2.979363799095153809e-01
2.879857420921325684e-01
2.786496877670288086e-01
2.686281204223632812e-01
2.603709101676940918e-01
2.607342898845672607e-01
2.746739387512207031e-01
2.818570733070373535e-01
2.297959923744201660e-01
2.370418012142181396e-01
2.550482451915740967e-01
2.696446776390075684e-01
9.533780217170715332e-01
9.121884107589721680e-01
8.537085056304931641e-01
8.115282058715820312e-01
7.803614735603332520e-01
7.318717241287231445e-01
6.479108333587646484e-01
5.934463143348693848e-01
5.480243563652038574e-01
7.280766963958740234e-01
6.252000927925109863e-01
5.591116547584533691e-01
5.066213011741638184e-01
7.544367909431457520e-01
7.189955711364746094e-01
7.630549669265747070e-01
7.987346053123474121e-01
7.953558564186096191e-01
7.766153812408447266e-01
8.042030334472656250e-01
8.290456533432006836e-01
1.000000000000000000e+00
1.000000000000000000e+00
1.000000000000000000e+00
0.000000000000000000e+00
0.000000000000000000e+00
1.000000000000000000e+00
8.241733312606811523e-01
7.484698295593261719e-01
6.708872318267822266e-01
6.123776435852050781e-01
5.646381974220275879e-01
6.939863562583923340e-01
6.519410610198974609e-01
6.288459300994873047e-01
6.127041578292846680e-01
7.343830466270446777e-01
7.075456976890563965e-01
6.933811902999877930e-01
6.839650869369506836e-01
7.794306278228759766e-01
7.616605758666992188e-01
7.459831833839416504e-01
7.340580821037292480e-01
8.279967308044433594e-01
8.403981924057006836e-01
8.485848307609558105e-01
8.556283116340637207e-01
6.986381411552429199e-01
6.943860054016113281e-01
6.579380035400390625e-01
6.308916211128234863e-01
6.302910447120666504e-01
4.857780337333679199e-01
4.026818275451660156e-01
3.491084575653076172e-01
3.012756705284118652e-01
4.524295032024383545e-01
3.478934466838836670e-01
2.863591313362121582e-01
2.345611751079559326e-01
4.432392120361328125e-01
3.446536660194396973e-01
2.859463691711425781e-01
2.364110946655273438e-01
4.545146226882934570e-01
3.766971826553344727e-01
3.234381079673767090e-01
2.756278514862060547e-01
1.000000000000000000e+00
1.000000000000000000e+00
1.000000000000000000e+00
1.000000000000000000e+00
1.000000000000000000e+00
