-1.000000000000000000e+00
3.609616458415985107e-01
3.287140727043151855e-01
3.206858038902282715e-01
3.160679340362548828e-01
2.935415208339691162e-01
4.168049395084381104e-01
4.728918373584747314e-01
4.556158781051635742e-01
4.323607683181762695e-01
4.672865271568298340e-01
5.162249803543090820e-01
4.952695369720458984e-01
4.784567058086395264e-01
5.093616843223571777e-01
5.517510771751403809e-01
5.293919444084167480e-01
5.083344578742980957e-01
5.432155132293701172e-01
6.285282373428344727e-01
6.798039078712463379e-01
7.235456705093383789e-01
9.399605393409729004e-01
7.990773916244506836e-01
6.607990264892578125e-01
5.447421073913574219e-01
4.615530967712402344e-01
6.413679718971252441e-01
5.712161064147949219e-01
6.065463423728942871e-01
6.474093198776245117e-01
6.960843205451965332e-01
6.187825202941894531e-01
6.477470397949218750e-01
6.870768070220947266e-01
7.577803134918212891e-01
6.858292222023010254e-01
7.061550021171569824e-01
7.377142906188964844e-01
8.206754922866821289e-01
7.500010728836059570e-01
7.178425192832946777e-01
6.857189536094665527e-01
1.000000000000000000e+00
0.000000000000000000e+00
0.000000000000000000e+00
0.000000000000000000e+00
1.000000000000000000e+00
0.000000000000000000e+00
0.000000000000000000e+00
0.000000000000000000e+00
0.000000000000000000e+00
0.000000000000000000e+00
0.000000000000000000e+00
0.000000000000000000e+00
0.000000000000000000e+00
0.000000000000000000e+00
0.000000000000000000e+00
0.000000000000000000e+00
0.000000000000000000e+00
0.000000000000000000e+00
0.000000000000000000e+00
0.000000000000000000e+00
0.000000000000000000e+00
0.000000000000000000e+00
0.000000000000000000e+00
0.000000000000000000e+00
0.000000000000000000e+00
0.000000000000000000e+00
0.000000000000000000e+00
0.000000000000000000e+00
0.000000000000000000e+00
0.000000000000000000e+00
0.000000000000000000e+00
0.000000000000000000e+00
0.000000000000000000e+00
0.000000000000000000e+00
0.000000000000000000e+00
0.000000000000000000e+00
0.000000000000000000e+00
0.000000000000000000e+00
0.000000000000000000e+00
0.000000000000000000e+00
0.000000000000000000e+00
0.000000000000000000e+00
0.000000000000000000e+00
0.000000000000000000e+00
0.000000000000000000e+00
0.000000000000000000e+00
0.000000000000000000e+00
0.000000000000000000e+00
0.000000000000000000e+00
0.000000000000000000e+00
0.000000000000000000e+00
0.000000000000000000e+00
0.000000000000000000e+00
