-1.000000000000000000e+00
4.531973302364349365e-01
4.359123110771179199e-01
4.374752044677734375e-01
4.452823400497436523e-01
4.417646825313568115e-01
4.963981807231903076e-01
5.336608290672302246e-01
5.233852267265319824e-01
5.063289403915405273e-01
5.275982618331909180e-01
5.586709976196289062e-01
5.479550957679748535e-01
5.324567556381225586e-01
5.528020262718200684e-01
5.811081528663635254e-01
5.694564580917358398e-01
5.527235269546508789e-01
5.712873339653015137e-01
6.180974841117858887e-01
6.470449566841125488e-01
6.700431704521179199e-01
8.110017776489257812e-01
7.210502624511718750e-01
6.370505690574645996e-01
5.661690235137939453e-01
5.139569044113159180e-01
6.137650012969970703e-01
5.910227298736572266e-01
6.143295168876647949e-01
6.338683366775512695e-01
6.519126296043395996e-01
6.290055513381958008e-01
6.479560732841491699e-01
6.666731238365173340e-01
6.967664361000061035e-01
6.717107892036437988e-01
6.865531206130981445e-01
7.026783227920532227e-01
7.432790994644165039e-01
7.221205830574035645e-01
7.119472026824951172e-01
6.988244652748107910e-01
1.000000000000000000e+00
0.000000000000000000e+00
0.000000000000000000e+00
0.000000000000000000e+00
1.000000000000000000e+00
0.000000000000000000e+00
0.000000000000000000e+00
0.000000000000000000e+00
0.000000000000000000e+00
0.000000000000000000e+00
0.000000000000000000e+00
0.000000000000000000e+00
0.000000000000000000e+00
0.000000000000000000e+00
0.000000000000000000e+00
0.000000000000000000e+00
0.000000000000000000e+00
0.000000000000000000e+00
0.000000000000000000e+00
0.000000000000000000e+00
0.000000000000000000e+00
0.000000000000000000e+00
0.000000000000000000e+00
0.000000000000000000e+00
0.000000000000000000e+00
0.000000000000000000e+00
0.000000000000000000e+00
0.000000000000000000e+00
0.000000000000000000e+00
0.000000000000000000e+00
0.000000000000000000e+00
0.000000000000000000e+00
0.000000000000000000e+00
0.000000000000000000e+00
0.000000000000000000e+00
0.000000000000000000e+00
0.000000000000000000e+00
0.000000000000000000e+00
0.000000000000000000e+00
0.000000000000000000e+00
0.000000000000000000e+00
0.000000000000000000e+00
0.000000000000000000e+00
0.000000000000000000e+00
0.000000000000000000e+00
0.000000000000000000e+00
0.000000000000000000e+00
0.000000000000000000e+00
0.000000000000000000e+00
0.000000000000000000e+00
0.000000000000000000e+00
0.000000000000000000e+00
0.000000000000000000e+00
