-1.000000000000000000e+00
3.818295001983642578e-01
3.467733263969421387e-01
3.347612023353576660e-01
3.289458453655242920e-01
3.088245689868927002e-01
4.316193461418151855e-01
4.870254993438720703e-01
4.736070036888122559e-01
4.499596059322357178e-01
4.839540421962738037e-01
5.312636494636535645e-01
5.117626190185546875e-01
4.940446019172668457e-01
5.274196267127990723e-01
5.665262341499328613e-01
5.460238456726074219e-01
5.264143943786621094e-01
5.624318122863769531e-01
6.458602547645568848e-01
6.947585344314575195e-01
7.362674474716186523e-01
9.214097261428833008e-01
7.788403630256652832e-01
6.405382156372070312e-01
5.264887809753417969e-01
4.461174309253692627e-01
6.210154294967651367e-01
5.549883246421813965e-01
5.850168466567993164e-01
6.246561408042907715e-01
6.761736869812011719e-01
6.044183969497680664e-01
6.291775107383728027e-01
6.675595045089721680e-01
7.383442521095275879e-01
6.711731553077697754e-01
6.907827258110046387e-01
7.215287685394287109e-01
8.031467795372009277e-01
7.305173277854919434e-01
6.995655894279479980e-01
6.714332699775695801e-01
1.000000000000000000e+00
0.000000000000000000e+00
0.000000000000000000e+00
0.000000000000000000e+00
1.000000000000000000e+00
0.000000000000000000e+00
0.000000000000000000e+00
0.000000000000000000e+00
0.000000000000000000e+00
0.000000000000000000e+00
0.000000000000000000e+00
0.000000000000000000e+00
0.000000000000000000e+00
0.000000000000000000e+00
0.000000000000000000e+00
0.000000000000000000e+00
0.000000000000000000e+00
0.000000000000000000e+00
0.000000000000000000e+00
0.000000000000000000e+00
0.000000000000000000e+00
0.000000000000000000e+00
0.000000000000000000e+00
0.000000000000000000e+00
0.000000000000000000e+00
0.000000000000000000e+00
0.000000000000000000e+00
0.000000000000000000e+00
0.000000000000000000e+00
0.000000000000000000e+00
0.000000000000000000e+00
0.000000000000000000e+00
0.000000000000000000e+00
0.000000000000000000e+00
0.000000000000000000e+00
0.000000000000000000e+00
0.000000000000000000e+00
0.000000000000000000e+00
0.000000000000000000e+00
0.000000000000000000e+00
0.000000000000000000e+00
0.000000000000000000e+00
0.000000000000000000e+00
0.000000000000000000e+00
0.000000000000000000e+00
0.000000000000000000e+00
0.000000000000000000e+00
0.000000000000000000e+00
0.000000000000000000e+00
0.000000000000000000e+00
0.000000000000000000e+00
0.000000000000000000e+00
0.000000000000000000e+00
