-1.000000000000000000e+00
4.336169064044952393e-01
4.296848475933074951e-01
4.440976381301879883e-01
4.625054001808166504e-01
4.679427742958068848e-01
5.013241171836853027e-01
5.541899204254150391e-01
5.431689620018005371e-01
5.223138928413391113e-01
5.240404605865478516e-01
5.732154846191406250e-01
5.615692138671875000e-01
5.412013530731201172e-01
5.420888066291809082e-01
5.869496464729309082e-01
5.744192600250244141e-01
5.539697408676147461e-01
5.551531314849853516e-01
6.188564896583557129e-01
6.598988771438598633e-01
6.931931376457214355e-01
7.532680630683898926e-01
6.608558893203735352e-01
5.743453502655029297e-01
5.054140090942382812e-01
4.508191049098968506e-01
5.698353648185729980e-01
5.643023848533630371e-01
5.842278599739074707e-01
5.942934155464172363e-01
6.188032627105712891e-01
6.103743910789489746e-01
6.256744265556335449e-01
6.371167898178100586e-01
6.713492870330810547e-01
6.619796752929687500e-01
6.721578836441040039e-01
6.808249950408935547e-01
7.235521674156188965e-01
7.220493555068969727e-01
7.222381234169006348e-01
7.182080149650573730e-01
0.000000000000000000e+00
0.000000000000000000e+00
0.000000000000000000e+00
0.000000000000000000e+00
1.000000000000000000e+00
0.000000000000000000e+00
0.000000000000000000e+00
0.000000000000000000e+00
0.000000000000000000e+00
0.000000000000000000e+00
0.000000000000000000e+00
0.000000000000000000e+00
0.000000000000000000e+00
0.000000000000000000e+00
0.000000000000000000e+00
0.000000000000000000e+00
0.000000000000000000e+00
0.000000000000000000e+00
0.000000000000000000e+00
0.000000000000000000e+00
0.000000000000000000e+00
0.000000000000000000e+00
0.000000000000000000e+00
0.000000000000000000e+00
0.000000000000000000e+00
0.000000000000000000e+00
0.000000000000000000e+00
0.000000000000000000e+00
0.000000000000000000e+00
0.000000000000000000e+00
0.000000000000000000e+00
0.000000000000000000e+00
0.000000000000000000e+00
0.000000000000000000e+00
0.000000000000000000e+00
0.000000000000000000e+00
0.000000000000000000e+00
0.000000000000000000e+00
0.000000000000000000e+00
0.000000000000000000e+00
0.000000000000000000e+00
0.000000000000000000e+00
0.000000000000000000e+00
0.000000000000000000e+00
0.000000000000000000e+00
0.000000000000000000e+00
0.000000000000000000e+00
0.000000000000000000e+00
0.000000000000000000e+00
0.000000000000000000e+00
0.000000000000000000e+00
0.000000000000000000e+00
0.000000000000000000e+00
