1.000000000000000000e+00
4.651333987712860107e-01
4.223275184631347656e-01
3.993879854679107666e-01
3.869196772575378418e-01
3.674376010894775391e-01
4.502664804458618164e-01
5.006013512611389160e-01
4.980883300304412842e-01
4.807689189910888672e-01
4.967559576034545898e-01
5.410932898521423340e-01
5.353251695632934570e-01
5.202928781509399414e-01
5.395562648773193359e-01
5.776159763336181641e-01
5.688363909721374512e-01
5.512913465499877930e-01
5.779604911804199219e-01
6.329463720321655273e-01
6.705448627471923828e-01
6.988475322723388672e-01
8.386906385421752930e-01
7.394607067108154297e-01
6.353496313095092773e-01
5.477854013442993164e-01
4.882376492023468018e-01
5.842341780662536621e-01
5.328289270401000977e-01
5.710351467132568359e-01
5.997893214225769043e-01
6.124065518379211426e-01
5.628604292869567871e-01
5.989638566970825195e-01
6.258413195610046387e-01
6.482919454574584961e-01
6.017279624938964844e-01
6.304978728294372559e-01
6.562879681587219238e-01
6.872229576110839844e-01
6.150251030921936035e-01
5.789105892181396484e-01
5.439729094505310059e-01
1.000000000000000000e+00
0.000000000000000000e+00
0.000000000000000000e+00
0.000000000000000000e+00
1.000000000000000000e+00
0.000000000000000000e+00
0.000000000000000000e+00
0.000000000000000000e+00
0.000000000000000000e+00
0.000000000000000000e+00
0.000000000000000000e+00
0.000000000000000000e+00
0.000000000000000000e+00
0.000000000000000000e+00
0.000000000000000000e+00
0.000000000000000000e+00
0.000000000000000000e+00
0.000000000000000000e+00
0.000000000000000000e+00
0.000000000000000000e+00
0.000000000000000000e+00
0.000000000000000000e+00
0.000000000000000000e+00
0.000000000000000000e+00
0.000000000000000000e+00
0.000000000000000000e+00
0.000000000000000000e+00
0.000000000000000000e+00
0.000000000000000000e+00
0.000000000000000000e+00
0.000000000000000000e+00
0.000000000000000000e+00
0.000000000000000000e+00
0.000000000000000000e+00
0.000000000000000000e+00
0.000000000000000000e+00
0.000000000000000000e+00
0.000000000000000000e+00
0.000000000000000000e+00
0.000000000000000000e+00
0.000000000000000000e+00
0.000000000000000000e+00
0.000000000000000000e+00
0.000000000000000000e+00
0.000000000000000000e+00
0.000000000000000000e+00
0.000000000000000000e+00
0.000000000000000000e+00
0.000000000000000000e+00
0.000000000000000000e+00
0.000000000000000000e+00
0.000000000000000000e+00
0.000000000000000000e+00
