1.000000000000000000e+00
4.671272635459899902e-01
4.197521209716796875e-01
3.943895697593688965e-01
3.821849226951599121e-01
3.622278273105621338e-01
4.533270597457885742e-01
4.946182966232299805e-01
4.931201338768005371e-01
4.781436622142791748e-01
5.020272135734558105e-01
5.371474027633666992e-01
5.321621894836425781e-01
5.203610658645629883e-01
5.456099510192871094e-01
5.753805041313171387e-01
5.680226087570190430e-01
5.543498992919921875e-01
5.824519395828247070e-01
6.368684172630310059e-01
6.738749742507934570e-01
7.019504308700561523e-01
8.500162363052368164e-01
7.501310706138610840e-01
6.455755829811096191e-01
5.563923120498657227e-01
4.962397813796997070e-01
5.947191119194030762e-01
5.412902235984802246e-01
5.772954225540161133e-01
6.085891723632812500e-01
6.194483041763305664e-01
5.665151476860046387e-01
6.009575724601745605e-01
6.311331987380981445e-01
6.530659198760986328e-01
6.011959910392761230e-01
6.290181279182434082e-01
6.596983671188354492e-01
6.915394663810729980e-01
6.183722615242004395e-01
5.812553763389587402e-01
5.464830994606018066e-01
1.000000000000000000e+00
0.000000000000000000e+00
0.000000000000000000e+00
0.000000000000000000e+00
1.000000000000000000e+00
0.000000000000000000e+00
0.000000000000000000e+00
0.000000000000000000e+00
0.000000000000000000e+00
0.000000000000000000e+00
0.000000000000000000e+00
0.000000000000000000e+00
0.000000000000000000e+00
0.000000000000000000e+00
0.000000000000000000e+00
0.000000000000000000e+00
0.000000000000000000e+00
0.000000000000000000e+00
0.000000000000000000e+00
0.000000000000000000e+00
0.000000000000000000e+00
0.000000000000000000e+00
0.000000000000000000e+00
0.000000000000000000e+00
0.000000000000000000e+00
0.000000000000000000e+00
0.000000000000000000e+00
0.000000000000000000e+00
0.000000000000000000e+00
0.000000000000000000e+00
0.000000000000000000e+00
0.000000000000000000e+00
0.000000000000000000e+00
0.000000000000000000e+00
0.000000000000000000e+00
0.000000000000000000e+00
0.000000000000000000e+00
0.000000000000000000e+00
0.000000000000000000e+00
0.000000000000000000e+00
0.000000000000000000e+00
0.000000000000000000e+00
0.000000000000000000e+00
0.000000000000000000e+00
0.000000000000000000e+00
0.000000000000000000e+00
0.000000000000000000e+00
0.000000000000000000e+00
0.000000000000000000e+00
0.000000000000000000e+00
0.000000000000000000e+00
0.000000000000000000e+00
0.000000000000000000e+00
