1.000000000000000000e+00
4.618407487869262695e-01
4.172795414924621582e-01
3.928147554397583008e-01
3.795841932296752930e-01
3.579130172729492188e-01
4.480665028095245361e-01
4.962915778160095215e-01
4.940280318260192871e-01
4.772529006004333496e-01
4.958525002002716064e-01
5.370962023735046387e-01
5.317109823226928711e-01
5.185070037841796875e-01
5.399206280708312988e-01
5.755599141120910645e-01
5.664672255516052246e-01
5.494542121887207031e-01
5.788899064064025879e-01
6.364510059356689453e-01
6.753627061843872070e-01
7.043561339378356934e-01
8.583540916442871094e-01
7.531858086585998535e-01
6.456689238548278809e-01
5.549014806747436523e-01
4.951116442680358887e-01
5.906975269317626953e-01
5.394250750541687012e-01
5.781181454658508301e-01
6.091802716255187988e-01
6.161805987358093262e-01
5.659120678901672363e-01
6.036167144775390625e-01
6.336807012557983398e-01
6.514139771461486816e-01
6.017426252365112305e-01
6.317261457443237305e-01
6.606488227844238281e-01
6.923106908798217773e-01
6.183620095252990723e-01
5.809929370880126953e-01
5.440539717674255371e-01
1.000000000000000000e+00
0.000000000000000000e+00
0.000000000000000000e+00
0.000000000000000000e+00
1.000000000000000000e+00
0.000000000000000000e+00
0.000000000000000000e+00
0.000000000000000000e+00
0.000000000000000000e+00
0.000000000000000000e+00
0.000000000000000000e+00
0.000000000000000000e+00
0.000000000000000000e+00
0.000000000000000000e+00
0.000000000000000000e+00
0.000000000000000000e+00
0.000000000000000000e+00
0.000000000000000000e+00
0.000000000000000000e+00
0.000000000000000000e+00
0.000000000000000000e+00
0.000000000000000000e+00
0.000000000000000000e+00
0.000000000000000000e+00
0.000000000000000000e+00
0.000000000000000000e+00
0.000000000000000000e+00
0.000000000000000000e+00
0.000000000000000000e+00
0.000000000000000000e+00
0.000000000000000000e+00
0.000000000000000000e+00
0.000000000000000000e+00
0.000000000000000000e+00
0.000000000000000000e+00
0.000000000000000000e+00
0.000000000000000000e+00
0.000000000000000000e+00
0.000000000000000000e+00
0.000000000000000000e+00
0.000000000000000000e+00
0.000000000000000000e+00
0.000000000000000000e+00
0.000000000000000000e+00
0.000000000000000000e+00
0.000000000000000000e+00
0.000000000000000000e+00
0.000000000000000000e+00
0.000000000000000000e+00
0.000000000000000000e+00
0.000000000000000000e+00
0.000000000000000000e+00
0.000000000000000000e+00
