1.000000000000000000e+00
4.500585496425628662e-01
4.046086966991424561e-01
3.845532536506652832e-01
3.745998144149780273e-01
3.544614911079406738e-01
4.367724359035491943e-01
4.902614057064056396e-01
4.856816828250885010e-01
4.685404300689697266e-01
4.866381585597991943e-01
5.315454006195068359e-01
5.235722064971923828e-01
5.095884203910827637e-01
5.316920876502990723e-01
5.694727301597595215e-01
5.591676831245422363e-01
5.424365997314453125e-01
5.702178478240966797e-01
6.292145252227783203e-01
6.690816879272460938e-01
6.993520855903625488e-01
8.651335239410400391e-01
7.577841281890869141e-01
6.469346880912780762e-01
5.541990399360656738e-01
4.920967817306518555e-01
5.988373756408691406e-01
5.411495566368103027e-01
5.804947018623352051e-01
6.110259890556335449e-01
6.291165947914123535e-01
5.708299875259399414e-01
6.067962050437927246e-01
6.379173994064331055e-01
6.662807464599609375e-01
6.107146739959716797e-01
6.404480934143066406e-01
6.714693307876586914e-01
7.058826684951782227e-01
6.317369937896728516e-01
5.931492447853088379e-01
5.563745498657226562e-01
1.000000000000000000e+00
0.000000000000000000e+00
0.000000000000000000e+00
0.000000000000000000e+00
1.000000000000000000e+00
0.000000000000000000e+00
0.000000000000000000e+00
0.000000000000000000e+00
0.000000000000000000e+00
0.000000000000000000e+00
0.000000000000000000e+00
0.000000000000000000e+00
0.000000000000000000e+00
0.000000000000000000e+00
0.000000000000000000e+00
0.000000000000000000e+00
0.000000000000000000e+00
0.000000000000000000e+00
0.000000000000000000e+00
0.000000000000000000e+00
0.000000000000000000e+00
0.000000000000000000e+00
0.000000000000000000e+00
0.000000000000000000e+00
0.000000000000000000e+00
0.000000000000000000e+00
0.000000000000000000e+00
0.000000000000000000e+00
0.000000000000000000e+00
0.000000000000000000e+00
0.000000000000000000e+00
0.000000000000000000e+00
0.000000000000000000e+00
0.000000000000000000e+00
0.000000000000000000e+00
0.000000000000000000e+00
0.000000000000000000e+00
0.000000000000000000e+00
0.000000000000000000e+00
0.000000000000000000e+00
0.000000000000000000e+00
0.000000000000000000e+00
0.000000000000000000e+00
0.000000000000000000e+00
0.000000000000000000e+00
0.000000000000000000e+00
0.000000000000000000e+00
0.000000000000000000e+00
0.000000000000000000e+00
0.000000000000000000e+00
0.000000000000000000e+00
0.000000000000000000e+00
0.000000000000000000e+00
