-1.000000000000000000e+00
4.124253988265991211e-01
3.903802633285522461e-01
3.918948471546173096e-01
3.962281942367553711e-01
3.826786875724792480e-01
4.302274584770202637e-01
5.003911256790161133e-01
4.921928048133850098e-01
4.695045650005340576e-01
4.643393158912658691e-01
5.256137847900390625e-01
5.160187482833862305e-01
4.952261149883270264e-01
4.974579811096191406e-01
5.488591790199279785e-01
5.399931669235229492e-01
5.200865268707275391e-01
5.272728204727172852e-01
5.794082880020141602e-01
6.046552658081054688e-01
6.211639642715454102e-01
8.842208385467529297e-01
7.917280197143554688e-01
6.868084073066711426e-01
6.045038104057312012e-01
5.485111474990844727e-01
6.530755758285522461e-01
6.254529356956481934e-01
6.563429236412048340e-01
6.748610138893127441e-01
6.943975687026977539e-01
6.653085350990295410e-01
6.925459504127502441e-01
7.096931338310241699e-01
7.397385835647583008e-01
7.100027799606323242e-01
7.328597903251647949e-01
7.483634352684020996e-01
7.836331725120544434e-01
7.410942912101745605e-01
7.309613823890686035e-01
7.195325493812561035e-01
1.000000000000000000e+00
0.000000000000000000e+00
0.000000000000000000e+00
0.000000000000000000e+00
1.000000000000000000e+00
0.000000000000000000e+00
0.000000000000000000e+00
0.000000000000000000e+00
0.000000000000000000e+00
0.000000000000000000e+00
0.000000000000000000e+00
0.000000000000000000e+00
0.000000000000000000e+00
0.000000000000000000e+00
0.000000000000000000e+00
0.000000000000000000e+00
0.000000000000000000e+00
0.000000000000000000e+00
0.000000000000000000e+00
0.000000000000000000e+00
0.000000000000000000e+00
0.000000000000000000e+00
0.000000000000000000e+00
0.000000000000000000e+00
0.000000000000000000e+00
0.000000000000000000e+00
0.000000000000000000e+00
0.000000000000000000e+00
0.000000000000000000e+00
0.000000000000000000e+00
0.000000000000000000e+00
0.000000000000000000e+00
0.000000000000000000e+00
0.000000000000000000e+00
0.000000000000000000e+00
0.000000000000000000e+00
0.000000000000000000e+00
0.000000000000000000e+00
0.000000000000000000e+00
0.000000000000000000e+00
0.000000000000000000e+00
0.000000000000000000e+00
0.000000000000000000e+00
0.000000000000000000e+00
0.000000000000000000e+00
0.000000000000000000e+00
0.000000000000000000e+00
0.000000000000000000e+00
0.000000000000000000e+00
0.000000000000000000e+00
0.000000000000000000e+00
0.000000000000000000e+00
0.000000000000000000e+00
