-1.000000000000000000e+00
3.925608396530151367e-01
3.605068624019622803e-01
3.604042530059814453e-01
3.705373108386993408e-01
3.559929430484771729e-01
4.169450700283050537e-01
4.878104925155639648e-01
4.699878692626953125e-01
4.428538084030151367e-01
4.569388329982757568e-01
5.163614749908447266e-01
4.976072609424591064e-01
4.772377908229827881e-01
4.937150478363037109e-01
5.464446544647216797e-01
5.261952877044677734e-01
5.017778277397155762e-01
5.262066721916198730e-01
5.976150035858154297e-01
6.376981735229492188e-01
6.694321036338806152e-01
7.482920885086059570e-01
6.442002654075622559e-01
5.229240059852600098e-01
4.273984432220458984e-01
3.600935935974121094e-01
5.048595666885375977e-01
4.696565866470336914e-01
5.047221183776855469e-01
5.291894674301147461e-01
5.526990890502929688e-01
5.117727518081665039e-01
5.374694466590881348e-01
5.612099170684814453e-01
6.048498749732971191e-01
5.635892152786254883e-01
5.830692648887634277e-01
6.059345006942749023e-01
6.546220779418945312e-01
6.141073703765869141e-01
5.906607508659362793e-01
5.669072270393371582e-01
1.000000000000000000e+00
0.000000000000000000e+00
0.000000000000000000e+00
0.000000000000000000e+00
1.000000000000000000e+00
0.000000000000000000e+00
0.000000000000000000e+00
0.000000000000000000e+00
0.000000000000000000e+00
0.000000000000000000e+00
0.000000000000000000e+00
0.000000000000000000e+00
0.000000000000000000e+00
0.000000000000000000e+00
0.000000000000000000e+00
0.000000000000000000e+00
0.000000000000000000e+00
0.000000000000000000e+00
0.000000000000000000e+00
0.000000000000000000e+00
0.000000000000000000e+00
0.000000000000000000e+00
0.000000000000000000e+00
0.000000000000000000e+00
0.000000000000000000e+00
0.000000000000000000e+00
0.000000000000000000e+00
0.000000000000000000e+00
0.000000000000000000e+00
0.000000000000000000e+00
0.000000000000000000e+00
0.000000000000000000e+00
0.000000000000000000e+00
0.000000000000000000e+00
0.000000000000000000e+00
0.000000000000000000e+00
0.000000000000000000e+00
0.000000000000000000e+00
0.000000000000000000e+00
0.000000000000000000e+00
0.000000000000000000e+00
0.000000000000000000e+00
0.000000000000000000e+00
0.000000000000000000e+00
0.000000000000000000e+00
0.000000000000000000e+00
0.000000000000000000e+00
0.000000000000000000e+00
0.000000000000000000e+00
0.000000000000000000e+00
0.000000000000000000e+00
0.000000000000000000e+00
0.000000000000000000e+00
