-1.000000000000000000e+00
3.999678492546081543e-01
3.638308942317962646e-01
3.573188185691833496e-01
3.600142002105712891e-01
3.467565774917602539e-01
4.390618503093719482e-01
4.921182394027709961e-01
4.736338257789611816e-01
4.512726366519927979e-01
4.868574738502502441e-01
5.275039076805114746e-01
5.089007616043090820e-01
4.952118992805480957e-01
5.252296328544616699e-01
5.604485869407653809e-01
5.402308106422424316e-01
5.214033722877502441e-01
5.549101829528808594e-01
6.307948231697082520e-01
6.795440316200256348e-01
7.206125259399414062e-01
7.163598537445068359e-01
5.916975736618041992e-01
4.697362184524536133e-01
3.671826124191284180e-01
2.914177179336547852e-01
4.506924748420715332e-01
3.944872319698333740e-01
4.253296554088592529e-01
4.577487111091613770e-01
4.998877048492431641e-01
4.379662871360778809e-01
4.620000720024108887e-01
4.962134361267089844e-01
5.527836084365844727e-01
4.972511827945709229e-01
5.129475593566894531e-01
5.408238172531127930e-01
6.056185364723205566e-01
5.516166687011718750e-01
5.246893763542175293e-01
4.981658458709716797e-01
1.000000000000000000e+00
0.000000000000000000e+00
0.000000000000000000e+00
0.000000000000000000e+00
1.000000000000000000e+00
0.000000000000000000e+00
0.000000000000000000e+00
0.000000000000000000e+00
0.000000000000000000e+00
0.000000000000000000e+00
0.000000000000000000e+00
0.000000000000000000e+00
0.000000000000000000e+00
0.000000000000000000e+00
0.000000000000000000e+00
0.000000000000000000e+00
0.000000000000000000e+00
0.000000000000000000e+00
0.000000000000000000e+00
0.000000000000000000e+00
0.000000000000000000e+00
0.000000000000000000e+00
0.000000000000000000e+00
0.000000000000000000e+00
0.000000000000000000e+00
0.000000000000000000e+00
0.000000000000000000e+00
0.000000000000000000e+00
0.000000000000000000e+00
0.000000000000000000e+00
0.000000000000000000e+00
0.000000000000000000e+00
0.000000000000000000e+00
0.000000000000000000e+00
0.000000000000000000e+00
0.000000000000000000e+00
0.000000000000000000e+00
0.000000000000000000e+00
0.000000000000000000e+00
0.000000000000000000e+00
0.000000000000000000e+00
0.000000000000000000e+00
0.000000000000000000e+00
0.000000000000000000e+00
0.000000000000000000e+00
0.000000000000000000e+00
0.000000000000000000e+00
0.000000000000000000e+00
0.000000000000000000e+00
0.000000000000000000e+00
0.000000000000000000e+00
0.000000000000000000e+00
0.000000000000000000e+00
