-1.000000000000000000e+00
4.513979852199554443e-01
4.166299700736999512e-01
4.140058159828186035e-01
4.202752113342285156e-01
4.101460576057434082e-01
5.089923739433288574e-01
5.367254018783569336e-01
5.187729001045227051e-01
4.996001124382019043e-01
5.488792061805725098e-01
5.648487806320190430e-01
5.461100339889526367e-01
5.306436419486999512e-01
5.816891193389892578e-01
5.990408062934875488e-01
5.781059861183166504e-01
5.588527321815490723e-01
6.054880023002624512e-01
6.673881411552429199e-01
7.108986377716064453e-01
7.486275434494018555e-01
7.453907728195190430e-01
6.265253424644470215e-01
5.033635497093200684e-01
4.037152528762817383e-01
3.272437453269958496e-01
4.982393980026245117e-01
4.406022429466247559e-01
4.644122719764709473e-01
5.026427507400512695e-01
5.375543236732482910e-01
4.879425466060638428e-01
5.054593086242675781e-01
5.384495854377746582e-01
5.893877744674682617e-01
5.350754261016845703e-01
5.400949716567993164e-01
5.603134036064147949e-01
6.487634181976318359e-01
6.053620576858520508e-01
5.841739773750305176e-01
5.660209655761718750e-01
1.000000000000000000e+00
0.000000000000000000e+00
0.000000000000000000e+00
0.000000000000000000e+00
1.000000000000000000e+00
0.000000000000000000e+00
0.000000000000000000e+00
0.000000000000000000e+00
0.000000000000000000e+00
0.000000000000000000e+00
0.000000000000000000e+00
0.000000000000000000e+00
0.000000000000000000e+00
0.000000000000000000e+00
0.000000000000000000e+00
0.000000000000000000e+00
0.000000000000000000e+00
0.000000000000000000e+00
0.000000000000000000e+00
0.000000000000000000e+00
0.000000000000000000e+00
0.000000000000000000e+00
0.000000000000000000e+00
0.000000000000000000e+00
0.000000000000000000e+00
0.000000000000000000e+00
0.000000000000000000e+00
0.000000000000000000e+00
0.000000000000000000e+00
0.000000000000000000e+00
0.000000000000000000e+00
0.000000000000000000e+00
0.000000000000000000e+00
0.000000000000000000e+00
0.000000000000000000e+00
0.000000000000000000e+00
0.000000000000000000e+00
0.000000000000000000e+00
0.000000000000000000e+00
0.000000000000000000e+00
0.000000000000000000e+00
0.000000000000000000e+00
0.000000000000000000e+00
0.000000000000000000e+00
0.000000000000000000e+00
0.000000000000000000e+00
0.000000000000000000e+00
0.000000000000000000e+00
0.000000000000000000e+00
0.000000000000000000e+00
0.000000000000000000e+00
0.000000000000000000e+00
0.000000000000000000e+00
