-1.000000000000000000e+00
4.560473859310150146e-01
4.630102515220642090e-01
4.943794310092926025e-01
5.311623215675354004e-01
5.409026145935058594e-01
5.868035554885864258e-01
6.246160268783569336e-01
5.899309515953063965e-01
5.614498853683471680e-01
6.179557442665100098e-01
6.488619446754455566e-01
6.157476305961608887e-01
5.906904935836791992e-01
6.337195634841918945e-01
6.710121035575866699e-01
6.455972194671630859e-01
6.177885532379150391e-01
6.393557786941528320e-01
7.110261321067810059e-01
7.496174573898315430e-01
7.809113264083862305e-01
8.553288578987121582e-01
7.192585468292236328e-01
6.084638237953186035e-01
5.166373252868652344e-01
4.389386177062988281e-01
6.608153581619262695e-01
6.106694936752319336e-01
6.277258992195129395e-01
6.554483175277709961e-01
7.405405044555664062e-01
6.772997975349426270e-01
6.809546947479248047e-01
7.051125764846801758e-01
8.138716220855712891e-01
7.522595524787902832e-01
7.486734986305236816e-01
7.670936584472656250e-01
8.772096633911132812e-01
8.630980253219604492e-01
8.567030429840087891e-01
8.521058559417724609e-01
0.000000000000000000e+00
0.000000000000000000e+00
0.000000000000000000e+00
0.000000000000000000e+00
1.000000000000000000e+00
0.000000000000000000e+00
0.000000000000000000e+00
0.000000000000000000e+00
0.000000000000000000e+00
0.000000000000000000e+00
0.000000000000000000e+00
0.000000000000000000e+00
0.000000000000000000e+00
0.000000000000000000e+00
0.000000000000000000e+00
0.000000000000000000e+00
0.000000000000000000e+00
0.000000000000000000e+00
0.000000000000000000e+00
0.000000000000000000e+00
0.000000000000000000e+00
0.000000000000000000e+00
0.000000000000000000e+00
0.000000000000000000e+00
0.000000000000000000e+00
0.000000000000000000e+00
0.000000000000000000e+00
0.000000000000000000e+00
0.000000000000000000e+00
0.000000000000000000e+00
0.000000000000000000e+00
0.000000000000000000e+00
0.000000000000000000e+00
0.000000000000000000e+00
0.000000000000000000e+00
0.000000000000000000e+00
0.000000000000000000e+00
0.000000000000000000e+00
0.000000000000000000e+00
0.000000000000000000e+00
0.000000000000000000e+00
0.000000000000000000e+00
0.000000000000000000e+00
0.000000000000000000e+00
0.000000000000000000e+00
0.000000000000000000e+00
0.000000000000000000e+00
0.000000000000000000e+00
0.000000000000000000e+00
0.000000000000000000e+00
0.000000000000000000e+00
0.000000000000000000e+00
0.000000000000000000e+00
