-1.000000000000000000e+00
4.549466371536254883e-01
4.581947326660156250e-01
4.919771254062652588e-01
5.289085507392883301e-01
5.370324850082397461e-01
5.764861702919006348e-01
6.178908944129943848e-01
5.903525948524475098e-01
5.620123147964477539e-01
6.069043874740600586e-01
6.450685262680053711e-01
6.176475882530212402e-01
5.915227532386779785e-01
6.256654262542724609e-01
6.644253730773925781e-01
6.366612315177917480e-01
6.062178015708923340e-01
6.348417997360229492e-01
7.136273384094238281e-01
7.622006535530090332e-01
8.033027648925781250e-01
8.415616750717163086e-01
7.013540267944335938e-01
5.845353603363037109e-01
4.903258681297302246e-01
4.153748452663421631e-01
6.270750761032104492e-01
5.750828981399536133e-01
5.949067473411560059e-01
6.230888366699218750e-01
6.975139379501342773e-01
6.367720365524291992e-01
6.426920294761657715e-01
6.668422818183898926e-01
7.684146165847778320e-01
7.055261135101318359e-01
7.032372355461120605e-01
7.236732840538024902e-01
8.348602056503295898e-01
8.231266140937805176e-01
8.227408528327941895e-01
8.279820680618286133e-01
0.000000000000000000e+00
0.000000000000000000e+00
0.000000000000000000e+00
0.000000000000000000e+00
0.000000000000000000e+00
0.000000000000000000e+00
0.000000000000000000e+00
0.000000000000000000e+00
0.000000000000000000e+00
0.000000000000000000e+00
0.000000000000000000e+00
0.000000000000000000e+00
0.000000000000000000e+00
0.000000000000000000e+00
0.000000000000000000e+00
0.000000000000000000e+00
0.000000000000000000e+00
0.000000000000000000e+00
0.000000000000000000e+00
0.000000000000000000e+00
0.000000000000000000e+00
0.000000000000000000e+00
0.000000000000000000e+00
0.000000000000000000e+00
0.000000000000000000e+00
0.000000000000000000e+00
0.000000000000000000e+00
0.000000000000000000e+00
0.000000000000000000e+00
0.000000000000000000e+00
0.000000000000000000e+00
0.000000000000000000e+00
0.000000000000000000e+00
0.000000000000000000e+00
0.000000000000000000e+00
0.000000000000000000e+00
0.000000000000000000e+00
0.000000000000000000e+00
0.000000000000000000e+00
0.000000000000000000e+00
0.000000000000000000e+00
0.000000000000000000e+00
0.000000000000000000e+00
0.000000000000000000e+00
0.000000000000000000e+00
0.000000000000000000e+00
0.000000000000000000e+00
0.000000000000000000e+00
0.000000000000000000e+00
0.000000000000000000e+00
0.000000000000000000e+00
0.000000000000000000e+00
0.000000000000000000e+00
