-1.000000000000000000e+00
4.487722814083099365e-01
4.452466368675231934e-01
4.766592681407928467e-01
5.134260058403015137e-01
5.245544314384460449e-01
5.571490526199340820e-01
6.227341294288635254e-01
5.939930677413940430e-01
5.614411830902099609e-01
5.904280543327331543e-01
6.407845020294189453e-01
6.144407987594604492e-01
5.886281132698059082e-01
6.120054125785827637e-01
6.554661393165588379e-01
6.318823695182800293e-01
6.052837371826171875e-01
6.244941949844360352e-01
7.040361166000366211e-01
7.549796104431152344e-01
7.989280223846435547e-01
7.241681814193725586e-01
5.886476039886474609e-01
4.756982028484344482e-01
3.842715919017791748e-01
3.099428117275238037e-01
5.027467608451843262e-01
4.590731263160705566e-01
4.750499427318572998e-01
4.991135597229003906e-01
5.747637152671813965e-01
5.273279547691345215e-01
5.325213670730590820e-01
5.568547844886779785e-01
6.446293592453002930e-01
6.004989743232727051e-01
5.957003831863403320e-01
6.111106872558593750e-01
7.081992030143737793e-01
7.033020257949829102e-01
7.034732699394226074e-01
7.053644657135009766e-01
0.000000000000000000e+00
0.000000000000000000e+00
0.000000000000000000e+00
0.000000000000000000e+00
0.000000000000000000e+00
0.000000000000000000e+00
0.000000000000000000e+00
0.000000000000000000e+00
0.000000000000000000e+00
0.000000000000000000e+00
0.000000000000000000e+00
0.000000000000000000e+00
0.000000000000000000e+00
0.000000000000000000e+00
0.000000000000000000e+00
0.000000000000000000e+00
0.000000000000000000e+00
0.000000000000000000e+00
0.000000000000000000e+00
0.000000000000000000e+00
0.000000000000000000e+00
0.000000000000000000e+00
0.000000000000000000e+00
0.000000000000000000e+00
0.000000000000000000e+00
0.000000000000000000e+00
0.000000000000000000e+00
0.000000000000000000e+00
0.000000000000000000e+00
0.000000000000000000e+00
0.000000000000000000e+00
0.000000000000000000e+00
0.000000000000000000e+00
0.000000000000000000e+00
0.000000000000000000e+00
0.000000000000000000e+00
0.000000000000000000e+00
0.000000000000000000e+00
0.000000000000000000e+00
0.000000000000000000e+00
0.000000000000000000e+00
0.000000000000000000e+00
0.000000000000000000e+00
0.000000000000000000e+00
0.000000000000000000e+00
0.000000000000000000e+00
0.000000000000000000e+00
0.000000000000000000e+00
0.000000000000000000e+00
0.000000000000000000e+00
0.000000000000000000e+00
0.000000000000000000e+00
0.000000000000000000e+00
