-1.000000000000000000e+00
5.236456394195556641e-01
5.384539365768432617e-01
5.851753354072570801e-01
6.348950266838073730e-01
6.544415950775146484e-01
6.826592087745666504e-01
7.440390586853027344e-01
7.142031788825988770e-01
6.775447726249694824e-01
7.084501385688781738e-01
7.651783823966979980e-01
7.384722232818603516e-01
7.079561352729797363e-01
7.201974987983703613e-01
7.763445973396301270e-01
7.533551454544067383e-01
7.214244604110717773e-01
7.200993299484252930e-01
8.041067123413085938e-01
8.573946952819824219e-01
9.024442434310913086e-01
6.836755871772766113e-01
5.435831546783447266e-01
4.322378635406494141e-01
3.429467678070068359e-01
2.617536485195159912e-01
4.618375897407531738e-01
4.689022898674011230e-01
4.880509078502655029e-01
4.982201457023620605e-01
5.428343415260314941e-01
5.349905490875244141e-01
5.477190017700195312e-01
5.641210675239562988e-01
6.223740577697753906e-01
6.090440154075622559e-01
6.125925183296203613e-01
6.220682263374328613e-01
6.952964663505554199e-01
7.085443139076232910e-01
7.292310595512390137e-01
7.437168359756469727e-01
0.000000000000000000e+00
0.000000000000000000e+00
0.000000000000000000e+00
0.000000000000000000e+00
0.000000000000000000e+00
0.000000000000000000e+00
0.000000000000000000e+00
0.000000000000000000e+00
0.000000000000000000e+00
0.000000000000000000e+00
0.000000000000000000e+00
0.000000000000000000e+00
0.000000000000000000e+00
0.000000000000000000e+00
0.000000000000000000e+00
0.000000000000000000e+00
0.000000000000000000e+00
0.000000000000000000e+00
0.000000000000000000e+00
0.000000000000000000e+00
0.000000000000000000e+00
0.000000000000000000e+00
0.000000000000000000e+00
0.000000000000000000e+00
0.000000000000000000e+00
0.000000000000000000e+00
0.000000000000000000e+00
0.000000000000000000e+00
0.000000000000000000e+00
0.000000000000000000e+00
0.000000000000000000e+00
0.000000000000000000e+00
0.000000000000000000e+00
0.000000000000000000e+00
0.000000000000000000e+00
0.000000000000000000e+00
0.000000000000000000e+00
0.000000000000000000e+00
0.000000000000000000e+00
0.000000000000000000e+00
0.000000000000000000e+00
0.000000000000000000e+00
0.000000000000000000e+00
0.000000000000000000e+00
0.000000000000000000e+00
0.000000000000000000e+00
0.000000000000000000e+00
0.000000000000000000e+00
0.000000000000000000e+00
0.000000000000000000e+00
0.000000000000000000e+00
0.000000000000000000e+00
0.000000000000000000e+00
