-1.000000000000000000e+00
0.000000000000000000e+00
1.532153348388357039e-01
3.059382518300594045e-01
4.456623520010919992e-01
5.556681512674582768e-01
5.126981183776290196e-01
7.080779775478094340e-01
8.308265023087316736e-01
9.352991156919052695e-01
5.298734445084870570e-01
7.508344225684306927e-01
8.888904670672601593e-01
1.000000000000000000e+00
5.023210878696026116e-01
7.036943720896232657e-01
8.302834693443830183e-01
9.377826658959489414e-01
4.359555750009075359e-01
5.789912494386020292e-01
6.735983667105147621e-01
7.649477363713623745e-01
0.000000000000000000e+00
1.000000000000000000e+00
1.000000000000000000e+00
1.000000000000000000e+00
1.000000000000000000e+00
1.000000000000000000e+00
0.000000000000000000e+00
1.089559353112938417e-01
2.425329606369919233e-01
3.238227666041329500e-01
3.903150674772841167e-01
4.709869220693574388e-01
6.505328508489349737e-01
7.795180814718342122e-01
8.890444882887278411e-01
5.074954302473985157e-01
7.341558932420293448e-01
8.799751752920628167e-01
1.000000000000000000e+00
4.924562952716734499e-01
6.958630174261027923e-01
8.306660179272057354e-01
9.459334074835378248e-01
4.412078501322777013e-01
5.863980311411668422e-01
6.771072257597939847e-01
7.524287567427828671e-01
0.000000000000000000e+00
1.000000000000000000e+00
1.000000000000000000e+00
1.000000000000000000e+00
1.000000000000000000e+00
