-1.000000000000000000e+00
0.000000000000000000e+00
1.511604075897791666e-01
3.074164359805298674e-01
4.400490010709606215e-01
5.445352419853332071e-01
5.100712961871060047e-01
7.010731650093217082e-01
8.191739685263398352e-01
9.231296238382713515e-01
5.286664523916948522e-01
7.505934527706166204e-01
8.861030131072619165e-01
1.000000000000000000e+00
5.048622151588501028e-01
7.043504006270339124e-01
8.316882222011653392e-01
9.409460051376467016e-01
4.480985882104075446e-01
5.944651212773067739e-01
6.906307706823989756e-01
7.817680612334242385e-01
0.000000000000000000e+00
1.000000000000000000e+00
1.000000000000000000e+00
1.000000000000000000e+00
1.000000000000000000e+00
1.000000000000000000e+00
0.000000000000000000e+00
1.160036951668935862e-01
2.444534389906270755e-01
3.211764964135001565e-01
3.827228854946153613e-01
4.757099136294316577e-01
6.720740116442085466e-01
8.003490011138658655e-01
9.100388129606725718e-01
5.095518010309476598e-01
7.409074840790084160e-01
8.841612105229601504e-01
1.000000000000000000e+00
4.935285948641700560e-01
7.092223398365901099e-01
8.440400885243645179e-01
9.547022061059413645e-01
4.447589094498278217e-01
5.871849120375164377e-01
6.796757602762255601e-01
7.539383013230909203e-01
0.000000000000000000e+00
1.000000000000000000e+00
1.000000000000000000e+00
1.000000000000000000e+00
1.000000000000000000e+00
