-1.000000000000000000e+00
0.000000000000000000e+00
1.540714544421434573e-01
3.117215870863063176e-01
4.478481937795748546e-01
5.512254336157621504e-01
5.066752962060410148e-01
6.966568148903694579e-01
8.163178356110531997e-01
9.202258282393435129e-01
5.268228405205830356e-01
7.546633363889455604e-01
8.890784070849261367e-01
1.000000000000000000e+00
5.037669603375587446e-01
7.003671487660528827e-01
8.286216178192588044e-01
9.396198509134493504e-01
4.463041106441500983e-01
5.851309205967104576e-01
6.790933824817037001e-01
7.676121910202715615e-01
0.000000000000000000e+00
1.000000000000000000e+00
1.000000000000000000e+00
1.000000000000000000e+00
1.000000000000000000e+00
1.000000000000000000e+00
0.000000000000000000e+00
1.143584598925408147e-01
2.402620357361112680e-01
3.248462639024724541e-01
3.923126208178953078e-01
4.824991471989459324e-01
6.787202558177214406e-01
8.054323145891716385e-01
9.107937758838678954e-01
5.158569384547940784e-01
7.471531525357834047e-01
8.879064607076445625e-01
1.000000000000000000e+00
4.991718462656403177e-01
7.066936055605300693e-01
8.400236695265665965e-01
9.494198678046037454e-01
4.504354137866728447e-01
5.915034799955998235e-01
6.857841534205837419e-01
7.610835811837841636e-01
0.000000000000000000e+00
1.000000000000000000e+00
1.000000000000000000e+00
1.000000000000000000e+00
1.000000000000000000e+00
