-1.000000000000000000e+00
0.000000000000000000e+00
1.554754854592494406e-01
3.169505492708337147e-01
4.490135032146951310e-01
5.424257995546700739e-01
5.110071322360933976e-01
7.039440426591990763e-01
8.228503072671888852e-01
9.240443555636713713e-01
5.263197267981120087e-01
7.552483584379001691e-01
8.913505376154843285e-01
1.000000000000000000e+00
5.032415886540541061e-01
7.032978577602436721e-01
8.325675867138160324e-01
9.424009489828304442e-01
4.474260292604218536e-01
5.947785175148397885e-01
6.938315947258169025e-01
7.861874022428018138e-01
0.000000000000000000e+00
1.000000000000000000e+00
1.000000000000000000e+00
1.000000000000000000e+00
1.000000000000000000e+00
1.000000000000000000e+00
0.000000000000000000e+00
1.149476079269685785e-01
2.482704939089895313e-01
3.209039978355480160e-01
3.774638038786883865e-01
4.909338363392503624e-01
6.823183067924564194e-01
8.077582535808955910e-01
9.113740271111745450e-01
5.110615059246196301e-01
7.433444443079031405e-01
8.851597647634595889e-01
1.000000000000000000e+00
4.851644797653927865e-01
6.908889826747217633e-01
8.290329050809390754e-01
9.432930652104327685e-01
4.314471684158597276e-01
5.743800710830836431e-01
6.656063261510613005e-01
7.400119246049580157e-01
0.000000000000000000e+00
1.000000000000000000e+00
1.000000000000000000e+00
1.000000000000000000e+00
1.000000000000000000e+00
