-1.000000000000000000e+00
0.000000000000000000e+00
1.558075543287695541e-01
3.258088850968325900e-01
4.587806096568169401e-01
5.542223960367036462e-01
5.111697049523796776e-01
7.028949677252358530e-01
8.217504969265597703e-01
9.256917624242071430e-01
5.242798979966060147e-01
7.531401517103162302e-01
8.882734203914358639e-01
1.000000000000000000e+00
5.021513946444094989e-01
7.058534506702185407e-01
8.325496996789799597e-01
9.426226102972919962e-01
4.486264499527848892e-01
6.050640081326363884e-01
7.047558251247977301e-01
7.999678761109697556e-01
0.000000000000000000e+00
1.000000000000000000e+00
1.000000000000000000e+00
1.000000000000000000e+00
1.000000000000000000e+00
1.000000000000000000e+00
0.000000000000000000e+00
1.326724175117469373e-01
2.627388815439495873e-01
3.253869758142373669e-01
3.771783320258288441e-01
5.074444295718606446e-01
6.957099565078691539e-01
8.209217416881927631e-01
9.262982027187257605e-01
5.246707157334961069e-01
7.553691926861170192e-01
8.914684997960438118e-01
1.000000000000000000e+00
4.972292471029372551e-01
7.058882389732383800e-01
8.425855091078207071e-01
9.552749680486957162e-01
4.396502599073284778e-01
5.882967451124762048e-01
6.847738234646579825e-01
7.633547210916065140e-01
0.000000000000000000e+00
1.000000000000000000e+00
1.000000000000000000e+00
1.000000000000000000e+00
1.000000000000000000e+00
