-1.000000000000000000e+00
0.000000000000000000e+00
1.542954632543467319e-01
3.147522498256303813e-01
4.463957445495913556e-01
5.441246597982816180e-01
5.103641419653668354e-01
7.050228826994560105e-01
8.251422748520078621e-01
9.278486163953170163e-01
5.247376559535348317e-01
7.505260439457014376e-01
8.885502128822173606e-01
1.000000000000000000e+00
5.019279659426109097e-01
7.071994504260976644e-01
8.316384024107569273e-01
9.388498698174679857e-01
4.471734540762123955e-01
5.922239779252885805e-01
6.904583180352062977e-01
7.853970903563601835e-01
0.000000000000000000e+00
1.000000000000000000e+00
1.000000000000000000e+00
1.000000000000000000e+00
1.000000000000000000e+00
1.000000000000000000e+00
0.000000000000000000e+00
1.148629069672479353e-01
2.410835285875270462e-01
3.194766157719791111e-01
3.803809890458468290e-01
4.914758193433282352e-01
6.863512742555997193e-01
8.151656372655649019e-01
9.218132796121281114e-01
5.212565295829658663e-01
7.485772554713117088e-01
8.886208238211010801e-01
1.000000000000000000e+00
5.021644286445599015e-01
7.066603404505029662e-01
8.402788540094003888e-01
9.543613674183282214e-01
4.509757255056048297e-01
5.849314861293011258e-01
6.709148195499717859e-01
7.436940734728215707e-01
0.000000000000000000e+00
1.000000000000000000e+00
1.000000000000000000e+00
1.000000000000000000e+00
1.000000000000000000e+00
