-1.000000000000000000e+00
0.000000000000000000e+00
1.583931930968946744e-01
3.151234541434752012e-01
4.452032101954661591e-01
5.434851531001321234e-01
5.103822688689302334e-01
7.032497661337242523e-01
8.216466560471612501e-01
9.241548477251100291e-01
5.239940383090053722e-01
7.486984094609675511e-01
8.871149943433013219e-01
1.000000000000000000e+00
4.990986340231422513e-01
7.006671743728472013e-01
8.283865139977849568e-01
9.390289675058568486e-01
4.445146696552267351e-01
5.930736854599361063e-01
6.929512381157526546e-01
7.893212781241381037e-01
0.000000000000000000e+00
1.000000000000000000e+00
1.000000000000000000e+00
1.000000000000000000e+00
1.000000000000000000e+00
1.000000000000000000e+00
0.000000000000000000e+00
1.146493705884297359e-01
2.460088882330510873e-01
3.248602325854364481e-01
3.861013227561535532e-01
4.937676034895390198e-01
6.888096603485576175e-01
8.128581115721299488e-01
9.150859195933697121e-01
5.213836431837499674e-01
7.496578655913509470e-01
8.881092145306337393e-01
1.000000000000000000e+00
5.021222855477007752e-01
7.097643473554506865e-01
8.368740099778007036e-01
9.421726951583099252e-01
4.506621885287255269e-01
5.867605779826099432e-01
6.733599447440021812e-01
7.448170088784082932e-01
0.000000000000000000e+00
1.000000000000000000e+00
1.000000000000000000e+00
1.000000000000000000e+00
1.000000000000000000e+00
