-1.000000000000000000e+00
0.000000000000000000e+00
1.541247118571821562e-01
3.129651357044264670e-01
4.436915171662818014e-01
5.398381847974046410e-01
5.092225652002740910e-01
6.997285492877470814e-01
8.170383235085481033e-01
9.178475924344074999e-01
5.242886508004122037e-01
7.539778676184779593e-01
8.917396651917340877e-01
1.000000000000000000e+00
5.005356735823982550e-01
7.004763222080229168e-01
8.262041213105665305e-01
9.333995708219657850e-01
4.461383062435177460e-01
5.908665236756656114e-01
6.899572293350578756e-01
7.857132287628774137e-01
0.000000000000000000e+00
1.000000000000000000e+00
1.000000000000000000e+00
1.000000000000000000e+00
1.000000000000000000e+00
1.000000000000000000e+00
0.000000000000000000e+00
1.146397333903197008e-01
2.445641191991019259e-01
3.276006444021050124e-01
3.951982344985595086e-01
4.909606280453227556e-01
6.836457304218833686e-01
8.080668199633114224e-01
9.135458883367909566e-01
5.201378871948754146e-01
7.463649838580783680e-01
8.861824071129303926e-01
1.000000000000000000e+00
5.011962585420389749e-01
7.108252283491489631e-01
8.401321068409786097e-01
9.463696699017858371e-01
4.496714154671024866e-01
5.919737354631088300e-01
6.784715131458051163e-01
7.467071042004582715e-01
0.000000000000000000e+00
1.000000000000000000e+00
1.000000000000000000e+00
1.000000000000000000e+00
1.000000000000000000e+00
