-1.000000000000000000e+00
0.000000000000000000e+00
1.591760895413429633e-01
3.228736901894088684e-01
4.563362491670044374e-01
5.535687051075524057e-01
5.132889750360172254e-01
7.044591699665863072e-01
8.247197597760786980e-01
9.282548225423664645e-01
5.232848260127012097e-01
7.481498696415695981e-01
8.871840995346982339e-01
1.000000000000000000e+00
4.982867797949588895e-01
6.953583114643805407e-01
8.209550720214400243e-01
9.294749519057483589e-01
4.466115107871306833e-01
5.929820510876708806e-01
6.954516731359287052e-01
7.931137208956606788e-01
0.000000000000000000e+00
1.000000000000000000e+00
1.000000000000000000e+00
1.000000000000000000e+00
1.000000000000000000e+00
1.000000000000000000e+00
0.000000000000000000e+00
1.174823107657852056e-01
2.441241386294626114e-01
3.283516212774678644e-01
4.025781496231512491e-01
4.895643096788501181e-01
6.845329515676521481e-01
8.144457887217613212e-01
9.222779141274236592e-01
5.231006060811040914e-01
7.502732051898539645e-01
8.892369145784573270e-01
1.000000000000000000e+00
5.089178352691300367e-01
7.147334249452871324e-01
8.483463156102392100e-01
9.574357245940080530e-01
4.619818503120757813e-01
6.064602196788432265e-01
6.985337328887565311e-01
7.715463546696823549e-01
0.000000000000000000e+00
1.000000000000000000e+00
1.000000000000000000e+00
1.000000000000000000e+00
1.000000000000000000e+00
