-1.000000000000000000e+00
0.000000000000000000e+00
1.585042212871831391e-01
3.172081878895217644e-01
4.461474417292152772e-01
5.429575806622598533e-01
5.102413188807810585e-01
7.011442491219759265e-01
8.228299776150017619e-01
9.278045553301464965e-01
5.270292255289248384e-01
7.520437634815196892e-01
8.894204969053339793e-01
1.000000000000000000e+00
5.082652656145755232e-01
7.151361448441381219e-01
8.479964092641439910e-01
9.588515451595585048e-01
4.602926381038143777e-01
6.187288178712082587e-01
7.244819895965848300e-01
8.209501172163988780e-01
0.000000000000000000e+00
1.000000000000000000e+00
1.000000000000000000e+00
1.000000000000000000e+00
1.000000000000000000e+00
1.000000000000000000e+00
0.000000000000000000e+00
1.132689668795812399e-01
2.410775210744230956e-01
3.281267254161364111e-01
3.976047129659264212e-01
4.897980932358185768e-01
6.868029942981038749e-01
8.165360134393950808e-01
9.227935393966473221e-01
5.213642416691388615e-01
7.501174444273820408e-01
8.898939598917859906e-01
1.000000000000000000e+00
5.048544761003098680e-01
7.130825860657985515e-01
8.447978887762641609e-01
9.523323242137942124e-01
4.566931173921963127e-01
5.999049939073587412e-01
6.914924717803471177e-01
7.644659199896027824e-01
0.000000000000000000e+00
1.000000000000000000e+00
1.000000000000000000e+00
1.000000000000000000e+00
1.000000000000000000e+00
