-1.000000000000000000e+00
0.000000000000000000e+00
1.589266814649433202e-01
3.201481352737096664e-01
4.538710274815046519e-01
5.532688258888680544e-01
5.140633544216910433e-01
7.019594163853077884e-01
8.177722968384473212e-01
9.198877545924588617e-01
5.338215860115665956e-01
7.580454044593839535e-01
8.928199244002992252e-01
1.000000000000000000e+00
5.172359847416313494e-01
7.198715402943028918e-01
8.451545247375196190e-01
9.489498920800768511e-01
4.700707796727979226e-01
6.209555738648351308e-01
7.220488549951152857e-01
8.149630654468539293e-01
0.000000000000000000e+00
1.000000000000000000e+00
1.000000000000000000e+00
1.000000000000000000e+00
1.000000000000000000e+00
1.000000000000000000e+00
0.000000000000000000e+00
1.160512690419863435e-01
2.483370406626032589e-01
3.345611044675548817e-01
4.062669476422258730e-01
4.905616279248626865e-01
6.847651265668113219e-01
8.141053175117657359e-01
9.222768513870022167e-01
5.239910990287721670e-01
7.520967424276620017e-01
8.896185386508081994e-01
1.000000000000000000e+00
5.076872085503048027e-01
7.191752293551261221e-01
8.526175684301952051e-01
9.635222168287339573e-01
4.575660673095974795e-01
6.004646128610298117e-01
6.943381951250016115e-01
7.711329445018482165e-01
0.000000000000000000e+00
1.000000000000000000e+00
1.000000000000000000e+00
1.000000000000000000e+00
1.000000000000000000e+00
