-1.000000000000000000e+00
0.000000000000000000e+00
1.620438612576200477e-01
3.249123932895852107e-01
4.586981301278300616e-01
5.569865126510672448e-01
5.176781249249229333e-01
7.069794926666056467e-01
8.253724301320156664e-01
9.281017789713189581e-01
5.342756249319996487e-01
7.568158284213010178e-01
8.918922484844455933e-01
1.000000000000000000e+00
5.160986156788254231e-01
7.168192071237985408e-01
8.433297424666601483e-01
9.486243741295676823e-01
4.687393217926645317e-01
6.221399676485188657e-01
7.249359022167823907e-01
8.189817733581346015e-01
0.000000000000000000e+00
1.000000000000000000e+00
1.000000000000000000e+00
1.000000000000000000e+00
1.000000000000000000e+00
1.000000000000000000e+00
0.000000000000000000e+00
1.135164092163066796e-01
2.459593715215086518e-01
3.322070180813077034e-01
4.041165742400378846e-01
4.880252170672080281e-01
6.794528845946902207e-01
8.077328551729041628e-01
9.156952582269792806e-01
5.234284108036422190e-01
7.504028492972018016e-01
8.883768567544880757e-01
1.000000000000000000e+00
5.077090258688209401e-01
7.190766391250966727e-01
8.511409231459349245e-01
9.611511342850487249e-01
4.570520578238592146e-01
6.001359263914182174e-01
6.940736899589011744e-01
7.708718184772492821e-01
0.000000000000000000e+00
1.000000000000000000e+00
1.000000000000000000e+00
1.000000000000000000e+00
1.000000000000000000e+00
