-1.000000000000000000e+00
0.000000000000000000e+00
1.615345644018165439e-01
3.306700062956454134e-01
4.714941654912301883e-01
5.711797388121612196e-01
5.238624485884750825e-01
7.166554141279269929e-01
8.307954743817336229e-01
9.305884695925571437e-01
5.385990737739525525e-01
7.585787272576751672e-01
8.930095414105598817e-01
1.000000000000000000e+00
5.191788031834158046e-01
7.213518236481795132e-01
8.462209270227321056e-01
9.497935860998859559e-01
4.713983919393970323e-01
6.214340640068083399e-01
7.231308792456229151e-01
8.153692775372797241e-01
0.000000000000000000e+00
1.000000000000000000e+00
1.000000000000000000e+00
1.000000000000000000e+00
1.000000000000000000e+00
1.000000000000000000e+00
0.000000000000000000e+00
1.287741162522203497e-01
2.624496996330648591e-01
3.152989836755122899e-01
3.533056364153940310e-01
5.052879977386677268e-01
7.002831448916334578e-01
8.252442834561383167e-01
9.305482381497716116e-01
5.320298045085429806e-01
7.574510474287148298e-01
8.924993985034372912e-01
1.000000000000000000e+00
5.139429731547496827e-01
7.232086854467899562e-01
8.523706887765140072e-01
9.550339114310171240e-01
4.640382853203646740e-01
5.988631282067949924e-01
6.917987412725580265e-01
7.684661818125326782e-01
0.000000000000000000e+00
1.000000000000000000e+00
1.000000000000000000e+00
1.000000000000000000e+00
1.000000000000000000e+00
