-1.000000000000000000e+00
0.000000000000000000e+00
1.597567120391147066e-01
3.244558805267710455e-01
4.599436652044051055e-01
5.550027073320041859e-01
5.224513530808462258e-01
7.160192077304324831e-01
8.314403210010992140e-01
9.315042870375387363e-01
5.366982387510510488e-01
7.591486283743839047e-01
8.937227909114030533e-01
1.000000000000000000e+00
5.159237114250518896e-01
7.187540030529175894e-01
8.424684563352672351e-01
9.444660071730234252e-01
4.664744732433161456e-01
6.121875100985495477e-01
7.123794358056736442e-01
8.056082311984418265e-01
0.000000000000000000e+00
1.000000000000000000e+00
1.000000000000000000e+00
1.000000000000000000e+00
1.000000000000000000e+00
1.000000000000000000e+00
0.000000000000000000e+00
1.313432759459858545e-01
2.678810775613498230e-01
3.275912590193907903e-01
3.626488757510764604e-01
5.007338616438175016e-01
6.982057517989804785e-01
8.254404243830455457e-01
9.258788694803150587e-01
5.260073772669651149e-01
7.583486585481972186e-01
8.984560872578981616e-01
1.000000000000000000e+00
5.098848027630753510e-01
7.223002860649309076e-01
8.555163056663022125e-01
9.588120270431759185e-01
4.625696580867861840e-01
6.041580577370968541e-01
6.972437219955369692e-01
7.698747803805389145e-01
0.000000000000000000e+00
1.000000000000000000e+00
1.000000000000000000e+00
1.000000000000000000e+00
1.000000000000000000e+00
