-1.000000000000000000e+00
0.000000000000000000e+00
1.679188909645996652e-01
3.282161749418827101e-01
4.627128118948682922e-01
5.592412107143034383e-01
5.244347597786227499e-01
7.205672341815512194e-01
8.386523625700035289e-01
9.423730036211468430e-01
5.348655918705479406e-01
7.512297794156311825e-01
8.888473017253082364e-01
1.000000000000000000e+00
5.117792514433245898e-01
7.051483656221310126e-01
8.287158102485676636e-01
9.313127855278673373e-01
4.619854180495541751e-01
6.054940528242659381e-01
7.046905802129369567e-01
7.954128578730544907e-01
0.000000000000000000e+00
1.000000000000000000e+00
1.000000000000000000e+00
1.000000000000000000e+00
1.000000000000000000e+00
1.000000000000000000e+00
0.000000000000000000e+00
1.238844238312906271e-01
2.597026398854638818e-01
3.378394048030331498e-01
4.012258652642672341e-01
5.044512494278522441e-01
6.980541735870446907e-01
8.239532619845307826e-01
9.255265416339806261e-01
5.304596171172192287e-01
7.526340555107722263e-01
8.902497112630004539e-01
1.000000000000000000e+00
5.085624598656469653e-01
7.184304995388448578e-01
8.471907122273957258e-01
9.538297523778317411e-01
4.543365068720469635e-01
5.907125047662808992e-01
6.750511026245249457e-01
7.428427102928978343e-01
0.000000000000000000e+00
1.000000000000000000e+00
1.000000000000000000e+00
1.000000000000000000e+00
1.000000000000000000e+00
