-1.000000000000000000e+00
0.000000000000000000e+00
1.631286685779407830e-01
3.255189694185167681e-01
4.631604305719299042e-01
5.664176980313808674e-01
5.304058913246826323e-01
7.211588744791155303e-01
8.406906132091356287e-01
9.464992215870413617e-01
5.415081899019713596e-01
7.559737828524323300e-01
8.902392482563654674e-01
1.000000000000000000e+00
5.178005025696431618e-01
7.160410789855615743e-01
8.407369289871702289e-01
9.470535999665466997e-01
4.671431132621700066e-01
6.160696491794180885e-01
7.154835349145239887e-01
8.072879863039085224e-01
0.000000000000000000e+00
1.000000000000000000e+00
1.000000000000000000e+00
1.000000000000000000e+00
1.000000000000000000e+00
1.000000000000000000e+00
0.000000000000000000e+00
1.340389418431948421e-01
2.833866508326344791e-01
3.579233598175414754e-01
4.013199991356056762e-01
5.102345426507682857e-01
7.036713787821786692e-01
8.281738392606968757e-01
9.297185534538902063e-01
5.319211182129132132e-01
7.579058459831410355e-01
8.943319270655513131e-01
1.000000000000000000e+00
5.088185242930225449e-01
7.158428585389166043e-01
8.463592641333402833e-01
9.498497384804974741e-01
4.570944906475502556e-01
5.952035685976422297e-01
6.820464198300008052e-01
7.484920706239972521e-01
0.000000000000000000e+00
1.000000000000000000e+00
1.000000000000000000e+00
1.000000000000000000e+00
1.000000000000000000e+00
