-1.000000000000000000e+00
0.000000000000000000e+00
1.646885929092856138e-01
3.259422691787965953e-01
4.642197816016965795e-01
5.682225350082642512e-01
5.281079561838023517e-01
7.194909226320371776e-01
8.396645705038738861e-01
9.441369476033737440e-01
5.409986658744501131e-01
7.590040571262859359e-01
8.935642234918826921e-01
1.000000000000000000e+00
5.189126591949193568e-01
7.191902109901541218e-01
8.431459589122650700e-01
9.470555754964760098e-01
4.682742650239172799e-01
6.158182121928518216e-01
7.158607725726326976e-01
8.083005628726248615e-01
0.000000000000000000e+00
1.000000000000000000e+00
1.000000000000000000e+00
1.000000000000000000e+00
1.000000000000000000e+00
1.000000000000000000e+00
0.000000000000000000e+00
1.339771395580007241e-01
2.898161136023666429e-01
3.709171177029398914e-01
4.161417421267098460e-01
5.188702710229567971e-01
7.147244656851732270e-01
8.383516153817403005e-01
9.380095166466577705e-01
5.419046083330250063e-01
7.666081414558699736e-01
8.994346491493124818e-01
1.000000000000000000e+00
5.197804505357666027e-01
7.302760694667733699e-01
8.620113553033073028e-01
9.645949551957599954e-01
4.682385687429820864e-01
6.070680832825886553e-01
6.982069189483527394e-01
7.685467019385190390e-01
0.000000000000000000e+00
1.000000000000000000e+00
1.000000000000000000e+00
1.000000000000000000e+00
1.000000000000000000e+00
