-1.000000000000000000e+00
0.000000000000000000e+00
1.623273333660747719e-01
3.237685157563370275e-01
4.598481292038326673e-01
5.625753339022236954e-01
5.247858762340856797e-01
7.154862049432970661e-01
8.348362961888723399e-01
9.403249551038895815e-01
5.375930774185871952e-01
7.558710184620207606e-01
8.914559718605910010e-01
1.000000000000000000e+00
5.156454550846671925e-01
7.164651509377359950e-01
8.424872302258287204e-01
9.506267565619926918e-01
4.662331756831551988e-01
6.177449350162248498e-01
7.179393360520002210e-01
8.110361453000707321e-01
0.000000000000000000e+00
1.000000000000000000e+00
1.000000000000000000e+00
1.000000000000000000e+00
1.000000000000000000e+00
1.000000000000000000e+00
0.000000000000000000e+00
1.302335460078688500e-01
2.803224894150079249e-01
3.568829113634627848e-01
4.021358740155437372e-01
5.069689612710908122e-01
7.005751063410323720e-01
8.251756566099717194e-01
9.261967405406780207e-01
5.311107505949249630e-01
7.579702289692332728e-01
8.944380844977147804e-01
1.000000000000000000e+00
5.107359790565346724e-01
7.188943117508946878e-01
8.475910115263668443e-01
9.487008639381793174e-01
4.594861608493727156e-01
5.980433161794401764e-01
6.876095523677409060e-01
7.578173864866609710e-01
0.000000000000000000e+00
1.000000000000000000e+00
1.000000000000000000e+00
1.000000000000000000e+00
1.000000000000000000e+00
