-1.000000000000000000e+00
0.000000000000000000e+00
1.608269479716666617e-01
3.222227884667587805e-01
4.596064521714209317e-01
5.612253710950293462e-01
5.254284681454907124e-01
7.141943201246357953e-01
8.323801070976313277e-01
9.378769884745212781e-01
5.383765751191887938e-01
7.551012903882701188e-01
8.902400208455987229e-01
1.000000000000000000e+00
5.158954338069487999e-01
7.158978618493939683e-01
8.437250534953644188e-01
9.546104293915764760e-01
4.643566883485156782e-01
6.140365153396405429e-01
7.154122178092381379e-01
8.100830787512802722e-01
0.000000000000000000e+00
1.000000000000000000e+00
1.000000000000000000e+00
1.000000000000000000e+00
1.000000000000000000e+00
1.000000000000000000e+00
0.000000000000000000e+00
1.256994659611188614e-01
2.770709623051084702e-01
3.562756574610335125e-01
4.062863813711672378e-01
5.003534594693999082e-01
6.963994540967904934e-01
8.240487363786876962e-01
9.291867629479148016e-01
5.260340800893188451e-01
7.560441728405740136e-01
8.928230294329954075e-01
1.000000000000000000e+00
5.067749279335020951e-01
7.191440811029400360e-01
8.508947852150196001e-01
9.566438301023213464e-01
4.582954144707083732e-01
6.014789122095974827e-01
6.948559181624148762e-01
7.704245197255010780e-01
0.000000000000000000e+00
1.000000000000000000e+00
1.000000000000000000e+00
1.000000000000000000e+00
1.000000000000000000e+00
