-1.000000000000000000e+00
0.000000000000000000e+00
1.608640483021960832e-01
3.265486616100080064e-01
4.650557882580235169e-01
5.628538259582912540e-01
5.196347885970692415e-01
7.123698278995950206e-01
8.335029196827692388e-01
9.384027437092025137e-01
5.315510534216226768e-01
7.522111183459417871e-01
8.896211106304154903e-01
1.000000000000000000e+00
5.102635425304414829e-01
7.132555802840242487e-01
8.396222022203089219e-01
9.471248624083993262e-01
4.608802871763879594e-01
6.101911760504318272e-01
7.106314409167060475e-01
8.049244828450874412e-01
0.000000000000000000e+00
1.000000000000000000e+00
1.000000000000000000e+00
1.000000000000000000e+00
1.000000000000000000e+00
1.000000000000000000e+00
0.000000000000000000e+00
1.201598341528742064e-01
2.610050304882980954e-01
3.462864164162436920e-01
4.087324650846119178e-01
4.991872621543112509e-01
6.986908214150063801e-01
8.271806191146084952e-01
9.349725782722750900e-01
5.262799765235318672e-01
7.532275992520028884e-01
8.898686793499360759e-01
1.000000000000000000e+00
5.091601593352753641e-01
7.226508907207278565e-01
8.550508828435382513e-01
9.629975023297830949e-01
4.640108990793185839e-01
6.053462836005008008e-01
6.986373618630571380e-01
7.747906870299405835e-01
0.000000000000000000e+00
1.000000000000000000e+00
1.000000000000000000e+00
1.000000000000000000e+00
1.000000000000000000e+00
