-1.000000000000000000e+00
0.000000000000000000e+00
1.548247022353431424e-01
3.129782986654522370e-01
4.482800865567983517e-01
5.532943228512299250e-01
5.067076482578991570e-01
6.966598753253077092e-01
8.152675029867580969e-01
9.203003260867884672e-01
5.227226338181829579e-01
7.479843329465951651e-01
8.855090146557363928e-01
1.000000000000000000e+00
4.997485404023274125e-01
6.999230070600356290e-01
8.325391709865898049e-01
9.504463157150440100e-01
4.471146245332788816e-01
5.989738263415069763e-01
7.012204336927089221e-01
8.002059513198387375e-01
0.000000000000000000e+00
1.000000000000000000e+00
1.000000000000000000e+00
1.000000000000000000e+00
1.000000000000000000e+00
1.000000000000000000e+00
0.000000000000000000e+00
1.171230602879063387e-01
2.480352725824933879e-01
3.303693443088330794e-01
3.936102271155634269e-01
4.850022503972696852e-01
6.810030707772345426e-01
8.061132494400948811e-01
9.108472162235315972e-01
5.158848422615088802e-01
7.460307298639700102e-01
8.841827234031917060e-01
1.000000000000000000e+00
5.028811179140550980e-01
7.213726994553484317e-01
8.511551446590222003e-01
9.660204496483506542e-01
4.611535795400934501e-01
6.163824151197633272e-01
7.178566678543644164e-01
8.069309975870427865e-01
0.000000000000000000e+00
1.000000000000000000e+00
1.000000000000000000e+00
1.000000000000000000e+00
1.000000000000000000e+00
