-1.000000000000000000e+00
0.000000000000000000e+00
1.556915354477302615e-01
3.113981781275064753e-01
4.452227223367981046e-01
5.500570016199838319e-01
5.054480509639358576e-01
6.970955188347490727e-01
8.172956451233522879e-01
9.241972007032037695e-01
5.222945937991750887e-01
7.486427680330240975e-01
8.859657129303051271e-01
1.000000000000000000e+00
5.000447438306727665e-01
7.025631648803809526e-01
8.363309869480701764e-01
9.538331423264169162e-01
4.482218864691720484e-01
6.036647827465904115e-01
7.068788866277565530e-01
8.046852771262389403e-01
0.000000000000000000e+00
1.000000000000000000e+00
1.000000000000000000e+00
1.000000000000000000e+00
1.000000000000000000e+00
1.000000000000000000e+00
0.000000000000000000e+00
1.160774551302084234e-01
2.408548666472896949e-01
3.168869394148919327e-01
3.805201842250227062e-01
4.722871576939502436e-01
6.679451249422261316e-01
7.942363018940864494e-01
9.011464350887881114e-01
5.071711988208053024e-01
7.399561473639643117e-01
8.813008476025985249e-01
1.000000000000000000e+00
4.966548106619163017e-01
7.130350241304872494e-01
8.444557701627229962e-01
9.602266608677697546e-01
4.558163197933603472e-01
6.099492408570291735e-01
7.116454291352606321e-01
8.006416666073470356e-01
0.000000000000000000e+00
1.000000000000000000e+00
1.000000000000000000e+00
1.000000000000000000e+00
1.000000000000000000e+00
