-1.000000000000000000e+00
0.000000000000000000e+00
1.556254998441542470e-01
3.133129412396722935e-01
4.479750287799889041e-01
5.519672926232566113e-01
5.105822547885118246e-01
7.014816626287527779e-01
8.207087185629921011e-01
9.277651314497998847e-01
5.252916537623384396e-01
7.489761390630329529e-01
8.861329765860097574e-01
1.000000000000000000e+00
5.019570851929570088e-01
7.020722306954921832e-01
8.337835114688046945e-01
9.493290479323335251e-01
4.498777926852416953e-01
6.052129679047155708e-01
7.088782253880301365e-01
8.079614181350779356e-01
0.000000000000000000e+00
1.000000000000000000e+00
1.000000000000000000e+00
1.000000000000000000e+00
1.000000000000000000e+00
1.000000000000000000e+00
0.000000000000000000e+00
1.184890225613103171e-01
2.468167502958614201e-01
3.215142588877198393e-01
3.845593641949703878e-01
4.792250119083628634e-01
6.753746869726225954e-01
8.031577142099678435e-01
9.114546534966578850e-01
5.120016615672531302e-01
7.431869127841499445e-01
8.828450895861063019e-01
1.000000000000000000e+00
4.994167296872664141e-01
7.141982515039888568e-01
8.450611787853283818e-01
9.608679830125984589e-01
4.569040852059360058e-01
6.111052725032249944e-01
7.123477557821401573e-01
8.021537497117300353e-01
0.000000000000000000e+00
1.000000000000000000e+00
1.000000000000000000e+00
1.000000000000000000e+00
1.000000000000000000e+00
