-1.000000000000000000e+00
0.000000000000000000e+00
1.556976040048683452e-01
3.135120762958941154e-01
4.494047271921791653e-01
5.535663739299931940e-01
5.099426567560316759e-01
7.013974245454827061e-01
8.202478722991611848e-01
9.266144152051276617e-01
5.258078194703162955e-01
7.498913530159415641e-01
8.865184983681363429e-01
1.000000000000000000e+00
5.040014019479959195e-01
7.045563072001285176e-01
8.362691478303895254e-01
9.515705900329151090e-01
4.536917197820361514e-01
6.084937378816707154e-01
7.111252495360599335e-01
8.088875069908947335e-01
0.000000000000000000e+00
1.000000000000000000e+00
1.000000000000000000e+00
1.000000000000000000e+00
1.000000000000000000e+00
1.000000000000000000e+00
0.000000000000000000e+00
1.201667249553391020e-01
2.489380753754578957e-01
3.230018443001503314e-01
3.843385184410191280e-01
4.810099114090444772e-01
6.772857849526361385e-01
8.056899186947151792e-01
9.148061759111153490e-01
5.132978149502702703e-01
7.431954603430462880e-01
8.827742145422742270e-01
1.000000000000000000e+00
5.002633480919587150e-01
7.149673236425929668e-01
8.465747539149439671e-01
9.632509259848898164e-01
4.569935482381851655e-01
6.106384018991505291e-01
7.127282873028908394e-01
8.036792180368489413e-01
0.000000000000000000e+00
1.000000000000000000e+00
1.000000000000000000e+00
1.000000000000000000e+00
1.000000000000000000e+00
