-1.000000000000000000e+00
0.000000000000000000e+00
1.534595257639979338e-01
3.101963394231412874e-01
4.459541107230795554e-01
5.484953143780958440e-01
5.074076912077551960e-01
6.992043256145894503e-01
8.187776237323421968e-01
9.272166463970421546e-01
5.242870267532634410e-01
7.474684833786966465e-01
8.844635350271005114e-01
1.000000000000000000e+00
5.022269423092508012e-01
7.013069307087460569e-01
8.339683372922234161e-01
9.508786532594063479e-01
4.502249722655206066e-01
6.044904708248914904e-01
7.076904742756530142e-01
8.060223887308000101e-01
0.000000000000000000e+00
1.000000000000000000e+00
1.000000000000000000e+00
1.000000000000000000e+00
1.000000000000000000e+00
1.000000000000000000e+00
0.000000000000000000e+00
1.193815443078611038e-01
2.465866630864403108e-01
3.200031224970429911e-01
3.834090075996640645e-01
4.819008273900318162e-01
6.781868634097087956e-01
8.050638355418850978e-01
9.130777371537156517e-01
5.126807082247853975e-01
7.428080088845063766e-01
8.821525492258268653e-01
1.000000000000000000e+00
4.992544939799933856e-01
7.141006498930494439e-01
8.451435460856753235e-01
9.624787852037832714e-01
4.565051304683245825e-01
6.094646511077027595e-01
7.090764487360033952e-01
7.987857927357691068e-01
0.000000000000000000e+00
1.000000000000000000e+00
1.000000000000000000e+00
1.000000000000000000e+00
1.000000000000000000e+00
