-1.000000000000000000e+00
3.210463225841522217e-01
3.289180099964141846e-01
3.696568012237548828e-01
3.974376916885375977e-01
3.881044685840606689e-01
4.122408628463745117e-01
4.892949461936950684e-01
4.735417366027832031e-01
4.451233744621276855e-01
4.306802749633789062e-01
4.990537166595458984e-01
4.788353443145751953e-01
4.490777552127838135e-01
4.456494748592376709e-01
4.988893866539001465e-01
4.802148044109344482e-01
4.529441893100738525e-01
4.561964869499206543e-01
4.961693584918975830e-01
4.767804145812988281e-01
4.547543823719024658e-01
8.164296746253967285e-01
7.127227187156677246e-01
6.124842762947082520e-01
5.370020866394042969e-01
4.781408607959747314e-01
6.195707917213439941e-01
6.355695128440856934e-01
6.613722443580627441e-01
6.646980047225952148e-01
6.807858347892761230e-01
6.878389120101928711e-01
7.105824947357177734e-01
7.135831713676452637e-01
7.440931200981140137e-01
7.390782833099365234e-01
7.553748488426208496e-01
7.603028416633605957e-01
8.019595742225646973e-01
7.822375893592834473e-01
7.954918742179870605e-01
8.045192956924438477e-01
1.000000000000000000e+00
0.000000000000000000e+00
0.000000000000000000e+00
0.000000000000000000e+00
0.000000000000000000e+00
1.000000000000000000e+00
7.985836267471313477e-01
7.771186232566833496e-01
7.358085513114929199e-01
7.081740498542785645e-01
7.042378783226013184e-01
6.753718852996826172e-01
6.013759374618530273e-01
6.269716620445251465e-01
6.603475213050842285e-01
6.667587161064147949e-01
5.951175689697265625e-01
6.230276823043823242e-01
6.552260518074035645e-01
6.642115712165832520e-01
6.046272516250610352e-01
6.286295056343078613e-01
6.573981642723083496e-01
6.663262248039245605e-01
6.222598552703857422e-01
6.443411707878112793e-01
6.670541167259216309e-01
7.664062380790710449e-01
6.589212417602539062e-01
5.618643760681152344e-01
4.822121560573577881e-01
4.153893887996673584e-01
6.059498786926269531e-01
6.059691309928894043e-01
6.215708255767822266e-01
6.308102607727050781e-01
6.775818467140197754e-01
6.678987741470336914e-01
6.778875589370727539e-01
6.850947141647338867e-01
7.444075345993041992e-01
7.258399724960327148e-01
7.320444583892822266e-01
7.391495704650878906e-01
8.044009208679199219e-01
7.830402255058288574e-01
7.837315797805786133e-01
7.882411479949951172e-01
1.000000000000000000e+00
0.000000000000000000e+00
0.000000000000000000e+00
0.000000000000000000e+00
0.000000000000000000e+00
