-1.000000000000000000e+00
2.295644581317901611e-01
2.542185187339782715e-01
3.228398561477661133e-01
3.537189662456512451e-01
3.510195016860961914e-01
3.691261112689971924e-01
5.058165192604064941e-01
4.703022241592407227e-01
4.196791350841522217e-01
3.844877779483795166e-01
5.221583247184753418e-01
4.875974953174591064e-01
4.345744252204895020e-01
3.926202654838562012e-01
5.126346349716186523e-01
4.835101962089538574e-01
4.368751347064971924e-01
3.984512388706207275e-01
4.922630786895751953e-01
4.688954949378967285e-01
4.314135015010833740e-01
9.608320593833923340e-01
8.069193959236145020e-01
6.539723277091979980e-01
5.359238386154174805e-01
4.383687674999237061e-01
7.376087903976440430e-01
7.216143608093261719e-01
7.268155217170715332e-01
7.344708442687988281e-01
8.457282185554504395e-01
8.154824376106262207e-01
8.056274056434631348e-01
8.151939511299133301e-01
9.378391504287719727e-01
9.017870426177978516e-01
8.877693414688110352e-01
8.979920744895935059e-01
1.009082317352294922e+00
9.679769873619079590e-01
9.557466506958007812e-01
9.670549631118774414e-01
1.000000000000000000e+00
0.000000000000000000e+00
1.000000000000000000e+00
1.000000000000000000e+00
1.000000000000000000e+00
1.000000000000000000e+00
9.686354994773864746e-01
9.430359601974487305e-01
8.842516541481018066e-01
8.483512401580810547e-01
8.447461724281311035e-01
7.931549549102783203e-01
6.628187298774719238e-01
7.007369399070739746e-01
7.490138411521911621e-01
7.722966074943542480e-01
6.456616520881652832e-01
6.842933893203735352e-01
7.313377857208251953e-01
7.622116208076477051e-01
6.510406136512756348e-01
6.835240721702575684e-01
7.244124412536621094e-01
7.587276101112365723e-01
6.676958203315734863e-01
6.936460137367248535e-01
7.282631397247314453e-01
9.860571622848510742e-01
8.211140632629394531e-01
6.592181921005249023e-01
5.206856727600097656e-01
4.019800424575805664e-01
7.824518084526062012e-01
7.223753929138183594e-01
7.091631293296813965e-01
7.202479839324951172e-01
8.913445472717285156e-01
8.055315017700195312e-01
7.860748767852783203e-01
8.069268465042114258e-01
9.777948856353759766e-01
8.877781629562377930e-01
8.693128824234008789e-01
8.864271640777587891e-01
1.040032625198364258e+00
9.557979106903076172e-01
9.407633543014526367e-01
9.580848217010498047e-01
1.000000000000000000e+00
1.000000000000000000e+00
0.000000000000000000e+00
1.000000000000000000e+00
0.000000000000000000e+00
