-1.000000000000000000e+00
2.663980722427368164e-01
2.873586714267730713e-01
3.438988626003265381e-01
3.785369694232940674e-01
3.697281181812286377e-01
3.906629979610443115e-01
4.854310750961303711e-01
4.633101224899291992e-01
4.289624094963073730e-01
4.068294465541839600e-01
4.959991276264190674e-01
4.682789444923400879e-01
4.303214550018310547e-01
4.189144968986511230e-01
4.896859824657440186e-01
4.625049829483032227e-01
4.267522692680358887e-01
4.258754253387451172e-01
4.696783721446990967e-01
4.429991245269775391e-01
4.156825542449951172e-01
7.881573438644409180e-01
6.647927165031433105e-01
5.414750576019287109e-01
4.484529197216033936e-01
3.724309504032135010e-01
5.433890223503112793e-01
5.775860548019409180e-01
6.067638993263244629e-01
6.066040396690368652e-01
6.249164938926696777e-01
6.442390680313110352e-01
6.670432090759277344e-01
6.693664789199829102e-01
7.100914716720581055e-01
7.179978489875793457e-01
7.326803803443908691e-01
7.340798974037170410e-01
7.890217900276184082e-01
7.813953757286071777e-01
7.885457277297973633e-01
7.895303964614868164e-01
1.000000000000000000e+00
0.000000000000000000e+00
0.000000000000000000e+00
0.000000000000000000e+00
0.000000000000000000e+00
1.000000000000000000e+00
8.218131661415100098e-01
7.878687977790832520e-01
7.353159189224243164e-01
7.054492235183715820e-01
6.985656619071960449e-01
6.691732406616210938e-01
5.771828293800354004e-01
6.010271310806274414e-01
6.374395489692687988e-01
6.634273529052734375e-01
5.716533064842224121e-01
6.009932756423950195e-01
6.405454874038696289e-01
6.650670170783996582e-01
5.868537425994873047e-01
6.143784523010253906e-01
6.517065763473510742e-01
6.727632284164428711e-01
6.219864487648010254e-01
6.460909843444824219e-01
6.751840710639953613e-01
7.350872755050659180e-01
6.089280247688293457e-01
4.985874593257904053e-01
4.026788473129272461e-01
3.231087028980255127e-01
5.375012159347534180e-01
5.632398724555969238e-01
5.818620920181274414e-01
5.815951228141784668e-01
6.204524040222167969e-01
6.395598053932189941e-01
6.527615785598754883e-01
6.506156921386718750e-01
7.024957537651062012e-01
7.141694426536560059e-01
7.219302058219909668e-01
7.181123495101928711e-01
7.796467542648315430e-01
7.923951148986816406e-01
7.908886671066284180e-01
7.827704548835754395e-01
1.000000000000000000e+00
0.000000000000000000e+00
0.000000000000000000e+00
0.000000000000000000e+00
1.000000000000000000e+00
