-1.000000000000000000e+00
2.382284700870513916e-01
2.519875764846801758e-01
2.907665669918060303e-01
3.121219277381896973e-01
3.026176989078521729e-01
3.006602227687835693e-01
3.897989094257354736e-01
3.749566674232482910e-01
3.422987163066864014e-01
3.080875575542449951e-01
4.012497961521148682e-01
3.783465027809143066e-01
3.403849899768829346e-01
3.198001384735107422e-01
4.016581177711486816e-01
3.775502443313598633e-01
3.427015542984008789e-01
3.323921263217926025e-01
3.879483938217163086e-01
3.650031387805938721e-01
3.360105454921722412e-01
7.186755537986755371e-01
6.309885382652282715e-01
5.323767066001892090e-01
4.607728719711303711e-01
4.030136466026306152e-01
5.389947295188903809e-01
5.497166514396667480e-01
5.655668377876281738e-01
5.677936077117919922e-01
5.995586514472961426e-01
6.036856174468994141e-01
6.170583367347717285e-01
6.236066818237304688e-01
6.609522104263305664e-01
6.616927981376647949e-01
6.694788336753845215e-01
6.716606616973876953e-01
7.186286449432373047e-01
7.141283750534057617e-01
7.191601991653442383e-01
7.193388938903808594e-01
1.000000000000000000e+00
0.000000000000000000e+00
0.000000000000000000e+00
0.000000000000000000e+00
0.000000000000000000e+00
1.000000000000000000e+00
7.197147607803344727e-01
6.969708800315856934e-01
6.570556163787841797e-01
6.237300038337707520e-01
6.048290729522705078e-01
5.928554534912109375e-01
5.184119939804077148e-01
5.420894026756286621e-01
5.751765370368957520e-01
5.844140648841857910e-01
5.130542516708374023e-01
5.415809750556945801e-01
5.767617225646972656e-01
5.839378237724304199e-01
5.230207443237304688e-01
5.503532886505126953e-01
5.830194950103759766e-01
5.895543694496154785e-01
5.468840599060058594e-01
5.732460618019104004e-01
6.000173091888427734e-01
6.303858757019042969e-01
5.251935720443725586e-01
4.333278536796569824e-01
3.606718182563781738e-01
2.980001568794250488e-01
4.636206626892089844e-01
4.816913604736328125e-01
4.983249902725219727e-01
4.987404942512512207e-01
5.349715352058410645e-01
5.413125753402709961e-01
5.539869666099548340e-01
5.535829663276672363e-01
6.027273535728454590e-01
5.982490777969360352e-01
6.071879267692565918e-01
6.064006686210632324e-01
6.640343666076660156e-01
6.535561680793762207e-01
6.557115912437438965e-01
6.540842652320861816e-01
1.000000000000000000e+00
0.000000000000000000e+00
0.000000000000000000e+00
0.000000000000000000e+00
0.000000000000000000e+00
