-1.000000000000000000e+00
0.000000000000000000e+00
1.604834286965996504e-01
3.398876026397669725e-01
4.866717327487852796e-01
5.836430513954667942e-01
5.183794341963263719e-01
6.939755114060554009e-01
8.104732826458723727e-01
9.189324732169157350e-01
5.104470891065290283e-01
7.261991240545098147e-01
8.638265807711658084e-01
1.000000000000000000e+00
4.591682247846111120e-01
5.575379035514110848e-01
4.084130325658091309e-01
3.288792752419744114e-01
3.993650996851907387e-01
4.668992509909510868e-01
3.606646478082152774e-01
3.068841306113603840e-01
0.000000000000000000e+00
1.000000000000000000e+00
1.000000000000000000e+00
0.000000000000000000e+00
0.000000000000000000e+00
1.000000000000000000e+00
0.000000000000000000e+00
1.539011780297225018e-01
3.352344087798578842e-01
4.843877876848661224e-01
5.860444248647896925e-01
5.057474485418547161e-01
7.038176836487854970e-01
8.333593445497433638e-01
9.473674176817290515e-01
4.878858863825900061e-01
7.241232451447051632e-01
8.618826338518924546e-01
1.000000000000000000e+00
4.308258670205347696e-01
5.469127836096971951e-01
4.070276377801529955e-01
3.188322227430716027e-01
3.591649774691128005e-01
4.353870160705087811e-01
3.404471278115871469e-01
2.788360729927593096e-01
1.000000000000000000e+00
1.000000000000000000e+00
1.000000000000000000e+00
0.000000000000000000e+00
0.000000000000000000e+00
