-1.000000000000000000e+00
0.000000000000000000e+00
1.640797608900781412e-01
3.572003617835692868e-01
5.103817800578517305e-01
6.133071268086004446e-01
5.189646811171996221e-01
7.159482943970743030e-01
8.472424635214288458e-01
9.568071456963423982e-01
5.066382546333881853e-01
7.222154509918450316e-01
8.702355137806152552e-01
1.000000000000000000e+00
4.694525436351396630e-01
5.928263342880812914e-01
4.806047505357860516e-01
3.838151594004838296e-01
4.304475437714918029e-01
5.273909600490133132e-01
4.526513208182996184e-01
3.765427783171718112e-01
0.000000000000000000e+00
1.000000000000000000e+00
1.000000000000000000e+00
0.000000000000000000e+00
0.000000000000000000e+00
1.000000000000000000e+00
0.000000000000000000e+00
1.544465918742093380e-01
3.424003653784694623e-01
4.893921595241476075e-01
5.833622328398028190e-01
5.045566716962972542e-01
6.999034004631635719e-01
8.268081000576246176e-01
9.379098489200928812e-01
4.886060550912948441e-01
7.271145034264707707e-01
8.666780118433329294e-01
1.000000000000000000e+00
4.429778785452350709e-01
5.375979005700523006e-01
3.848985863412954234e-01
2.880966163511410882e-01
3.839088423808776906e-01
4.597110230780693252e-01
3.583699311541253540e-01
2.903806847494199150e-01
1.000000000000000000e+00
1.000000000000000000e+00
1.000000000000000000e+00
0.000000000000000000e+00
0.000000000000000000e+00
