-1.000000000000000000e+00
0.000000000000000000e+00
1.621010637080940453e-01
3.442311434178500495e-01
4.867289673573809705e-01
5.693295213505420449e-01
5.114254340889224926e-01
6.931042285189896734e-01
8.141532051528470593e-01
9.241827229432016955e-01
5.020983235657264787e-01
7.192293634790991597e-01
8.638516530517195147e-01
1.000000000000000000e+00
4.498563304068800006e-01
5.332194196821506971e-01
3.852190252764030598e-01
3.054119403885109385e-01
3.904814933180140168e-01
4.479507435206570021e-01
3.401904652809770724e-01
2.854437734861621223e-01
0.000000000000000000e+00
1.000000000000000000e+00
1.000000000000000000e+00
0.000000000000000000e+00
0.000000000000000000e+00
1.000000000000000000e+00
0.000000000000000000e+00
1.592295205434836880e-01
3.474819149004731988e-01
4.957290186421425271e-01
5.871949092681141291e-01
5.051541232978451479e-01
7.023120360294783371e-01
8.330548438627520813e-01
9.479498977676535931e-01
4.837815667090906713e-01
7.147401496305020308e-01
8.586751020344053353e-01
1.000000000000000000e+00
4.265151011667688841e-01
5.383132387310325395e-01
3.955978435801496551e-01
3.051881321615053100e-01
3.577183977318570407e-01
4.440059445838218655e-01
3.534477266829098574e-01
2.902685858652958584e-01
1.000000000000000000e+00
1.000000000000000000e+00
1.000000000000000000e+00
0.000000000000000000e+00
0.000000000000000000e+00
