-1.000000000000000000e+00
0.000000000000000000e+00
1.640133108136014040e-01
3.502710693100004602e-01
4.923652586646455331e-01
5.782334486412844532e-01
5.189869296337755733e-01
6.971867635569635180e-01
8.169411573491355272e-01
9.255803564866839084e-01
5.082469756524288229e-01
7.295759944678678055e-01
8.668956059450291241e-01
1.000000000000000000e+00
4.538513495345591897e-01
5.420722513798990061e-01
3.867124674674356499e-01
3.129922462187327281e-01
3.929260217253809362e-01
4.534078436031252490e-01
3.417915555073165468e-01
2.957875996667210239e-01
0.000000000000000000e+00
1.000000000000000000e+00
1.000000000000000000e+00
0.000000000000000000e+00
0.000000000000000000e+00
1.000000000000000000e+00
0.000000000000000000e+00
1.589307379724529679e-01
3.508739920643763610e-01
5.044643352011400905e-01
5.981265287055697044e-01
5.149426711509039745e-01
7.123388488698668697e-01
8.408386126331899302e-01
9.540213938835033769e-01
4.916766582273340291e-01
7.217078156318067483e-01
8.608453485741238698e-01
1.000000000000000000e+00
4.314902656665153824e-01
5.380259555517122871e-01
3.920184719624792424e-01
3.045389800276597225e-01
3.594767499996238680e-01
4.434805410744539489e-01
3.479316163266792938e-01
2.850837681640485122e-01
1.000000000000000000e+00
1.000000000000000000e+00
1.000000000000000000e+00
0.000000000000000000e+00
0.000000000000000000e+00
