-1.000000000000000000e+00
3.299129009246826172e-01
3.943302929401397705e-01
4.234293401241302490e-01
3.487667441368103027e-01
2.794319093227386475e-01
4.862984418869018555e-01
5.530428290367126465e-01
5.865773558616638184e-01
6.098142862319946289e-01
4.182673394680023193e-01
4.371609091758728027e-01
4.465282261371612549e-01
4.530618786811828613e-01
3.546988368034362793e-01
3.334153890609741211e-01
3.182834386825561523e-01
3.108674883842468262e-01
2.992455661296844482e-01
3.027856051921844482e-01
3.101691007614135742e-01
3.206505179405212402e-01
1.069095015525817871e+00
1.069694161415100098e+00
1.007835984230041504e+00
9.431691765785217285e-01
8.760961890220642090e-01
7.692585587501525879e-01
6.381282210350036621e-01
5.473002791404724121e-01
4.611965119838714600e-01
7.252627015113830566e-01
5.499328970909118652e-01
4.324468970298767090e-01
3.328728377819061279e-01
7.393238544464111328e-01
5.867969989776611328e-01
4.731187522411346436e-01
3.719634115695953369e-01
7.959716320037841797e-01
7.817905545234680176e-01
8.590869903564453125e-01
9.356753230094909668e-01
1.000000000000000000e+00
1.000000000000000000e+00
1.000000000000000000e+00
1.000000000000000000e+00
0.000000000000000000e+00
0.000000000000000000e+00
0.000000000000000000e+00
0.000000000000000000e+00
0.000000000000000000e+00
0.000000000000000000e+00
0.000000000000000000e+00
0.000000000000000000e+00
0.000000000000000000e+00
0.000000000000000000e+00
0.000000000000000000e+00
0.000000000000000000e+00
0.000000000000000000e+00
0.000000000000000000e+00
0.000000000000000000e+00
0.000000000000000000e+00
0.000000000000000000e+00
0.000000000000000000e+00
0.000000000000000000e+00
0.000000000000000000e+00
0.000000000000000000e+00
0.000000000000000000e+00
0.000000000000000000e+00
0.000000000000000000e+00
0.000000000000000000e+00
0.000000000000000000e+00
0.000000000000000000e+00
0.000000000000000000e+00
0.000000000000000000e+00
0.000000000000000000e+00
0.000000000000000000e+00
0.000000000000000000e+00
0.000000000000000000e+00
0.000000000000000000e+00
0.000000000000000000e+00
0.000000000000000000e+00
0.000000000000000000e+00
0.000000000000000000e+00
0.000000000000000000e+00
0.000000000000000000e+00
0.000000000000000000e+00
0.000000000000000000e+00
0.000000000000000000e+00
0.000000000000000000e+00
0.000000000000000000e+00
0.000000000000000000e+00
0.000000000000000000e+00
0.000000000000000000e+00
0.000000000000000000e+00
