-1.000000000000000000e+00
3.180357217788696289e-01
3.862914144992828369e-01
4.235224425792694092e-01
3.646998405456542969e-01
3.010500669479370117e-01
4.845686554908752441e-01
5.520735979080200195e-01
5.888330936431884766e-01
6.138485670089721680e-01
4.171618521213531494e-01
4.450435042381286621e-01
4.537372589111328125e-01
4.579505026340484619e-01
3.535646498203277588e-01
3.353839218616485596e-01
3.198323249816894531e-01
3.099741041660308838e-01
2.967275083065032959e-01
3.017976880073547363e-01
3.088387548923492432e-01
3.145012855529785156e-01
1.047284007072448730e+00
1.046054363250732422e+00
9.901242256164550781e-01
9.252185821533203125e-01
8.612487316131591797e-01
7.548152804374694824e-01
6.234327554702758789e-01
5.350393056869506836e-01
4.509634077548980713e-01
7.127470970153808594e-01
5.351052284240722656e-01
4.213196039199829102e-01
3.254193067550659180e-01
7.275993227958679199e-01
5.743517279624938965e-01
4.595203101634979248e-01
3.591260612010955811e-01
7.857581973075866699e-01
7.608721852302551270e-01
8.377097249031066895e-01
9.163267612457275391e-01
1.000000000000000000e+00
1.000000000000000000e+00
1.000000000000000000e+00
1.000000000000000000e+00
0.000000000000000000e+00
0.000000000000000000e+00
0.000000000000000000e+00
0.000000000000000000e+00
0.000000000000000000e+00
0.000000000000000000e+00
0.000000000000000000e+00
0.000000000000000000e+00
0.000000000000000000e+00
0.000000000000000000e+00
0.000000000000000000e+00
0.000000000000000000e+00
0.000000000000000000e+00
0.000000000000000000e+00
0.000000000000000000e+00
0.000000000000000000e+00
0.000000000000000000e+00
0.000000000000000000e+00
0.000000000000000000e+00
0.000000000000000000e+00
0.000000000000000000e+00
0.000000000000000000e+00
0.000000000000000000e+00
0.000000000000000000e+00
0.000000000000000000e+00
0.000000000000000000e+00
0.000000000000000000e+00
0.000000000000000000e+00
0.000000000000000000e+00
0.000000000000000000e+00
0.000000000000000000e+00
0.000000000000000000e+00
0.000000000000000000e+00
0.000000000000000000e+00
0.000000000000000000e+00
0.000000000000000000e+00
0.000000000000000000e+00
0.000000000000000000e+00
0.000000000000000000e+00
0.000000000000000000e+00
0.000000000000000000e+00
0.000000000000000000e+00
0.000000000000000000e+00
0.000000000000000000e+00
0.000000000000000000e+00
0.000000000000000000e+00
0.000000000000000000e+00
0.000000000000000000e+00
0.000000000000000000e+00
