-1.000000000000000000e+00
3.893024027347564697e-01
4.173381626605987549e-01
4.486886858940124512e-01
4.999570250511169434e-01
5.441173315048217773e-01
3.900673985481262207e-01
4.153114855289459229e-01
4.289541244506835938e-01
4.334034323692321777e-01
4.036189019680023193e-01
4.295375049114227295e-01
4.441047012805938721e-01
4.489413499832153320e-01
4.248081445693969727e-01
4.690186083316802979e-01
4.898322820663452148e-01
4.973059892654418945e-01
4.536959230899810791e-01
5.084745883941650391e-01
5.368300080299377441e-01
5.575838685035705566e-01
8.331127762794494629e-01
7.305955886840820312e-01
6.424020528793334961e-01
6.089208126068115234e-01
5.956516265869140625e-01
5.568822622299194336e-01
4.218992292881011963e-01
3.422602415084838867e-01
2.761083841323852539e-01
5.699533224105834961e-01
4.280175566673278809e-01
3.418080210685729980e-01
2.681346237659454346e-01
6.041474938392639160e-01
4.853814244270324707e-01
4.013192653656005859e-01
3.277731239795684814e-01
6.579676270484924316e-01
6.103359460830688477e-01
6.073591709136962891e-01
6.136187911033630371e-01
0.000000000000000000e+00
1.000000000000000000e+00
1.000000000000000000e+00
1.000000000000000000e+00
0.000000000000000000e+00
0.000000000000000000e+00
0.000000000000000000e+00
0.000000000000000000e+00
0.000000000000000000e+00
0.000000000000000000e+00
0.000000000000000000e+00
0.000000000000000000e+00
0.000000000000000000e+00
0.000000000000000000e+00
0.000000000000000000e+00
0.000000000000000000e+00
0.000000000000000000e+00
0.000000000000000000e+00
0.000000000000000000e+00
0.000000000000000000e+00
0.000000000000000000e+00
0.000000000000000000e+00
0.000000000000000000e+00
0.000000000000000000e+00
0.000000000000000000e+00
0.000000000000000000e+00
0.000000000000000000e+00
0.000000000000000000e+00
0.000000000000000000e+00
0.000000000000000000e+00
0.000000000000000000e+00
0.000000000000000000e+00
0.000000000000000000e+00
0.000000000000000000e+00
0.000000000000000000e+00
0.000000000000000000e+00
0.000000000000000000e+00
0.000000000000000000e+00
0.000000000000000000e+00
0.000000000000000000e+00
0.000000000000000000e+00
0.000000000000000000e+00
0.000000000000000000e+00
0.000000000000000000e+00
0.000000000000000000e+00
0.000000000000000000e+00
0.000000000000000000e+00
0.000000000000000000e+00
0.000000000000000000e+00
0.000000000000000000e+00
0.000000000000000000e+00
0.000000000000000000e+00
0.000000000000000000e+00
