1.000000000000000000e+00
4.305226206779479980e-01
4.041205048561096191e-01
4.158070087432861328e-01
4.642234742641448975e-01
5.061765313148498535e-01
3.757775723934173584e-01
3.684231936931610107e-01
3.634785413742065430e-01
3.557736873626708984e-01
4.153186380863189697e-01
4.248026907444000244e-01
4.287054538726806641e-01
4.289522469043731689e-01
4.552834331989288330e-01
4.970560669898986816e-01
5.146386027336120605e-01
5.238781571388244629e-01
4.946481585502624512e-01
5.098301172256469727e-01
4.981666803359985352e-01
4.914060235023498535e-01
8.543394207954406738e-01
7.662698030471801758e-01
6.701508164405822754e-01
6.353020668029785156e-01
6.195662617683410645e-01
5.989810228347778320e-01
4.773257374763488770e-01
4.057330787181854248e-01
3.458825051784515381e-01
5.895680785179138184e-01
4.519602656364440918e-01
3.674522042274475098e-01
2.967832386493682861e-01
6.050547361373901367e-01
4.951118528842926025e-01
4.183157086372375488e-01
3.496193885803222656e-01
6.429447531700134277e-01
6.085278391838073730e-01
6.376945376396179199e-01
6.664437055587768555e-01
0.000000000000000000e+00
1.000000000000000000e+00
1.000000000000000000e+00
1.000000000000000000e+00
0.000000000000000000e+00
0.000000000000000000e+00
0.000000000000000000e+00
0.000000000000000000e+00
0.000000000000000000e+00
0.000000000000000000e+00
0.000000000000000000e+00
0.000000000000000000e+00
0.000000000000000000e+00
0.000000000000000000e+00
0.000000000000000000e+00
0.000000000000000000e+00
0.000000000000000000e+00
0.000000000000000000e+00
0.000000000000000000e+00
0.000000000000000000e+00
0.000000000000000000e+00
0.000000000000000000e+00
0.000000000000000000e+00
0.000000000000000000e+00
0.000000000000000000e+00
0.000000000000000000e+00
0.000000000000000000e+00
0.000000000000000000e+00
0.000000000000000000e+00
0.000000000000000000e+00
0.000000000000000000e+00
0.000000000000000000e+00
0.000000000000000000e+00
0.000000000000000000e+00
0.000000000000000000e+00
0.000000000000000000e+00
0.000000000000000000e+00
0.000000000000000000e+00
0.000000000000000000e+00
0.000000000000000000e+00
0.000000000000000000e+00
0.000000000000000000e+00
0.000000000000000000e+00
0.000000000000000000e+00
0.000000000000000000e+00
0.000000000000000000e+00
0.000000000000000000e+00
0.000000000000000000e+00
0.000000000000000000e+00
0.000000000000000000e+00
0.000000000000000000e+00
0.000000000000000000e+00
0.000000000000000000e+00
