-1.000000000000000000e+00
3.820329904556274414e-01
4.395665228366851807e-01
4.786288738250732422e-01
4.303217232227325439e-01
3.848780691623687744e-01
5.304793119430541992e-01
5.847186446189880371e-01
6.136013865470886230e-01
6.349252462387084961e-01
4.721392393112182617e-01
4.948245584964752197e-01
5.049836635589599609e-01
5.122956037521362305e-01
4.186647832393646240e-01
4.027028381824493408e-01
3.925150930881500244e-01
3.837266266345977783e-01
3.715572953224182129e-01
3.777296543121337891e-01
3.876211643218994141e-01
3.936670124530792236e-01
9.392330646514892578e-01
9.313361048698425293e-01
8.780015707015991211e-01
8.105275630950927734e-01
7.412780523300170898e-01
6.851080656051635742e-01
5.751524567604064941e-01
5.019001960754394531e-01
4.320150613784790039e-01
6.462852954864501953e-01
5.053825974464416504e-01
4.127207398414611816e-01
3.349069654941558838e-01
6.544319987297058105e-01
5.274913311004638672e-01
4.369285404682159424e-01
3.604684770107269287e-01
6.979052424430847168e-01
6.877375841140747070e-01
7.512273788452148438e-01
8.104922771453857422e-01
1.000000000000000000e+00
1.000000000000000000e+00
1.000000000000000000e+00
1.000000000000000000e+00
0.000000000000000000e+00
0.000000000000000000e+00
0.000000000000000000e+00
0.000000000000000000e+00
0.000000000000000000e+00
0.000000000000000000e+00
0.000000000000000000e+00
0.000000000000000000e+00
0.000000000000000000e+00
0.000000000000000000e+00
0.000000000000000000e+00
0.000000000000000000e+00
0.000000000000000000e+00
0.000000000000000000e+00
0.000000000000000000e+00
0.000000000000000000e+00
0.000000000000000000e+00
0.000000000000000000e+00
0.000000000000000000e+00
0.000000000000000000e+00
0.000000000000000000e+00
0.000000000000000000e+00
0.000000000000000000e+00
0.000000000000000000e+00
0.000000000000000000e+00
0.000000000000000000e+00
0.000000000000000000e+00
0.000000000000000000e+00
0.000000000000000000e+00
0.000000000000000000e+00
0.000000000000000000e+00
0.000000000000000000e+00
0.000000000000000000e+00
0.000000000000000000e+00
0.000000000000000000e+00
0.000000000000000000e+00
0.000000000000000000e+00
0.000000000000000000e+00
0.000000000000000000e+00
0.000000000000000000e+00
0.000000000000000000e+00
0.000000000000000000e+00
0.000000000000000000e+00
0.000000000000000000e+00
0.000000000000000000e+00
0.000000000000000000e+00
0.000000000000000000e+00
0.000000000000000000e+00
0.000000000000000000e+00
