-1.000000000000000000e+00
3.485245406627655029e-01
3.930774331092834473e-01
4.094202816486358643e-01
3.513287901878356934e-01
2.915172278881072998e-01
4.462577700614929199e-01
4.761787056922912598e-01
4.917286336421966553e-01
5.040501356124877930e-01
3.900338113307952881e-01
3.942611217498779297e-01
3.928162753582000732e-01
3.943169116973876953e-01
3.386540114879608154e-01
3.045159876346588135e-01
2.872135341167449951e-01
2.783432006835937500e-01
2.938708662986755371e-01
2.787970900535583496e-01
2.909960150718688965e-01
3.071776628494262695e-01
9.412379860877990723e-01
9.211497902870178223e-01
8.649400472640991211e-01
8.067070245742797852e-01
7.469868659973144531e-01
6.664609313011169434e-01
5.437980890274047852e-01
4.640123844146728516e-01
3.884163200855255127e-01
6.384256482124328613e-01
4.872988462448120117e-01
3.928721547126770020e-01
3.108641505241394043e-01
6.573876738548278809e-01
5.326893925666809082e-01
4.444442689418792725e-01
3.651915788650512695e-01
7.119222879409790039e-01
6.933526992797851562e-01
7.447612881660461426e-01
7.953848838806152344e-01
1.000000000000000000e+00
1.000000000000000000e+00
1.000000000000000000e+00
1.000000000000000000e+00
0.000000000000000000e+00
0.000000000000000000e+00
0.000000000000000000e+00
0.000000000000000000e+00
0.000000000000000000e+00
0.000000000000000000e+00
0.000000000000000000e+00
0.000000000000000000e+00
0.000000000000000000e+00
0.000000000000000000e+00
0.000000000000000000e+00
0.000000000000000000e+00
0.000000000000000000e+00
0.000000000000000000e+00
0.000000000000000000e+00
0.000000000000000000e+00
0.000000000000000000e+00
0.000000000000000000e+00
0.000000000000000000e+00
0.000000000000000000e+00
0.000000000000000000e+00
0.000000000000000000e+00
0.000000000000000000e+00
0.000000000000000000e+00
0.000000000000000000e+00
0.000000000000000000e+00
0.000000000000000000e+00
0.000000000000000000e+00
0.000000000000000000e+00
0.000000000000000000e+00
0.000000000000000000e+00
0.000000000000000000e+00
0.000000000000000000e+00
0.000000000000000000e+00
0.000000000000000000e+00
0.000000000000000000e+00
0.000000000000000000e+00
0.000000000000000000e+00
0.000000000000000000e+00
0.000000000000000000e+00
0.000000000000000000e+00
0.000000000000000000e+00
0.000000000000000000e+00
0.000000000000000000e+00
0.000000000000000000e+00
0.000000000000000000e+00
0.000000000000000000e+00
0.000000000000000000e+00
0.000000000000000000e+00
