-1.000000000000000000e+00
3.372414410114288330e-01
3.830829858779907227e-01
3.985774219036102295e-01
3.344808220863342285e-01
2.777457237243652344e-01
4.439174234867095947e-01
4.796527028083801270e-01
4.981749057769775391e-01
5.112907886505126953e-01
3.865030705928802490e-01
3.923851549625396729e-01
3.895601332187652588e-01
3.879097104072570801e-01
3.359535336494445801e-01
3.038049936294555664e-01
2.826740145683288574e-01
2.680658698081970215e-01
2.947986125946044922e-01
2.823028266429901123e-01
2.912957370281219482e-01
3.014412820339202881e-01
9.279043674468994141e-01
9.015824794769287109e-01
8.316879272460937500e-01
7.618195414543151855e-01
6.979559063911437988e-01
6.409379243850708008e-01
5.189358592033386230e-01
4.389898180961608887e-01
3.637473881244659424e-01
6.165717840194702148e-01
4.692520499229431152e-01
3.712204694747924805e-01
2.853530347347259521e-01
6.354338526725769043e-01
5.130340456962585449e-01
4.222220778465270996e-01
3.423285484313964844e-01
6.889607906341552734e-01
6.687682271003723145e-01
7.256517410278320312e-01
7.799074053764343262e-01
1.000000000000000000e+00
1.000000000000000000e+00
1.000000000000000000e+00
1.000000000000000000e+00
0.000000000000000000e+00
0.000000000000000000e+00
0.000000000000000000e+00
0.000000000000000000e+00
0.000000000000000000e+00
0.000000000000000000e+00
0.000000000000000000e+00
0.000000000000000000e+00
0.000000000000000000e+00
0.000000000000000000e+00
0.000000000000000000e+00
0.000000000000000000e+00
0.000000000000000000e+00
0.000000000000000000e+00
0.000000000000000000e+00
0.000000000000000000e+00
0.000000000000000000e+00
0.000000000000000000e+00
0.000000000000000000e+00
0.000000000000000000e+00
0.000000000000000000e+00
0.000000000000000000e+00
0.000000000000000000e+00
0.000000000000000000e+00
0.000000000000000000e+00
0.000000000000000000e+00
0.000000000000000000e+00
0.000000000000000000e+00
0.000000000000000000e+00
0.000000000000000000e+00
0.000000000000000000e+00
0.000000000000000000e+00
0.000000000000000000e+00
0.000000000000000000e+00
0.000000000000000000e+00
0.000000000000000000e+00
0.000000000000000000e+00
0.000000000000000000e+00
0.000000000000000000e+00
0.000000000000000000e+00
0.000000000000000000e+00
0.000000000000000000e+00
0.000000000000000000e+00
0.000000000000000000e+00
0.000000000000000000e+00
0.000000000000000000e+00
0.000000000000000000e+00
0.000000000000000000e+00
0.000000000000000000e+00
