-1.000000000000000000e+00
3.262298107147216797e-01
3.922986984252929688e-01
4.286228418350219727e-01
3.849464356899261475e-01
3.332096338272094727e-01
4.429958462715148926e-01
4.760141372680664062e-01
4.945605397224426270e-01
5.032567977905273438e-01
3.813086748123168945e-01
3.831479251384735107e-01
3.777307868003845215e-01
3.699240684509277344e-01
3.290825188159942627e-01
3.019475638866424561e-01
2.834127247333526611e-01
2.654946744441986084e-01
2.861744463443756104e-01
3.023515045642852783e-01
3.258830010890960693e-01
3.416792452335357666e-01
9.084113240242004395e-01
8.728300929069519043e-01
7.941840887069702148e-01
7.278630137443542480e-01
6.720681190490722656e-01
6.043877005577087402e-01
4.813786745071411133e-01
4.019508659839630127e-01
3.295986950397491455e-01
5.855185985565185547e-01
4.358772635459899902e-01
3.420784473419189453e-01
2.626353800296783447e-01
6.100949645042419434e-01
4.874264001846313477e-01
3.937822282314300537e-01
3.169060051441192627e-01
6.653253436088562012e-01
6.306791901588439941e-01
6.779150366783142090e-01
7.283196449279785156e-01
1.000000000000000000e+00
1.000000000000000000e+00
1.000000000000000000e+00
1.000000000000000000e+00
0.000000000000000000e+00
0.000000000000000000e+00
0.000000000000000000e+00
0.000000000000000000e+00
0.000000000000000000e+00
0.000000000000000000e+00
0.000000000000000000e+00
0.000000000000000000e+00
0.000000000000000000e+00
0.000000000000000000e+00
0.000000000000000000e+00
0.000000000000000000e+00
0.000000000000000000e+00
0.000000000000000000e+00
0.000000000000000000e+00
0.000000000000000000e+00
0.000000000000000000e+00
0.000000000000000000e+00
0.000000000000000000e+00
0.000000000000000000e+00
0.000000000000000000e+00
0.000000000000000000e+00
0.000000000000000000e+00
0.000000000000000000e+00
0.000000000000000000e+00
0.000000000000000000e+00
0.000000000000000000e+00
0.000000000000000000e+00
0.000000000000000000e+00
0.000000000000000000e+00
0.000000000000000000e+00
0.000000000000000000e+00
0.000000000000000000e+00
0.000000000000000000e+00
0.000000000000000000e+00
0.000000000000000000e+00
0.000000000000000000e+00
0.000000000000000000e+00
0.000000000000000000e+00
0.000000000000000000e+00
0.000000000000000000e+00
0.000000000000000000e+00
0.000000000000000000e+00
0.000000000000000000e+00
0.000000000000000000e+00
0.000000000000000000e+00
0.000000000000000000e+00
0.000000000000000000e+00
0.000000000000000000e+00
