-1.000000000000000000e+00
3.421536982059478760e-01
4.128994345664978027e-01
4.673891067504882812e-01
4.595149159431457520e-01
4.134202301502227783e-01
4.534787237644195557e-01
4.847748577594757080e-01
5.015749335289001465e-01
5.096471309661865234e-01
3.992854356765747070e-01
3.896521329879760742e-01
3.822818696498870850e-01
3.728125095367431641e-01
3.527299165725708008e-01
3.478363156318664551e-01
3.453147113323211670e-01
3.375363349914550781e-01
3.131205439567565918e-01
3.600302338600158691e-01
3.929277360439300537e-01
4.108830094337463379e-01
8.829429745674133301e-01
8.587637543678283691e-01
7.793063521385192871e-01
7.101686596870422363e-01
6.607829928398132324e-01
5.831121206283569336e-01
4.744027256965637207e-01
4.020946323871612549e-01
3.361831009387969971e-01
5.666521191596984863e-01
4.214806258678436279e-01
3.362978696823120117e-01
2.622269093990325928e-01
5.936681032180786133e-01
4.803126454353332520e-01
3.898724317550659180e-01
3.090212643146514893e-01
6.506168842315673828e-01
6.285011172294616699e-01
6.732394695281982422e-01
7.156573534011840820e-01
1.000000000000000000e+00
1.000000000000000000e+00
1.000000000000000000e+00
1.000000000000000000e+00
0.000000000000000000e+00
0.000000000000000000e+00
0.000000000000000000e+00
0.000000000000000000e+00
0.000000000000000000e+00
0.000000000000000000e+00
0.000000000000000000e+00
0.000000000000000000e+00
0.000000000000000000e+00
0.000000000000000000e+00
0.000000000000000000e+00
0.000000000000000000e+00
0.000000000000000000e+00
0.000000000000000000e+00
0.000000000000000000e+00
0.000000000000000000e+00
0.000000000000000000e+00
0.000000000000000000e+00
0.000000000000000000e+00
0.000000000000000000e+00
0.000000000000000000e+00
0.000000000000000000e+00
0.000000000000000000e+00
0.000000000000000000e+00
0.000000000000000000e+00
0.000000000000000000e+00
0.000000000000000000e+00
0.000000000000000000e+00
0.000000000000000000e+00
0.000000000000000000e+00
0.000000000000000000e+00
0.000000000000000000e+00
0.000000000000000000e+00
0.000000000000000000e+00
0.000000000000000000e+00
0.000000000000000000e+00
0.000000000000000000e+00
0.000000000000000000e+00
0.000000000000000000e+00
0.000000000000000000e+00
0.000000000000000000e+00
0.000000000000000000e+00
0.000000000000000000e+00
0.000000000000000000e+00
0.000000000000000000e+00
0.000000000000000000e+00
0.000000000000000000e+00
0.000000000000000000e+00
0.000000000000000000e+00
