-1.000000000000000000e+00
3.506867289543151855e-01
4.201003909111022949e-01
4.769769310951232910e-01
4.758303165435791016e-01
4.317443966865539551e-01
4.672706127166748047e-01
5.025809407234191895e-01
5.236941576004028320e-01
5.368112325668334961e-01
4.161697626113891602e-01
4.119305610656738281e-01
4.058975279331207275e-01
3.991385996341705322e-01
3.691522777080535889e-01
3.759100735187530518e-01
3.796185851097106934e-01
3.776596784591674805e-01
3.264977335929870605e-01
3.758960962295532227e-01
4.090642631053924561e-01
4.272830188274383545e-01
8.836199045181274414e-01
8.609614968299865723e-01
7.869682312011718750e-01
7.170368432998657227e-01
6.628272533416748047e-01
5.865842103958129883e-01
4.846806228160858154e-01
4.161061644554138184e-01
3.512587845325469971e-01
5.688412189483642578e-01
4.307682514190673828e-01
3.464363515377044678e-01
2.728919684886932373e-01
5.919962525367736816e-01
4.803309142589569092e-01
3.895316123962402344e-01
3.067524731159210205e-01
6.448723077774047852e-01
6.189541816711425781e-01
6.576192378997802734e-01
6.940385103225708008e-01
1.000000000000000000e+00
1.000000000000000000e+00
1.000000000000000000e+00
1.000000000000000000e+00
0.000000000000000000e+00
0.000000000000000000e+00
0.000000000000000000e+00
0.000000000000000000e+00
0.000000000000000000e+00
0.000000000000000000e+00
0.000000000000000000e+00
0.000000000000000000e+00
0.000000000000000000e+00
0.000000000000000000e+00
0.000000000000000000e+00
0.000000000000000000e+00
0.000000000000000000e+00
0.000000000000000000e+00
0.000000000000000000e+00
0.000000000000000000e+00
0.000000000000000000e+00
0.000000000000000000e+00
0.000000000000000000e+00
0.000000000000000000e+00
0.000000000000000000e+00
0.000000000000000000e+00
0.000000000000000000e+00
0.000000000000000000e+00
0.000000000000000000e+00
0.000000000000000000e+00
0.000000000000000000e+00
0.000000000000000000e+00
0.000000000000000000e+00
0.000000000000000000e+00
0.000000000000000000e+00
0.000000000000000000e+00
0.000000000000000000e+00
0.000000000000000000e+00
0.000000000000000000e+00
0.000000000000000000e+00
0.000000000000000000e+00
0.000000000000000000e+00
0.000000000000000000e+00
0.000000000000000000e+00
0.000000000000000000e+00
0.000000000000000000e+00
0.000000000000000000e+00
0.000000000000000000e+00
0.000000000000000000e+00
0.000000000000000000e+00
0.000000000000000000e+00
0.000000000000000000e+00
0.000000000000000000e+00
