-1.000000000000000000e+00
4.360307455062866211e-01
5.131626725196838379e-01
5.805231332778930664e-01
5.887153148651123047e-01
5.454142093658447266e-01
5.718895792961120605e-01
6.051217913627624512e-01
6.246852874755859375e-01
6.380195617675781250e-01
5.211595892906188965e-01
5.192356705665588379e-01
5.165309906005859375e-01
5.126724243164062500e-01
4.756630659103393555e-01
4.843911230564117432e-01
4.888590276241302490e-01
4.885216355323791504e-01
4.350808560848236084e-01
4.893626570701599121e-01
5.247864127159118652e-01
5.468752384185791016e-01
8.996437788009643555e-01
8.773667812347412109e-01
7.984943985939025879e-01
7.246991991996765137e-01
6.866909265518188477e-01
6.216812133789062500e-01
5.173922777175903320e-01
4.528021812438964844e-01
3.912023305892944336e-01
6.007040143013000488e-01
4.666575789451599121e-01
3.816328942775726318e-01
3.016318976879119873e-01
6.153624057769775391e-01
5.040202140808105469e-01
4.104603528976440430e-01
3.217319250106811523e-01
6.571732759475708008e-01
6.436156630516052246e-01
6.916153430938720703e-01
7.323867082595825195e-01
1.000000000000000000e+00
1.000000000000000000e+00
1.000000000000000000e+00
1.000000000000000000e+00
0.000000000000000000e+00
0.000000000000000000e+00
0.000000000000000000e+00
0.000000000000000000e+00
0.000000000000000000e+00
0.000000000000000000e+00
0.000000000000000000e+00
0.000000000000000000e+00
0.000000000000000000e+00
0.000000000000000000e+00
0.000000000000000000e+00
0.000000000000000000e+00
0.000000000000000000e+00
0.000000000000000000e+00
0.000000000000000000e+00
0.000000000000000000e+00
0.000000000000000000e+00
0.000000000000000000e+00
0.000000000000000000e+00
0.000000000000000000e+00
0.000000000000000000e+00
0.000000000000000000e+00
0.000000000000000000e+00
0.000000000000000000e+00
0.000000000000000000e+00
0.000000000000000000e+00
0.000000000000000000e+00
0.000000000000000000e+00
0.000000000000000000e+00
0.000000000000000000e+00
0.000000000000000000e+00
0.000000000000000000e+00
0.000000000000000000e+00
0.000000000000000000e+00
0.000000000000000000e+00
0.000000000000000000e+00
0.000000000000000000e+00
0.000000000000000000e+00
0.000000000000000000e+00
0.000000000000000000e+00
0.000000000000000000e+00
0.000000000000000000e+00
0.000000000000000000e+00
0.000000000000000000e+00
0.000000000000000000e+00
0.000000000000000000e+00
0.000000000000000000e+00
0.000000000000000000e+00
0.000000000000000000e+00
