-1.000000000000000000e+00
3.974527716636657715e-01
4.703042507171630859e-01
5.175459384918212891e-01
5.396311879158020020e-01
5.428437590599060059e-01
4.870439171791076660e-01
4.989865422248840332e-01
4.983868598937988281e-01
4.942098855972290039e-01
4.485473036766052246e-01
4.607490003108978271e-01
4.620249867439270020e-01
4.602072834968566895e-01
4.088838994503021240e-01
4.180451035499572754e-01
4.221726357936859131e-01
4.236746728420257568e-01
3.669331669807434082e-01
3.728498816490173340e-01
3.780474662780761719e-01
3.821854591369628906e-01
8.587591648101806641e-01
8.221907019615173340e-01
7.524924278259277344e-01
6.777839064598083496e-01
6.102845668792724609e-01
6.210566163063049316e-01
5.251175165176391602e-01
4.653575420379638672e-01
4.064693450927734375e-01
6.055932044982910156e-01
4.962090849876403809e-01
4.243101477622985840e-01
3.588989377021789551e-01
6.115864515304565430e-01
5.097464323043823242e-01
4.417916536331176758e-01
3.813045322895050049e-01
6.333895921707153320e-01
5.527409315109252930e-01
4.973410964012145996e-01
4.454344511032104492e-01
0.000000000000000000e+00
1.000000000000000000e+00
1.000000000000000000e+00
1.000000000000000000e+00
1.000000000000000000e+00
1.000000000000000000e+00
7.454062104225158691e-01
6.718953251838684082e-01
6.186212301254272461e-01
5.968075990676879883e-01
5.745080113410949707e-01
6.300789713859558105e-01
6.197243332862854004e-01
6.175923943519592285e-01
6.174012422561645508e-01
6.738413572311401367e-01
6.602536439895629883e-01
6.556362509727478027e-01
6.495861411094665527e-01
7.130485773086547852e-01
7.030033469200134277e-01
6.952911615371704102e-01
6.876325011253356934e-01
7.575582861900329590e-01
7.485992908477783203e-01
7.427696585655212402e-01
7.343778610229492188e-01
8.420715332031250000e-01
8.219179511070251465e-01
7.560299634933471680e-01
6.741141676902770996e-01
6.051877737045288086e-01
6.184037923812866211e-01
5.204997658729553223e-01
4.604538083076477051e-01
4.031357765197753906e-01
5.956104397773742676e-01
4.879872202873229980e-01
4.243275523185729980e-01
3.614917993545532227e-01
5.979475378990173340e-01
4.997926354408264160e-01
4.394995868206024170e-01
3.825883269309997559e-01
6.164097189903259277e-01
5.403045415878295898e-01
4.902684986591339111e-01
4.415395855903625488e-01
1.000000000000000000e+00
1.000000000000000000e+00
1.000000000000000000e+00
1.000000000000000000e+00
1.000000000000000000e+00
