-1.000000000000000000e+00
3.681357204914093018e-01
4.420129358768463135e-01
4.896176755428314209e-01
5.106922388076782227e-01
4.982110261917114258e-01
4.523276686668395996e-01
4.643727540969848633e-01
4.648359715938568115e-01
4.611760973930358887e-01
4.135020673274993896e-01
4.250972270965576172e-01
4.265502095222473145e-01
4.239405095577239990e-01
3.748666346073150635e-01
3.823257684707641602e-01
3.867659270763397217e-01
3.878746330738067627e-01
3.331575393676757812e-01
3.371164500713348389e-01
3.421741724014282227e-01
3.454548120498657227e-01
8.753098249435424805e-01
8.383775949478149414e-01
7.610882520675659180e-01
6.847374439239501953e-01
6.412819623947143555e-01
6.341656446456909180e-01
5.377211570739746094e-01
4.786168932914733887e-01
4.242193996906280518e-01
6.223234534263610840e-01
5.113286972045898438e-01
4.406426548957824707e-01
3.788811266422271729e-01
6.310046315193176270e-01
5.260984897613525391e-01
4.597930312156677246e-01
4.023269414901733398e-01
6.562121510505676270e-01
5.738530755043029785e-01
5.204357504844665527e-01
4.727677106857299805e-01
1.000000000000000000e+00
1.000000000000000000e+00
1.000000000000000000e+00
1.000000000000000000e+00
1.000000000000000000e+00
1.000000000000000000e+00
7.888723015785217285e-01
7.131063938140869141e-01
6.621345281600952148e-01
6.415780782699584961e-01
6.252266168594360352e-01
6.815415024757385254e-01
6.691544651985168457e-01
6.669411063194274902e-01
6.668469905853271484e-01
7.240368723869323730e-01
7.115850448608398438e-01
7.061969637870788574e-01
6.996324658393859863e-01
7.636543512344360352e-01
7.547661066055297852e-01
7.463698983192443848e-01
7.360910773277282715e-01
8.068001866340637207e-01
8.016524314880371094e-01
7.965587377548217773e-01
7.880898118019104004e-01
8.521695137023925781e-01
8.219063282012939453e-01
7.556649446487426758e-01
6.764036417007446289e-01
6.029810309410095215e-01
6.219921708106994629e-01
5.249643325805664062e-01
4.653750956058502197e-01
4.073223471641540527e-01
6.008931994438171387e-01
4.924480915069580078e-01
4.262428581714630127e-01
3.636423051357269287e-01
6.042847633361816406e-01
5.033690929412841797e-01
4.422482252120971680e-01
3.854290843009948730e-01
6.261336803436279297e-01
5.478516817092895508e-01
4.966202378273010254e-01
4.486519694328308105e-01
1.000000000000000000e+00
1.000000000000000000e+00
1.000000000000000000e+00
1.000000000000000000e+00
1.000000000000000000e+00
