-1.000000000000000000e+00
3.536345958709716797e-01
4.292393922805786133e-01
4.835654795169830322e-01
5.015876293182373047e-01
4.835144281387329102e-01
4.459893703460693359e-01
4.566095471382141113e-01
4.555062651634216309e-01
4.510293006896972656e-01
4.059444367885589600e-01
4.167399108409881592e-01
4.193320572376251221e-01
4.186775088310241699e-01
3.666192889213562012e-01
3.743923902511596680e-01
3.794530928134918213e-01
3.817641139030456543e-01
3.250012993812561035e-01
3.295522034168243408e-01
3.360937833786010742e-01
3.426590561866760254e-01
8.953204154968261719e-01
8.603072166442871094e-01
7.828069329261779785e-01
7.057337164878845215e-01
6.621835827827453613e-01
6.485632061958312988e-01
5.538465976715087891e-01
4.937103986740112305e-01
4.370098710060119629e-01
6.360202431678771973e-01
5.282872319221496582e-01
4.571801424026489258e-01
3.944313824176788330e-01
6.441426873207092285e-01
5.432820320129394531e-01
4.782829880714416504e-01
4.217290878295898438e-01
6.673603653907775879e-01
5.869996547698974609e-01
5.338063240051269531e-01
4.840325117111206055e-01
1.000000000000000000e+00
1.000000000000000000e+00
1.000000000000000000e+00
1.000000000000000000e+00
1.000000000000000000e+00
1.000000000000000000e+00
8.015971183776855469e-01
7.258163690567016602e-01
6.733054518699645996e-01
6.503254175186157227e-01
6.317521333694458008e-01
6.921759843826293945e-01
6.787918806076049805e-01
6.764896512031555176e-01
6.774282455444335938e-01
7.348585724830627441e-01
7.212300896644592285e-01
7.158313989639282227e-01
7.103381156921386719e-01
7.746406197547912598e-01
7.647226452827453613e-01
7.572584748268127441e-01
7.489154338836669922e-01
8.174487948417663574e-01
8.116073012351989746e-01
8.066403269767761230e-01
7.991076707839965820e-01
8.741387128829956055e-01
8.483592271804809570e-01
7.778187394142150879e-01
6.960828900337219238e-01
6.214788556098937988e-01
6.438763737678527832e-01
5.451448559761047363e-01
4.844684004783630371e-01
4.270231425762176514e-01
6.235737800598144531e-01
5.143730640411376953e-01
4.467187225818634033e-01
3.823340535163879395e-01
6.272802948951721191e-01
5.265140533447265625e-01
4.637076854705810547e-01
4.046119451522827148e-01
6.471562981605529785e-01
5.678482055664062500e-01
5.161172151565551758e-01
4.649639725685119629e-01
1.000000000000000000e+00
1.000000000000000000e+00
1.000000000000000000e+00
1.000000000000000000e+00
1.000000000000000000e+00
