-1.000000000000000000e+00
3.514773845672607422e-01
4.247239530086517334e-01
4.794238209724426270e-01
4.997479617595672607e-01
4.773818850517272949e-01
4.444984197616577148e-01
4.552705585956573486e-01
4.537825882434844971e-01
4.489037394523620605e-01
4.043416678905487061e-01
4.157367944717407227e-01
4.181133508682250977e-01
4.173215627670288086e-01
3.651513159275054932e-01
3.752242326736450195e-01
3.803510069847106934e-01
3.833562433719635010e-01
3.239637017250061035e-01
3.302244544029235840e-01
3.365696966648101807e-01
3.437423110008239746e-01
8.528960943222045898e-01
8.219244480133056641e-01
7.442967295646667480e-01
6.656203269958496094e-01
6.250080466270446777e-01
6.176158189773559570e-01
5.237558484077453613e-01
4.643628597259521484e-01
4.094817638397216797e-01
6.021575331687927246e-01
4.969376921653747559e-01
4.281266927719116211e-01
3.693695962429046631e-01
6.070101857185363770e-01
5.088545680046081543e-01
4.453572034835815430e-01
3.922117352485656738e-01
6.266978383064270020e-01
5.478565692901611328e-01
4.976218044757843018e-01
4.525437355041503906e-01
1.000000000000000000e+00
1.000000000000000000e+00
1.000000000000000000e+00
1.000000000000000000e+00
1.000000000000000000e+00
1.000000000000000000e+00
7.886156439781188965e-01
7.164738774299621582e-01
6.655803322792053223e-01
6.433090567588806152e-01
6.246271729469299316e-01
6.827216148376464844e-01
6.707506179809570312e-01
6.681213378906250000e-01
6.683547496795654297e-01
7.233691811561584473e-01
7.106371521949768066e-01
7.048938870429992676e-01
6.994516849517822266e-01
7.628912925720214844e-01
7.528039216995239258e-01
7.446791529655456543e-01
7.361279129981994629e-01
8.050046563148498535e-01
7.994384169578552246e-01
7.938931584358215332e-01
7.857674360275268555e-01
8.314946889877319336e-01
8.015942573547363281e-01
7.363986372947692871e-01
6.617021560668945312e-01
5.923044085502624512e-01
6.092651486396789551e-01
5.125659704208374023e-01
4.526691138744354248e-01
3.968817591667175293e-01
5.903729796409606934e-01
4.829524755477905273e-01
4.154598712921142578e-01
3.531521856784820557e-01
5.940068960189819336e-01
4.949399232864379883e-01
4.335014522075653076e-01
3.771370649337768555e-01
6.140739321708679199e-01
5.360781550407409668e-01
4.857837557792663574e-01
4.379966855049133301e-01
1.000000000000000000e+00
1.000000000000000000e+00
1.000000000000000000e+00
1.000000000000000000e+00
1.000000000000000000e+00
