-1.000000000000000000e+00
3.257171213626861572e-01
3.975531458854675293e-01
4.538064002990722656e-01
4.799542427062988281e-01
4.577109813690185547e-01
4.225680828094482422e-01
4.354848265647888184e-01
4.359248578548431396e-01
4.339817464351654053e-01
3.861186504364013672e-01
3.995672762393951416e-01
4.034109413623809814e-01
4.041988849639892578e-01
3.488642573356628418e-01
3.581082224845886230e-01
3.638214468955993652e-01
3.670099079608917236e-01
3.081182241439819336e-01
3.143835663795471191e-01
3.214144408702850342e-01
3.282555341720581055e-01
8.867527246475219727e-01
8.584512472152709961e-01
7.893635630607604980e-01
7.141160368919372559e-01
6.754314303398132324e-01
6.604262590408325195e-01
5.706678032875061035e-01
5.141773223876953125e-01
4.609397649765014648e-01
6.444408893585205078e-01
5.434486865997314453e-01
4.765764474868774414e-01
4.157294034957885742e-01
6.492313742637634277e-01
5.542660951614379883e-01
4.928671121597290039e-01
4.380948841571807861e-01
6.696213483810424805e-01
5.930607914924621582e-01
5.442538857460021973e-01
4.987661242485046387e-01
1.000000000000000000e+00
1.000000000000000000e+00
1.000000000000000000e+00
1.000000000000000000e+00
1.000000000000000000e+00
1.000000000000000000e+00
7.992353439331054688e-01
7.271086573600769043e-01
6.751891970634460449e-01
6.519094705581665039e-01
6.357061862945556641e-01
6.910133361816406250e-01
6.754409670829772949e-01
6.721336245536804199e-01
6.727639436721801758e-01
7.308988571166992188e-01
7.144482731819152832e-01
7.075757980346679688e-01
7.022370100021362305e-01
7.696855664253234863e-01
7.557318806648254395e-01
7.475009560585021973e-01
7.397246956825256348e-01
8.125630021095275879e-01
8.057444691658020020e-01
8.005654215812683105e-01
7.931799292564392090e-01
8.724451065063476562e-01
8.505878448486328125e-01
7.856625914573669434e-01
7.104573249816894531e-01
6.397458314895629883e-01
6.591930985450744629e-01
5.647152066230773926e-01
5.051938295364379883e-01
4.498400688171386719e-01
6.389027237892150879e-01
5.334758162498474121e-01
4.671108424663543701e-01
4.056999087333679199e-01
6.418520808219909668e-01
5.435956716537475586e-01
4.841414690017700195e-01
4.286107718944549561e-01
6.603769659996032715e-01
5.838955640792846680e-01
5.344974398612976074e-01
4.867454767227172852e-01
1.000000000000000000e+00
1.000000000000000000e+00
1.000000000000000000e+00
1.000000000000000000e+00
1.000000000000000000e+00
