-1.000000000000000000e+00
3.996406495571136475e-01
4.484428763389587402e-01
4.727073609828948975e-01
4.376918375492095947e-01
3.957620859146118164e-01
4.766467809677124023e-01
5.095787048339843750e-01
5.291262865066528320e-01
5.412135124206542969e-01
4.256514906883239746e-01
4.099858999252319336e-01
4.016419351100921631e-01
3.925693929195404053e-01
3.819263577461242676e-01
3.932856917381286621e-01
4.115164279937744141e-01
4.163561761379241943e-01
3.473008275032043457e-01
3.664965629577636719e-01
3.884515762329101562e-01
3.993794918060302734e-01
7.830472588539123535e-01
7.428703904151916504e-01
6.733642220497131348e-01
6.235678791999816895e-01
5.894728899002075195e-01
5.334902405738830566e-01
4.364647865295410156e-01
3.757045269012451172e-01
3.248648643493652344e-01
5.278785824775695801e-01
4.037932157516479492e-01
3.321851193904876709e-01
2.715010046958923340e-01
5.570752024650573730e-01
5.197774171829223633e-01
5.896057486534118652e-01
6.358730792999267578e-01
6.024535298347473145e-01
5.860196352005004883e-01
6.290374994277954102e-01
6.592999100685119629e-01
1.000000000000000000e+00
1.000000000000000000e+00
1.000000000000000000e+00
0.000000000000000000e+00
0.000000000000000000e+00
0.000000000000000000e+00
0.000000000000000000e+00
0.000000000000000000e+00
0.000000000000000000e+00
0.000000000000000000e+00
0.000000000000000000e+00
0.000000000000000000e+00
0.000000000000000000e+00
0.000000000000000000e+00
0.000000000000000000e+00
0.000000000000000000e+00
0.000000000000000000e+00
0.000000000000000000e+00
0.000000000000000000e+00
0.000000000000000000e+00
0.000000000000000000e+00
0.000000000000000000e+00
0.000000000000000000e+00
0.000000000000000000e+00
0.000000000000000000e+00
0.000000000000000000e+00
0.000000000000000000e+00
0.000000000000000000e+00
0.000000000000000000e+00
0.000000000000000000e+00
0.000000000000000000e+00
0.000000000000000000e+00
0.000000000000000000e+00
0.000000000000000000e+00
0.000000000000000000e+00
0.000000000000000000e+00
0.000000000000000000e+00
0.000000000000000000e+00
0.000000000000000000e+00
0.000000000000000000e+00
0.000000000000000000e+00
0.000000000000000000e+00
0.000000000000000000e+00
0.000000000000000000e+00
0.000000000000000000e+00
0.000000000000000000e+00
0.000000000000000000e+00
0.000000000000000000e+00
0.000000000000000000e+00
0.000000000000000000e+00
0.000000000000000000e+00
0.000000000000000000e+00
0.000000000000000000e+00
