-1.000000000000000000e+00
4.049524962902069092e-01
4.565258622169494629e-01
4.840472340583801270e-01
4.518759548664093018e-01
4.104341566562652588e-01
4.886476397514343262e-01
5.229501724243164062e-01
5.406720638275146484e-01
5.511484742164611816e-01
4.370113015174865723e-01
4.240132570266723633e-01
4.174041152000427246e-01
4.099411368370056152e-01
3.925071060657501221e-01
4.058588445186614990e-01
4.243588149547576904e-01
4.293480515480041504e-01
3.570357859134674072e-01
3.766518831253051758e-01
3.957273662090301514e-01
4.030945301055908203e-01
7.574412822723388672e-01
7.211033701896667480e-01
6.505815982818603516e-01
6.001294255256652832e-01
5.641023516654968262e-01
5.078247189521789551e-01
4.111651778221130371e-01
3.502325415611267090e-01
2.981290817260742188e-01
5.015233755111694336e-01
3.792488574981689453e-01
3.071270585060119629e-01
2.450371682643890381e-01
5.300518274307250977e-01
4.887782633304595947e-01
5.621359348297119141e-01
6.108096837997436523e-01
5.755314826965332031e-01
5.572786927223205566e-01
6.006056666374206543e-01
6.302024722099304199e-01
1.000000000000000000e+00
1.000000000000000000e+00
1.000000000000000000e+00
0.000000000000000000e+00
0.000000000000000000e+00
0.000000000000000000e+00
0.000000000000000000e+00
0.000000000000000000e+00
0.000000000000000000e+00
0.000000000000000000e+00
0.000000000000000000e+00
0.000000000000000000e+00
0.000000000000000000e+00
0.000000000000000000e+00
0.000000000000000000e+00
0.000000000000000000e+00
0.000000000000000000e+00
0.000000000000000000e+00
0.000000000000000000e+00
0.000000000000000000e+00
0.000000000000000000e+00
0.000000000000000000e+00
0.000000000000000000e+00
0.000000000000000000e+00
0.000000000000000000e+00
0.000000000000000000e+00
0.000000000000000000e+00
0.000000000000000000e+00
0.000000000000000000e+00
0.000000000000000000e+00
0.000000000000000000e+00
0.000000000000000000e+00
0.000000000000000000e+00
0.000000000000000000e+00
0.000000000000000000e+00
0.000000000000000000e+00
0.000000000000000000e+00
0.000000000000000000e+00
0.000000000000000000e+00
0.000000000000000000e+00
0.000000000000000000e+00
0.000000000000000000e+00
0.000000000000000000e+00
0.000000000000000000e+00
0.000000000000000000e+00
0.000000000000000000e+00
0.000000000000000000e+00
0.000000000000000000e+00
0.000000000000000000e+00
0.000000000000000000e+00
0.000000000000000000e+00
0.000000000000000000e+00
0.000000000000000000e+00
