-1.000000000000000000e+00
4.016891717910766602e-01
4.496790170669555664e-01
4.716480374336242676e-01
4.409100413322448730e-01
4.013190269470214844e-01
4.741260111331939697e-01
5.072653293609619141e-01
5.261052250862121582e-01
5.370509028434753418e-01
4.241323769092559814e-01
4.088497757911682129e-01
4.007347226142883301e-01
3.916128277778625488e-01
3.812140822410583496e-01
3.931967616081237793e-01
4.155715703964233398e-01
4.237588047981262207e-01
3.476200401782989502e-01
3.676226735115051270e-01
3.940212130546569824e-01
4.102203845977783203e-01
7.787066102027893066e-01
7.365087270736694336e-01
6.698042154312133789e-01
6.223150491714477539e-01
5.857072472572326660e-01
5.279898643493652344e-01
4.310300946235656738e-01
3.711050152778625488e-01
3.206022381782531738e-01
5.237421989440917969e-01
4.031031727790832520e-01
3.323679566383361816e-01
2.725946903228759766e-01
5.529516935348510742e-01
5.124912858009338379e-01
5.760608315467834473e-01
6.220327019691467285e-01
5.987731218338012695e-01
5.758146643638610840e-01
6.112179160118103027e-01
6.402048468589782715e-01
1.000000000000000000e+00
1.000000000000000000e+00
1.000000000000000000e+00
0.000000000000000000e+00
0.000000000000000000e+00
0.000000000000000000e+00
0.000000000000000000e+00
0.000000000000000000e+00
0.000000000000000000e+00
0.000000000000000000e+00
0.000000000000000000e+00
0.000000000000000000e+00
0.000000000000000000e+00
0.000000000000000000e+00
0.000000000000000000e+00
0.000000000000000000e+00
0.000000000000000000e+00
0.000000000000000000e+00
0.000000000000000000e+00
0.000000000000000000e+00
0.000000000000000000e+00
0.000000000000000000e+00
0.000000000000000000e+00
0.000000000000000000e+00
0.000000000000000000e+00
0.000000000000000000e+00
0.000000000000000000e+00
0.000000000000000000e+00
0.000000000000000000e+00
0.000000000000000000e+00
0.000000000000000000e+00
0.000000000000000000e+00
0.000000000000000000e+00
0.000000000000000000e+00
0.000000000000000000e+00
0.000000000000000000e+00
0.000000000000000000e+00
0.000000000000000000e+00
0.000000000000000000e+00
0.000000000000000000e+00
0.000000000000000000e+00
0.000000000000000000e+00
0.000000000000000000e+00
0.000000000000000000e+00
0.000000000000000000e+00
0.000000000000000000e+00
0.000000000000000000e+00
0.000000000000000000e+00
0.000000000000000000e+00
0.000000000000000000e+00
0.000000000000000000e+00
0.000000000000000000e+00
0.000000000000000000e+00
