-1.000000000000000000e+00
3.402839601039886475e-01
3.807058930397033691e-01
3.940477371215820312e-01
3.629800081253051758e-01
3.258693814277648926e-01
3.858551979064941406e-01
4.074555039405822754e-01
4.201428890228271484e-01
4.275732636451721191e-01
3.436867594718933105e-01
3.246932029724121094e-01
3.144610524177551270e-01
3.043186664581298828e-01
3.097078204154968262e-01
3.149779736995697021e-01
3.362455666065216064e-01
3.458477556705474854e-01
2.853709161281585693e-01
3.023677766323089600e-01
3.288723528385162354e-01
3.467124402523040771e-01
7.458724379539489746e-01
6.999853849411010742e-01
6.368122696876525879e-01
5.966737866401672363e-01
5.724036693572998047e-01
5.232900381088256836e-01
4.387978911399841309e-01
3.870813250541687012e-01
3.440310955047607422e-01
5.245568156242370605e-01
4.218102097511291504e-01
3.616186976432800293e-01
3.112579584121704102e-01
5.529932975769042969e-01
5.133786797523498535e-01
5.601815581321716309e-01
5.968657135963439941e-01
5.943924784660339355e-01
5.701573491096496582e-01
5.949367284774780273e-01
6.184483170509338379e-01
1.000000000000000000e+00
1.000000000000000000e+00
1.000000000000000000e+00
0.000000000000000000e+00
0.000000000000000000e+00
0.000000000000000000e+00
0.000000000000000000e+00
0.000000000000000000e+00
0.000000000000000000e+00
0.000000000000000000e+00
0.000000000000000000e+00
0.000000000000000000e+00
0.000000000000000000e+00
0.000000000000000000e+00
0.000000000000000000e+00
0.000000000000000000e+00
0.000000000000000000e+00
0.000000000000000000e+00
0.000000000000000000e+00
0.000000000000000000e+00
0.000000000000000000e+00
0.000000000000000000e+00
0.000000000000000000e+00
0.000000000000000000e+00
0.000000000000000000e+00
0.000000000000000000e+00
0.000000000000000000e+00
0.000000000000000000e+00
0.000000000000000000e+00
0.000000000000000000e+00
0.000000000000000000e+00
0.000000000000000000e+00
0.000000000000000000e+00
0.000000000000000000e+00
0.000000000000000000e+00
0.000000000000000000e+00
0.000000000000000000e+00
0.000000000000000000e+00
0.000000000000000000e+00
0.000000000000000000e+00
0.000000000000000000e+00
0.000000000000000000e+00
0.000000000000000000e+00
0.000000000000000000e+00
0.000000000000000000e+00
0.000000000000000000e+00
0.000000000000000000e+00
0.000000000000000000e+00
0.000000000000000000e+00
0.000000000000000000e+00
0.000000000000000000e+00
0.000000000000000000e+00
0.000000000000000000e+00
