-1.000000000000000000e+00
3.405930101871490479e-01
3.790977597236633301e-01
3.909657895565032959e-01
3.617718219757080078e-01
3.262313902378082275e-01
3.846829235553741455e-01
4.077662825584411621e-01
4.208226203918457031e-01
4.272194802761077881e-01
3.437494039535522461e-01
3.232135176658630371e-01
3.127980232238769531e-01
3.017636537551879883e-01
3.112586736679077148e-01
3.167558014392852783e-01
3.392261564731597900e-01
3.491623103618621826e-01
2.882305681705474854e-01
3.038059771060943604e-01
3.302857279777526855e-01
3.487240672111511230e-01
7.456170320510864258e-01
6.991858482360839844e-01
6.352260708808898926e-01
5.938116312026977539e-01
5.662893652915954590e-01
5.220586061477661133e-01
4.363446533679962158e-01
3.840169012546539307e-01
3.405779302120208740e-01
5.245295763015747070e-01
4.198671281337738037e-01
3.601807951927185059e-01
3.107592761516571045e-01
5.542731881141662598e-01
5.159497857093811035e-01
5.610445737838745117e-01
5.966039896011352539e-01
5.965782999992370605e-01
5.665568113327026367e-01
5.884051322937011719e-01
6.111704707145690918e-01
1.000000000000000000e+00
1.000000000000000000e+00
1.000000000000000000e+00
0.000000000000000000e+00
0.000000000000000000e+00
0.000000000000000000e+00
0.000000000000000000e+00
0.000000000000000000e+00
0.000000000000000000e+00
0.000000000000000000e+00
0.000000000000000000e+00
0.000000000000000000e+00
0.000000000000000000e+00
0.000000000000000000e+00
0.000000000000000000e+00
0.000000000000000000e+00
0.000000000000000000e+00
0.000000000000000000e+00
0.000000000000000000e+00
0.000000000000000000e+00
0.000000000000000000e+00
0.000000000000000000e+00
0.000000000000000000e+00
0.000000000000000000e+00
0.000000000000000000e+00
0.000000000000000000e+00
0.000000000000000000e+00
0.000000000000000000e+00
0.000000000000000000e+00
0.000000000000000000e+00
0.000000000000000000e+00
0.000000000000000000e+00
0.000000000000000000e+00
0.000000000000000000e+00
0.000000000000000000e+00
0.000000000000000000e+00
0.000000000000000000e+00
0.000000000000000000e+00
0.000000000000000000e+00
0.000000000000000000e+00
0.000000000000000000e+00
0.000000000000000000e+00
0.000000000000000000e+00
0.000000000000000000e+00
0.000000000000000000e+00
0.000000000000000000e+00
0.000000000000000000e+00
0.000000000000000000e+00
0.000000000000000000e+00
0.000000000000000000e+00
0.000000000000000000e+00
0.000000000000000000e+00
0.000000000000000000e+00
