-1.000000000000000000e+00
3.508118689060211182e-01
3.893986940383911133e-01
4.042617380619049072e-01
3.879347741603851318e-01
3.618951737880706787e-01
4.004015326499938965e-01
4.253634214401245117e-01
4.398902058601379395e-01
4.498819112777709961e-01
3.599041104316711426e-01
3.423251211643218994e-01
3.314719796180725098e-01
3.216828703880310059e-01
3.261093497276306152e-01
3.328104317188262939e-01
3.519742786884307861e-01
3.613368272781372070e-01
3.017643392086029053e-01
3.180828988552093506e-01
3.438448011875152588e-01
3.633895218372344971e-01
7.517287135124206543e-01
7.086948156356811523e-01
6.538482904434204102e-01
6.150677800178527832e-01
5.836212038993835449e-01
5.336058735847473145e-01
4.517626166343688965e-01
4.014141261577606201e-01
3.610320091247558594e-01
5.333817601203918457e-01
4.339321851730346680e-01
3.742709457874298096e-01
3.273447751998901367e-01
5.613225698471069336e-01
5.288466811180114746e-01
5.725944042205810547e-01
6.073393821716308594e-01
6.027167439460754395e-01
5.792961716651916504e-01
5.963767170906066895e-01
6.135686039924621582e-01
1.000000000000000000e+00
1.000000000000000000e+00
1.000000000000000000e+00
0.000000000000000000e+00
0.000000000000000000e+00
0.000000000000000000e+00
0.000000000000000000e+00
0.000000000000000000e+00
0.000000000000000000e+00
0.000000000000000000e+00
0.000000000000000000e+00
0.000000000000000000e+00
0.000000000000000000e+00
0.000000000000000000e+00
0.000000000000000000e+00
0.000000000000000000e+00
0.000000000000000000e+00
0.000000000000000000e+00
0.000000000000000000e+00
0.000000000000000000e+00
0.000000000000000000e+00
0.000000000000000000e+00
0.000000000000000000e+00
0.000000000000000000e+00
0.000000000000000000e+00
0.000000000000000000e+00
0.000000000000000000e+00
0.000000000000000000e+00
0.000000000000000000e+00
0.000000000000000000e+00
0.000000000000000000e+00
0.000000000000000000e+00
0.000000000000000000e+00
0.000000000000000000e+00
0.000000000000000000e+00
0.000000000000000000e+00
0.000000000000000000e+00
0.000000000000000000e+00
0.000000000000000000e+00
0.000000000000000000e+00
0.000000000000000000e+00
0.000000000000000000e+00
0.000000000000000000e+00
0.000000000000000000e+00
0.000000000000000000e+00
0.000000000000000000e+00
0.000000000000000000e+00
0.000000000000000000e+00
0.000000000000000000e+00
0.000000000000000000e+00
0.000000000000000000e+00
0.000000000000000000e+00
0.000000000000000000e+00
