-1.000000000000000000e+00
3.532674312591552734e-01
3.996381163597106934e-01
4.163853228092193604e-01
3.830723166465759277e-01
3.433978855609893799e-01
4.096872806549072266e-01
4.307823777198791504e-01
4.413804113864898682e-01
4.469520747661590576e-01
3.647922277450561523e-01
3.535041511058807373e-01
3.493171632289886475e-01
3.449867367744445801e-01
3.270672261714935303e-01
3.350474238395690918e-01
3.553116023540496826e-01
3.637170791625976562e-01
2.976600527763366699e-01
3.145838379859924316e-01
3.428135514259338379e-01
3.625599741935729980e-01
7.558892965316772461e-01
7.129918932914733887e-01
6.453835964202880859e-01
6.023640632629394531e-01
5.700731873512268066e-01
5.150482654571533203e-01
4.195758402347564697e-01
3.596488833427429199e-01
3.088589310646057129e-01
5.133597254753112793e-01
4.004432559013366699e-01
3.305260837078094482e-01
2.719890773296356201e-01
5.426382422447204590e-01
4.997990727424621582e-01
5.574377775192260742e-01
6.011117100715637207e-01
5.880681276321411133e-01
5.595221519470214844e-01
5.847408175468444824e-01
6.080392599105834961e-01
1.000000000000000000e+00
1.000000000000000000e+00
1.000000000000000000e+00
0.000000000000000000e+00
0.000000000000000000e+00
0.000000000000000000e+00
0.000000000000000000e+00
0.000000000000000000e+00
0.000000000000000000e+00
0.000000000000000000e+00
0.000000000000000000e+00
0.000000000000000000e+00
0.000000000000000000e+00
0.000000000000000000e+00
0.000000000000000000e+00
0.000000000000000000e+00
0.000000000000000000e+00
0.000000000000000000e+00
0.000000000000000000e+00
0.000000000000000000e+00
0.000000000000000000e+00
0.000000000000000000e+00
0.000000000000000000e+00
0.000000000000000000e+00
0.000000000000000000e+00
0.000000000000000000e+00
0.000000000000000000e+00
0.000000000000000000e+00
0.000000000000000000e+00
0.000000000000000000e+00
0.000000000000000000e+00
0.000000000000000000e+00
0.000000000000000000e+00
0.000000000000000000e+00
0.000000000000000000e+00
0.000000000000000000e+00
0.000000000000000000e+00
0.000000000000000000e+00
0.000000000000000000e+00
0.000000000000000000e+00
0.000000000000000000e+00
0.000000000000000000e+00
0.000000000000000000e+00
0.000000000000000000e+00
0.000000000000000000e+00
0.000000000000000000e+00
0.000000000000000000e+00
0.000000000000000000e+00
0.000000000000000000e+00
0.000000000000000000e+00
0.000000000000000000e+00
0.000000000000000000e+00
0.000000000000000000e+00
