-1.000000000000000000e+00
3.542101681232452393e-01
4.009318351745605469e-01
4.167943894863128662e-01
3.881949484348297119e-01
3.519522249698638916e-01
4.110586941242218018e-01
4.353687167167663574e-01
4.480759799480438232e-01
4.549481570720672607e-01
3.659404516220092773e-01
3.539358973503112793e-01
3.484681844711303711e-01
3.428975343704223633e-01
3.273072838783264160e-01
3.364801704883575439e-01
3.579598665237426758e-01
3.673524856567382812e-01
2.973594367504119873e-01
3.139760196208953857e-01
3.432453274726867676e-01
3.646716475486755371e-01
7.539808154106140137e-01
7.098065018653869629e-01
6.436889171600341797e-01
6.026910543441772461e-01
5.690421462059020996e-01
5.088917016983032227e-01
4.136607050895690918e-01
3.530394434928894043e-01
3.014178574085235596e-01
5.078488588333129883e-01
3.931530714035034180e-01
3.223863840103149414e-01
2.620618641376495361e-01
5.389613509178161621e-01
4.938985705375671387e-01
5.526316761970520020e-01
5.972470045089721680e-01
5.866945385932922363e-01
5.557526350021362305e-01
5.789033770561218262e-01
6.012913584709167480e-01
1.000000000000000000e+00
1.000000000000000000e+00
1.000000000000000000e+00
0.000000000000000000e+00
0.000000000000000000e+00
0.000000000000000000e+00
0.000000000000000000e+00
0.000000000000000000e+00
0.000000000000000000e+00
0.000000000000000000e+00
0.000000000000000000e+00
0.000000000000000000e+00
0.000000000000000000e+00
0.000000000000000000e+00
0.000000000000000000e+00
0.000000000000000000e+00
0.000000000000000000e+00
0.000000000000000000e+00
0.000000000000000000e+00
0.000000000000000000e+00
0.000000000000000000e+00
0.000000000000000000e+00
0.000000000000000000e+00
0.000000000000000000e+00
0.000000000000000000e+00
0.000000000000000000e+00
0.000000000000000000e+00
0.000000000000000000e+00
0.000000000000000000e+00
0.000000000000000000e+00
0.000000000000000000e+00
0.000000000000000000e+00
0.000000000000000000e+00
0.000000000000000000e+00
0.000000000000000000e+00
0.000000000000000000e+00
0.000000000000000000e+00
0.000000000000000000e+00
0.000000000000000000e+00
0.000000000000000000e+00
0.000000000000000000e+00
0.000000000000000000e+00
0.000000000000000000e+00
0.000000000000000000e+00
0.000000000000000000e+00
0.000000000000000000e+00
0.000000000000000000e+00
0.000000000000000000e+00
0.000000000000000000e+00
0.000000000000000000e+00
0.000000000000000000e+00
0.000000000000000000e+00
0.000000000000000000e+00
