-1.000000000000000000e+00
3.528949916362762451e-01
3.981274664402008057e-01
4.141040742397308350e-01
3.854128122329711914e-01
3.482013940811157227e-01
4.083109200000762939e-01
4.326774775981903076e-01
4.459681212902069092e-01
4.538705945014953613e-01
3.629646301269531250e-01
3.481249213218688965e-01
3.408852219581604004e-01
3.341127038002014160e-01
3.251985013484954834e-01
3.312151134014129639e-01
3.524891138076782227e-01
3.621647655963897705e-01
2.965696454048156738e-01
3.095587790012359619e-01
3.376888334751129150e-01
3.591116666793823242e-01
7.499135136604309082e-01
7.071763873100280762e-01
6.429876685142517090e-01
6.016484498977661133e-01
5.653582215309143066e-01
5.052353143692016602e-01
4.088550806045532227e-01
3.487347364425659180e-01
2.976949512958526611e-01
5.038560032844543457e-01
3.892867267131805420e-01
3.202739953994750977e-01
2.610341608524322510e-01
5.340622067451477051e-01
4.913007020950317383e-01
5.485643148422241211e-01
5.915883183479309082e-01
5.807999372482299805e-01
5.488901138305664062e-01
5.720254182815551758e-01
5.944782495498657227e-01
1.000000000000000000e+00
1.000000000000000000e+00
1.000000000000000000e+00
0.000000000000000000e+00
0.000000000000000000e+00
0.000000000000000000e+00
0.000000000000000000e+00
0.000000000000000000e+00
0.000000000000000000e+00
0.000000000000000000e+00
0.000000000000000000e+00
0.000000000000000000e+00
0.000000000000000000e+00
0.000000000000000000e+00
0.000000000000000000e+00
0.000000000000000000e+00
0.000000000000000000e+00
0.000000000000000000e+00
0.000000000000000000e+00
0.000000000000000000e+00
0.000000000000000000e+00
0.000000000000000000e+00
0.000000000000000000e+00
0.000000000000000000e+00
0.000000000000000000e+00
0.000000000000000000e+00
0.000000000000000000e+00
0.000000000000000000e+00
0.000000000000000000e+00
0.000000000000000000e+00
0.000000000000000000e+00
0.000000000000000000e+00
0.000000000000000000e+00
0.000000000000000000e+00
0.000000000000000000e+00
0.000000000000000000e+00
0.000000000000000000e+00
0.000000000000000000e+00
0.000000000000000000e+00
0.000000000000000000e+00
0.000000000000000000e+00
0.000000000000000000e+00
0.000000000000000000e+00
0.000000000000000000e+00
0.000000000000000000e+00
0.000000000000000000e+00
0.000000000000000000e+00
0.000000000000000000e+00
0.000000000000000000e+00
0.000000000000000000e+00
0.000000000000000000e+00
0.000000000000000000e+00
0.000000000000000000e+00
