-1.000000000000000000e+00
0.000000000000000000e+00
1.109220850977599843e-01
2.225539864830147208e-01
2.788395413706663550e-01
3.594264399883596584e-01
4.552874701985601957e-01
6.656600699763816076e-01
8.040285556445992965e-01
9.164370919312768704e-01
4.444213546869913989e-01
6.905072238212873748e-01
8.587615922461048212e-01
1.000000000000000000e+00
3.914453548401410354e-01
4.518331679476013663e-01
3.337174526910836048e-01
2.569271775478960129e-01
3.257097195936354828e-01
3.748956839275683350e-01
3.018691732971029440e-01
2.511343587406231759e-01
1.000000000000000000e+00
1.000000000000000000e+00
1.000000000000000000e+00
0.000000000000000000e+00
0.000000000000000000e+00
0.000000000000000000e+00
0.000000000000000000e+00
0.000000000000000000e+00
0.000000000000000000e+00
0.000000000000000000e+00
0.000000000000000000e+00
0.000000000000000000e+00
0.000000000000000000e+00
0.000000000000000000e+00
0.000000000000000000e+00
0.000000000000000000e+00
0.000000000000000000e+00
0.000000000000000000e+00
0.000000000000000000e+00
0.000000000000000000e+00
0.000000000000000000e+00
0.000000000000000000e+00
0.000000000000000000e+00
0.000000000000000000e+00
0.000000000000000000e+00
0.000000000000000000e+00
0.000000000000000000e+00
0.000000000000000000e+00
0.000000000000000000e+00
0.000000000000000000e+00
0.000000000000000000e+00
0.000000000000000000e+00
