-1.000000000000000000e+00
0.000000000000000000e+00
1.292196671412970121e-01
2.679695127119106068e-01
3.250878763415820383e-01
3.917590906653077298e-01
5.035501153447915490e-01
6.975675295530071596e-01
8.210178149911423473e-01
9.254155179101504203e-01
4.944188175335201274e-01
7.244204817637087679e-01
8.751455929193482364e-01
1.000000000000000000e+00
4.437353841578038915e-01
4.958952669990293605e-01
3.621410829857109048e-01
2.849523077476753818e-01
3.787684152990078434e-01
4.067649578868430260e-01
3.087986076371947441e-01
2.510864020754428605e-01
1.000000000000000000e+00
1.000000000000000000e+00
1.000000000000000000e+00
0.000000000000000000e+00
0.000000000000000000e+00
0.000000000000000000e+00
0.000000000000000000e+00
0.000000000000000000e+00
0.000000000000000000e+00
0.000000000000000000e+00
0.000000000000000000e+00
0.000000000000000000e+00
0.000000000000000000e+00
0.000000000000000000e+00
0.000000000000000000e+00
0.000000000000000000e+00
0.000000000000000000e+00
0.000000000000000000e+00
0.000000000000000000e+00
0.000000000000000000e+00
0.000000000000000000e+00
0.000000000000000000e+00
0.000000000000000000e+00
0.000000000000000000e+00
0.000000000000000000e+00
0.000000000000000000e+00
0.000000000000000000e+00
0.000000000000000000e+00
0.000000000000000000e+00
0.000000000000000000e+00
0.000000000000000000e+00
0.000000000000000000e+00
