-1.000000000000000000e+00
0.000000000000000000e+00
1.231003356217729300e-01
2.693075529342644492e-01
3.468782698959732014e-01
4.237880573532412654e-01
5.011052717708678328e-01
6.932410818086128801e-01
8.190786715377368354e-01
9.257625321564474374e-01
4.944006042496561504e-01
7.177530972131492826e-01
8.705037254487582032e-01
1.000000000000000000e+00
4.484368961049077229e-01
5.254315468750400120e-01
3.997434094819251049e-01
3.217229860556795606e-01
3.921983136750141763e-01
4.395468831881596539e-01
3.500790768899078031e-01
2.946877572546808266e-01
1.000000000000000000e+00
1.000000000000000000e+00
1.000000000000000000e+00
0.000000000000000000e+00
0.000000000000000000e+00
0.000000000000000000e+00
0.000000000000000000e+00
0.000000000000000000e+00
0.000000000000000000e+00
0.000000000000000000e+00
0.000000000000000000e+00
0.000000000000000000e+00
0.000000000000000000e+00
0.000000000000000000e+00
0.000000000000000000e+00
0.000000000000000000e+00
0.000000000000000000e+00
0.000000000000000000e+00
0.000000000000000000e+00
0.000000000000000000e+00
0.000000000000000000e+00
0.000000000000000000e+00
0.000000000000000000e+00
0.000000000000000000e+00
0.000000000000000000e+00
0.000000000000000000e+00
0.000000000000000000e+00
0.000000000000000000e+00
0.000000000000000000e+00
0.000000000000000000e+00
0.000000000000000000e+00
0.000000000000000000e+00
