-1.000000000000000000e+00
0.000000000000000000e+00
1.150241267417844299e-01
2.857698986272728670e-01
3.939189972778822657e-01
4.730170015439044140e-01
5.013848586383555794e-01
7.000217972198692351e-01
8.188462924643543639e-01
9.270403971240751551e-01
4.886090062092151021e-01
7.275123320299270446e-01
8.770762441671962062e-01
1.000000000000000000e+00
4.333622669583072629e-01
5.231787350296871475e-01
4.252429836637637295e-01
3.581273485455497285e-01
3.595024147012384486e-01
4.123982279822518415e-01
3.609215919626998503e-01
3.225736521386831646e-01
1.000000000000000000e+00
1.000000000000000000e+00
1.000000000000000000e+00
0.000000000000000000e+00
0.000000000000000000e+00
0.000000000000000000e+00
0.000000000000000000e+00
0.000000000000000000e+00
0.000000000000000000e+00
0.000000000000000000e+00
0.000000000000000000e+00
0.000000000000000000e+00
0.000000000000000000e+00
0.000000000000000000e+00
0.000000000000000000e+00
0.000000000000000000e+00
0.000000000000000000e+00
0.000000000000000000e+00
0.000000000000000000e+00
0.000000000000000000e+00
0.000000000000000000e+00
0.000000000000000000e+00
0.000000000000000000e+00
0.000000000000000000e+00
0.000000000000000000e+00
0.000000000000000000e+00
0.000000000000000000e+00
0.000000000000000000e+00
0.000000000000000000e+00
0.000000000000000000e+00
0.000000000000000000e+00
0.000000000000000000e+00
