-1.000000000000000000e+00
0.000000000000000000e+00
1.420154313972671889e-01
3.217250324782859883e-01
4.548821064848874163e-01
4.396928208207020461e-01
5.235697472462731428e-01
7.218315896280972366e-01
8.411369129143152490e-01
9.482534912900614232e-01
5.162734550083850626e-01
7.393275631749804955e-01
8.804576396005890926e-01
1.000000000000000000e+00
4.696403617487501236e-01
5.358990029037064007e-01
4.306736827991879402e-01
3.532875513365856812e-01
3.954796038663710989e-01
3.980789127920145720e-01
3.383772369814021519e-01
2.961412187084532244e-01
1.000000000000000000e+00
1.000000000000000000e+00
1.000000000000000000e+00
0.000000000000000000e+00
0.000000000000000000e+00
0.000000000000000000e+00
0.000000000000000000e+00
0.000000000000000000e+00
0.000000000000000000e+00
0.000000000000000000e+00
0.000000000000000000e+00
0.000000000000000000e+00
0.000000000000000000e+00
0.000000000000000000e+00
0.000000000000000000e+00
0.000000000000000000e+00
0.000000000000000000e+00
0.000000000000000000e+00
0.000000000000000000e+00
0.000000000000000000e+00
0.000000000000000000e+00
0.000000000000000000e+00
0.000000000000000000e+00
0.000000000000000000e+00
0.000000000000000000e+00
0.000000000000000000e+00
0.000000000000000000e+00
0.000000000000000000e+00
0.000000000000000000e+00
0.000000000000000000e+00
0.000000000000000000e+00
0.000000000000000000e+00
