1.000000000000000000e+00
0.000000000000000000e+00
1.859741525008487273e-01
3.711432016363224173e-01
4.865574309912311657e-01
4.868840115129158264e-01
5.045560065698095897e-01
6.713662539023907971e-01
7.944769999350315137e-01
8.963955132740467624e-01
4.719057968725238195e-01
7.011693260853189003e-01
8.580359795980210258e-01
1.000000000000000000e+00
4.026860154238815492e-01
5.148291193646055142e-01
4.111117558955776352e-01
3.339899975212687888e-01
3.155219681532394627e-01
4.202803590824140123e-01
3.532439529719913485e-01
2.947028668789439809e-01
0.000000000000000000e+00
1.000000000000000000e+00
1.000000000000000000e+00
0.000000000000000000e+00
0.000000000000000000e+00
0.000000000000000000e+00
0.000000000000000000e+00
0.000000000000000000e+00
0.000000000000000000e+00
0.000000000000000000e+00
0.000000000000000000e+00
0.000000000000000000e+00
0.000000000000000000e+00
0.000000000000000000e+00
0.000000000000000000e+00
0.000000000000000000e+00
0.000000000000000000e+00
0.000000000000000000e+00
0.000000000000000000e+00
0.000000000000000000e+00
0.000000000000000000e+00
0.000000000000000000e+00
0.000000000000000000e+00
0.000000000000000000e+00
0.000000000000000000e+00
0.000000000000000000e+00
0.000000000000000000e+00
0.000000000000000000e+00
0.000000000000000000e+00
0.000000000000000000e+00
0.000000000000000000e+00
0.000000000000000000e+00
