1.000000000000000000e+00
0.000000000000000000e+00
1.849480082415666526e-01
3.696592615742227972e-01
4.834921679301099617e-01
5.307952889438442012e-01
4.909709961853263582e-01
7.047926863139383213e-01
8.452467980785246526e-01
9.625623594072308942e-01
4.468717742497699263e-01
6.971658070977123645e-01
8.588645041034290717e-01
1.000000000000000000e+00
3.779277679561637848e-01
5.687438103291044822e-01
4.953673308986694668e-01
4.214260647980984653e-01
3.065759060121927559e-01
4.738188737181958099e-01
4.246292927631645786e-01
3.576633136412745162e-01
0.000000000000000000e+00
1.000000000000000000e+00
1.000000000000000000e+00
0.000000000000000000e+00
0.000000000000000000e+00
0.000000000000000000e+00
0.000000000000000000e+00
0.000000000000000000e+00
0.000000000000000000e+00
0.000000000000000000e+00
0.000000000000000000e+00
0.000000000000000000e+00
0.000000000000000000e+00
0.000000000000000000e+00
0.000000000000000000e+00
0.000000000000000000e+00
0.000000000000000000e+00
0.000000000000000000e+00
0.000000000000000000e+00
0.000000000000000000e+00
0.000000000000000000e+00
0.000000000000000000e+00
0.000000000000000000e+00
0.000000000000000000e+00
0.000000000000000000e+00
0.000000000000000000e+00
0.000000000000000000e+00
0.000000000000000000e+00
0.000000000000000000e+00
0.000000000000000000e+00
0.000000000000000000e+00
0.000000000000000000e+00
