1.000000000000000000e+00
0.000000000000000000e+00
2.114666418291222538e-01
3.899381529808787494e-01
4.983144896535414703e-01
5.075233308374395014e-01
5.048819228098733181e-01
7.075506406689635597e-01
8.517237517291211812e-01
9.774667717942756573e-01
4.555479201347603091e-01
6.896632685358008441e-01
8.561646634793760313e-01
1.000000000000000000e+00
3.715316142750035300e-01
5.465080543295495197e-01
4.614152321223813913e-01
3.747626521606423622e-01
2.891790283102349535e-01
4.514645598345661814e-01
4.022884880986665745e-01
3.302941915312871957e-01
0.000000000000000000e+00
1.000000000000000000e+00
1.000000000000000000e+00
0.000000000000000000e+00
0.000000000000000000e+00
0.000000000000000000e+00
0.000000000000000000e+00
0.000000000000000000e+00
0.000000000000000000e+00
0.000000000000000000e+00
0.000000000000000000e+00
0.000000000000000000e+00
0.000000000000000000e+00
0.000000000000000000e+00
0.000000000000000000e+00
0.000000000000000000e+00
0.000000000000000000e+00
0.000000000000000000e+00
0.000000000000000000e+00
0.000000000000000000e+00
0.000000000000000000e+00
0.000000000000000000e+00
0.000000000000000000e+00
0.000000000000000000e+00
0.000000000000000000e+00
0.000000000000000000e+00
0.000000000000000000e+00
0.000000000000000000e+00
0.000000000000000000e+00
0.000000000000000000e+00
0.000000000000000000e+00
0.000000000000000000e+00
