1.000000000000000000e+00
0.000000000000000000e+00
2.223903450639121149e-01
4.076913293063653132e-01
5.184950781948814980e-01
4.761565114664945142e-01
5.313565639215253045e-01
7.292972996157472965e-01
8.781646744490619882e-01
1.000000000000000000e+00
4.838344339490827095e-01
7.061666029965152358e-01
8.590093911744008937e-01
9.874245087457349523e-01
4.023319313026843536e-01
5.001735283820921696e-01
4.119578043317496108e-01
3.334485271697603115e-01
2.962454662495764834e-01
3.947747477765975455e-01
3.423870547719972124e-01
2.770181393720547725e-01
1.000000000000000000e+00
1.000000000000000000e+00
1.000000000000000000e+00
0.000000000000000000e+00
0.000000000000000000e+00
0.000000000000000000e+00
0.000000000000000000e+00
0.000000000000000000e+00
0.000000000000000000e+00
0.000000000000000000e+00
0.000000000000000000e+00
0.000000000000000000e+00
0.000000000000000000e+00
0.000000000000000000e+00
0.000000000000000000e+00
0.000000000000000000e+00
0.000000000000000000e+00
0.000000000000000000e+00
0.000000000000000000e+00
0.000000000000000000e+00
0.000000000000000000e+00
0.000000000000000000e+00
0.000000000000000000e+00
0.000000000000000000e+00
0.000000000000000000e+00
0.000000000000000000e+00
0.000000000000000000e+00
0.000000000000000000e+00
0.000000000000000000e+00
0.000000000000000000e+00
0.000000000000000000e+00
0.000000000000000000e+00
