1.000000000000000000e+00
0.000000000000000000e+00
1.494095123644084699e-01
3.254295404285475479e-01
4.517364091437507390e-01
4.399674451305055634e-01
5.140018592661184105e-01
7.046566003397641831e-01
8.342442003316636878e-01
9.447767519349491439e-01
4.975208567086815692e-01
7.200148329233043709e-01
8.734598756227034411e-01
1.000000000000000000e+00
4.398239494396400384e-01
5.134614438700058070e-01
4.239829803992311574e-01
3.538467212850456289e-01
3.539753519440435592e-01
3.731851433232339921e-01
3.288432126120130472e-01
2.891853827867762461e-01
1.000000000000000000e+00
1.000000000000000000e+00
1.000000000000000000e+00
0.000000000000000000e+00
0.000000000000000000e+00
0.000000000000000000e+00
0.000000000000000000e+00
0.000000000000000000e+00
0.000000000000000000e+00
0.000000000000000000e+00
0.000000000000000000e+00
0.000000000000000000e+00
0.000000000000000000e+00
0.000000000000000000e+00
0.000000000000000000e+00
0.000000000000000000e+00
0.000000000000000000e+00
0.000000000000000000e+00
0.000000000000000000e+00
0.000000000000000000e+00
0.000000000000000000e+00
0.000000000000000000e+00
0.000000000000000000e+00
0.000000000000000000e+00
0.000000000000000000e+00
0.000000000000000000e+00
0.000000000000000000e+00
0.000000000000000000e+00
0.000000000000000000e+00
0.000000000000000000e+00
0.000000000000000000e+00
0.000000000000000000e+00
