-1.000000000000000000e+00
0.000000000000000000e+00
1.268052129219290058e-01
2.792005084513978219e-01
3.545745345652921987e-01
3.986110930759659277e-01
4.905136057164194430e-01
6.882952374938314799e-01
8.134036989717197130e-01
9.204200160756300653e-01
4.834765395446823377e-01
7.170040168051210472e-01
8.726093787993741691e-01
1.000000000000000000e+00
4.359598576191424102e-01
5.175649228070735575e-01
4.087809899983912421e-01
3.305781734088427126e-01
3.762170991691014543e-01
4.091189243869075565e-01
3.348951218929384077e-01
2.830025022030644433e-01
1.000000000000000000e+00
1.000000000000000000e+00
1.000000000000000000e+00
0.000000000000000000e+00
0.000000000000000000e+00
0.000000000000000000e+00
0.000000000000000000e+00
0.000000000000000000e+00
0.000000000000000000e+00
0.000000000000000000e+00
0.000000000000000000e+00
0.000000000000000000e+00
0.000000000000000000e+00
0.000000000000000000e+00
0.000000000000000000e+00
0.000000000000000000e+00
0.000000000000000000e+00
0.000000000000000000e+00
0.000000000000000000e+00
0.000000000000000000e+00
0.000000000000000000e+00
0.000000000000000000e+00
0.000000000000000000e+00
0.000000000000000000e+00
0.000000000000000000e+00
0.000000000000000000e+00
0.000000000000000000e+00
0.000000000000000000e+00
0.000000000000000000e+00
0.000000000000000000e+00
0.000000000000000000e+00
0.000000000000000000e+00
