-1.000000000000000000e+00
0.000000000000000000e+00
1.290997235448765879e-01
2.799308960626434306e-01
3.578517360035297079e-01
4.040616851950675215e-01
4.951491876450780372e-01
6.919952097261734547e-01
8.161597643459179707e-01
9.218881703513865933e-01
4.889361912450939651e-01
7.246035899285482307e-01
8.763832601155140400e-01
1.000000000000000000e+00
4.399462446831085560e-01
5.260291423993989079e-01
4.196339154043362552e-01
3.418042337403640052e-01
3.782832825754627315e-01
4.094565441741733758e-01
3.343368194803064686e-01
2.815792473486734560e-01
1.000000000000000000e+00
1.000000000000000000e+00
1.000000000000000000e+00
0.000000000000000000e+00
0.000000000000000000e+00
0.000000000000000000e+00
0.000000000000000000e+00
0.000000000000000000e+00
0.000000000000000000e+00
0.000000000000000000e+00
0.000000000000000000e+00
0.000000000000000000e+00
0.000000000000000000e+00
0.000000000000000000e+00
0.000000000000000000e+00
0.000000000000000000e+00
0.000000000000000000e+00
0.000000000000000000e+00
0.000000000000000000e+00
0.000000000000000000e+00
0.000000000000000000e+00
0.000000000000000000e+00
0.000000000000000000e+00
0.000000000000000000e+00
0.000000000000000000e+00
0.000000000000000000e+00
0.000000000000000000e+00
0.000000000000000000e+00
0.000000000000000000e+00
0.000000000000000000e+00
0.000000000000000000e+00
0.000000000000000000e+00
