-1.000000000000000000e+00
0.000000000000000000e+00
1.250558943811687640e-01
2.734765308620641933e-01
3.656302096664604817e-01
4.489405278620632322e-01
5.063932984895789247e-01
6.971573966388363575e-01
8.208703099961546235e-01
9.263366143493712013e-01
5.089393383357235789e-01
7.390039175173813701e-01
8.825586180963296279e-01
1.000000000000000000e+00
4.679586091341507159e-01
5.601157129315637029e-01
4.374885311784810216e-01
3.510603269061974840e-01
4.155054498814996222e-01
4.859557116651232467e-01
3.995553359569592455e-01
3.344528124027213445e-01
1.000000000000000000e+00
1.000000000000000000e+00
1.000000000000000000e+00
0.000000000000000000e+00
0.000000000000000000e+00
0.000000000000000000e+00
0.000000000000000000e+00
0.000000000000000000e+00
0.000000000000000000e+00
0.000000000000000000e+00
0.000000000000000000e+00
0.000000000000000000e+00
0.000000000000000000e+00
0.000000000000000000e+00
0.000000000000000000e+00
0.000000000000000000e+00
0.000000000000000000e+00
0.000000000000000000e+00
0.000000000000000000e+00
0.000000000000000000e+00
0.000000000000000000e+00
0.000000000000000000e+00
0.000000000000000000e+00
0.000000000000000000e+00
0.000000000000000000e+00
0.000000000000000000e+00
0.000000000000000000e+00
0.000000000000000000e+00
0.000000000000000000e+00
0.000000000000000000e+00
0.000000000000000000e+00
0.000000000000000000e+00
