-1.000000000000000000e+00
0.000000000000000000e+00
1.366643009393414543e-01
2.934562403009116638e-01
3.871234971113655110e-01
4.638479851334889603e-01
5.084235066945191894e-01
6.995980828733103785e-01
8.241710265885692221e-01
9.294346556572696816e-01
5.082370279608208197e-01
7.344359396420784281e-01
8.811885480527529291e-01
1.000000000000000000e+00
4.683627533719793568e-01
5.643058549164368110e-01
4.359286663721402832e-01
3.473374028147445669e-01
4.192807532149661620e-01
4.882260779841491871e-01
3.954384071787218624e-01
3.277275064130966697e-01
1.000000000000000000e+00
1.000000000000000000e+00
1.000000000000000000e+00
0.000000000000000000e+00
0.000000000000000000e+00
0.000000000000000000e+00
0.000000000000000000e+00
0.000000000000000000e+00
0.000000000000000000e+00
0.000000000000000000e+00
0.000000000000000000e+00
0.000000000000000000e+00
0.000000000000000000e+00
0.000000000000000000e+00
0.000000000000000000e+00
0.000000000000000000e+00
0.000000000000000000e+00
0.000000000000000000e+00
0.000000000000000000e+00
0.000000000000000000e+00
0.000000000000000000e+00
0.000000000000000000e+00
0.000000000000000000e+00
0.000000000000000000e+00
0.000000000000000000e+00
0.000000000000000000e+00
0.000000000000000000e+00
0.000000000000000000e+00
0.000000000000000000e+00
0.000000000000000000e+00
0.000000000000000000e+00
0.000000000000000000e+00
