-1.000000000000000000e+00
0.000000000000000000e+00
1.231458171295692489e-01
2.560366030621036293e-01
3.161499354455556965e-01
3.777005922104058055e-01
4.972423149698905198e-01
6.972555962066731006e-01
8.224397004446524218e-01
9.263497451673963212e-01
4.945196390743298309e-01
7.197619770862992983e-01
8.739874941285261656e-01
1.000000000000000000e+00
4.471239165576528229e-01
4.971051306753096477e-01
3.829493496116765927e-01
3.066917795681498027e-01
3.835897457183206072e-01
4.102251756564482266e-01
3.448515662436169582e-01
3.004407801937709621e-01
1.000000000000000000e+00
1.000000000000000000e+00
1.000000000000000000e+00
0.000000000000000000e+00
0.000000000000000000e+00
0.000000000000000000e+00
0.000000000000000000e+00
0.000000000000000000e+00
0.000000000000000000e+00
0.000000000000000000e+00
0.000000000000000000e+00
0.000000000000000000e+00
0.000000000000000000e+00
0.000000000000000000e+00
0.000000000000000000e+00
0.000000000000000000e+00
0.000000000000000000e+00
0.000000000000000000e+00
0.000000000000000000e+00
0.000000000000000000e+00
0.000000000000000000e+00
0.000000000000000000e+00
0.000000000000000000e+00
0.000000000000000000e+00
0.000000000000000000e+00
0.000000000000000000e+00
0.000000000000000000e+00
0.000000000000000000e+00
0.000000000000000000e+00
0.000000000000000000e+00
0.000000000000000000e+00
0.000000000000000000e+00
