-1.000000000000000000e+00
0.000000000000000000e+00
1.225603039230768881e-01
2.703249571570245924e-01
3.367710051060849308e-01
3.960945786406616653e-01
4.944742355956510127e-01
6.910553449627867550e-01
8.186380596237379237e-01
9.284046487286163885e-01
4.956172831410602386e-01
7.192268312548677489e-01
8.701721070790148227e-01
1.000000000000000000e+00
4.551751668541968998e-01
5.147859051983776357e-01
3.859780571843853259e-01
3.067168750613073480e-01
4.020254787918461359e-01
4.227937545055983071e-01
3.295596736416145367e-01
2.736744746074805112e-01
1.000000000000000000e+00
1.000000000000000000e+00
1.000000000000000000e+00
0.000000000000000000e+00
0.000000000000000000e+00
0.000000000000000000e+00
0.000000000000000000e+00
0.000000000000000000e+00
0.000000000000000000e+00
0.000000000000000000e+00
0.000000000000000000e+00
0.000000000000000000e+00
0.000000000000000000e+00
0.000000000000000000e+00
0.000000000000000000e+00
0.000000000000000000e+00
0.000000000000000000e+00
0.000000000000000000e+00
0.000000000000000000e+00
0.000000000000000000e+00
0.000000000000000000e+00
0.000000000000000000e+00
0.000000000000000000e+00
0.000000000000000000e+00
0.000000000000000000e+00
0.000000000000000000e+00
0.000000000000000000e+00
0.000000000000000000e+00
0.000000000000000000e+00
0.000000000000000000e+00
0.000000000000000000e+00
0.000000000000000000e+00
