-1.000000000000000000e+00
0.000000000000000000e+00
1.289022172206965855e-01
2.571322301541617006e-01
3.239665636415475225e-01
3.979079306781878600e-01
5.031664834261208030e-01
6.975843533892640558e-01
8.238388476546799621e-01
9.344405367488115566e-01
5.101757366677444061e-01
7.294061578687119907e-01
8.747571760483728864e-01
1.000000000000000000e+00
4.743536145052559272e-01
5.229397423322843519e-01
4.046052011970673323e-01
3.254695597715459021e-01
4.229889226845582884e-01
4.291824627350380728e-01
3.384169193310577195e-01
2.736550581468554788e-01
1.000000000000000000e+00
1.000000000000000000e+00
1.000000000000000000e+00
0.000000000000000000e+00
0.000000000000000000e+00
0.000000000000000000e+00
0.000000000000000000e+00
0.000000000000000000e+00
0.000000000000000000e+00
0.000000000000000000e+00
0.000000000000000000e+00
0.000000000000000000e+00
0.000000000000000000e+00
0.000000000000000000e+00
0.000000000000000000e+00
0.000000000000000000e+00
0.000000000000000000e+00
0.000000000000000000e+00
0.000000000000000000e+00
0.000000000000000000e+00
0.000000000000000000e+00
0.000000000000000000e+00
0.000000000000000000e+00
0.000000000000000000e+00
0.000000000000000000e+00
0.000000000000000000e+00
0.000000000000000000e+00
0.000000000000000000e+00
0.000000000000000000e+00
0.000000000000000000e+00
0.000000000000000000e+00
0.000000000000000000e+00
