-1.000000000000000000e+00
0.000000000000000000e+00
1.059758930378643660e-01
2.205160121126681638e-01
3.071720796158068922e-01
4.045219228877610651e-01
4.917863175792608343e-01
6.853605248698849683e-01
8.142690272066217538e-01
9.284370095609916218e-01
5.067256988491057879e-01
7.247416117246604506e-01
8.698138215304853649e-01
1.000000000000000000e+00
4.764547373711828238e-01
5.185514415094563123e-01
3.820958673023241436e-01
2.955754725632311342e-01
4.272795407901962550e-01
4.566347496160259589e-01
3.559659339832628167e-01
2.793986712639413561e-01
1.000000000000000000e+00
1.000000000000000000e+00
1.000000000000000000e+00
0.000000000000000000e+00
0.000000000000000000e+00
0.000000000000000000e+00
0.000000000000000000e+00
0.000000000000000000e+00
0.000000000000000000e+00
0.000000000000000000e+00
0.000000000000000000e+00
0.000000000000000000e+00
0.000000000000000000e+00
0.000000000000000000e+00
0.000000000000000000e+00
0.000000000000000000e+00
0.000000000000000000e+00
0.000000000000000000e+00
0.000000000000000000e+00
0.000000000000000000e+00
0.000000000000000000e+00
0.000000000000000000e+00
0.000000000000000000e+00
0.000000000000000000e+00
0.000000000000000000e+00
0.000000000000000000e+00
0.000000000000000000e+00
0.000000000000000000e+00
0.000000000000000000e+00
0.000000000000000000e+00
0.000000000000000000e+00
0.000000000000000000e+00
