-1.000000000000000000e+00
0.000000000000000000e+00
9.874907469942111049e-02
2.094407992142838792e-01
3.022926823875169422e-01
4.108782675086590785e-01
5.058813181976151707e-01
6.954444991721905334e-01
8.245181362844875572e-01
9.381068781052863681e-01
5.192025223802939626e-01
7.310257806042070872e-01
8.727070761056169301e-01
1.000000000000000000e+00
4.856694043999338350e-01
5.399591464829410770e-01
4.080230802667150214e-01
3.233247633076437588e-01
4.353087957169005096e-01
4.800777442542200624e-01
3.824577657683972398e-01
3.054444732485270819e-01
1.000000000000000000e+00
1.000000000000000000e+00
1.000000000000000000e+00
0.000000000000000000e+00
0.000000000000000000e+00
0.000000000000000000e+00
0.000000000000000000e+00
0.000000000000000000e+00
0.000000000000000000e+00
0.000000000000000000e+00
0.000000000000000000e+00
0.000000000000000000e+00
0.000000000000000000e+00
0.000000000000000000e+00
0.000000000000000000e+00
0.000000000000000000e+00
0.000000000000000000e+00
0.000000000000000000e+00
0.000000000000000000e+00
0.000000000000000000e+00
0.000000000000000000e+00
0.000000000000000000e+00
0.000000000000000000e+00
0.000000000000000000e+00
0.000000000000000000e+00
0.000000000000000000e+00
0.000000000000000000e+00
0.000000000000000000e+00
0.000000000000000000e+00
0.000000000000000000e+00
0.000000000000000000e+00
0.000000000000000000e+00
