-1.000000000000000000e+00
0.000000000000000000e+00
9.647301280133752099e-02
2.258741249742285406e-01
3.440972429807270250e-01
4.624178287645999696e-01
5.124218249007261861e-01
7.001690900171122500e-01
8.302010330245230829e-01
9.458601011644374168e-01
5.195335072384906772e-01
7.339243189223184638e-01
8.762790001376598026e-01
1.000000000000000000e+00
4.834990204180489304e-01
5.617991500070471655e-01
4.324860097117441127e-01
3.482561427294036949e-01
4.345975107198577492e-01
4.978066843498737404e-01
4.039076408988920841e-01
3.307835038393339699e-01
1.000000000000000000e+00
1.000000000000000000e+00
1.000000000000000000e+00
0.000000000000000000e+00
0.000000000000000000e+00
0.000000000000000000e+00
0.000000000000000000e+00
0.000000000000000000e+00
0.000000000000000000e+00
0.000000000000000000e+00
0.000000000000000000e+00
0.000000000000000000e+00
0.000000000000000000e+00
0.000000000000000000e+00
0.000000000000000000e+00
0.000000000000000000e+00
0.000000000000000000e+00
0.000000000000000000e+00
0.000000000000000000e+00
0.000000000000000000e+00
0.000000000000000000e+00
0.000000000000000000e+00
0.000000000000000000e+00
0.000000000000000000e+00
0.000000000000000000e+00
0.000000000000000000e+00
0.000000000000000000e+00
0.000000000000000000e+00
0.000000000000000000e+00
0.000000000000000000e+00
0.000000000000000000e+00
0.000000000000000000e+00
