-1.000000000000000000e+00
2.740173637866973877e-01
3.555826246738433838e-01
4.162135124206542969e-01
4.498615264892578125e-01
4.488277435302734375e-01
3.869063556194305420e-01
4.025397896766662598e-01
4.022744894027709961e-01
3.984109163284301758e-01
3.430364727973937988e-01
3.576951026916503906e-01
3.610263168811798096e-01
3.620779216289520264e-01
2.982236146926879883e-01
3.090747594833374023e-01
3.153925836086273193e-01
3.197815120220184326e-01
2.510524988174438477e-01
2.567368149757385254e-01
2.644838690757751465e-01
2.731930911540985107e-01
7.593762874603271484e-01
7.248752117156982422e-01
6.445804238319396973e-01
5.595372319221496582e-01
4.857583642005920410e-01
4.940115511417388916e-01
3.854706585407257080e-01
3.146077692508697510e-01
2.480852007865905762e-01
4.710448384284973145e-01
3.473384976387023926e-01
2.647991776466369629e-01
1.910614371299743652e-01
4.740798473358154297e-01
3.583735823631286621e-01
2.835932374000549316e-01
2.177975773811340332e-01
4.965399205684661865e-01
4.060719609260559082e-01
3.463984429836273193e-01
2.909464240074157715e-01
1.000000000000000000e+00
1.000000000000000000e+00
1.000000000000000000e+00
1.000000000000000000e+00
1.000000000000000000e+00
0.000000000000000000e+00
0.000000000000000000e+00
0.000000000000000000e+00
0.000000000000000000e+00
0.000000000000000000e+00
0.000000000000000000e+00
0.000000000000000000e+00
0.000000000000000000e+00
0.000000000000000000e+00
0.000000000000000000e+00
0.000000000000000000e+00
0.000000000000000000e+00
0.000000000000000000e+00
0.000000000000000000e+00
0.000000000000000000e+00
0.000000000000000000e+00
0.000000000000000000e+00
0.000000000000000000e+00
0.000000000000000000e+00
0.000000000000000000e+00
0.000000000000000000e+00
0.000000000000000000e+00
0.000000000000000000e+00
0.000000000000000000e+00
0.000000000000000000e+00
0.000000000000000000e+00
0.000000000000000000e+00
0.000000000000000000e+00
0.000000000000000000e+00
0.000000000000000000e+00
0.000000000000000000e+00
0.000000000000000000e+00
0.000000000000000000e+00
0.000000000000000000e+00
0.000000000000000000e+00
0.000000000000000000e+00
0.000000000000000000e+00
0.000000000000000000e+00
0.000000000000000000e+00
0.000000000000000000e+00
0.000000000000000000e+00
0.000000000000000000e+00
0.000000000000000000e+00
0.000000000000000000e+00
0.000000000000000000e+00
0.000000000000000000e+00
0.000000000000000000e+00
0.000000000000000000e+00
