-1.000000000000000000e+00
2.724856734275817871e-01
3.536850810050964355e-01
4.154845476150512695e-01
4.494374990463256836e-01
4.462070465087890625e-01
3.851127922534942627e-01
4.016166329383850098e-01
4.017730355262756348e-01
3.981700539588928223e-01
3.406661748886108398e-01
3.562892675399780273e-01
3.602387905120849609e-01
3.613809943199157715e-01
2.953881621360778809e-01
3.065367043018341064e-01
3.136914968490600586e-01
3.184470534324645996e-01
2.476181983947753906e-01
2.534355223178863525e-01
2.618687748908996582e-01
2.711430490016937256e-01
7.679504156112670898e-01
7.306720018386840820e-01
6.466715931892395020e-01
5.580641031265258789e-01
4.834258854389190674e-01
4.956153929233551025e-01
3.868932723999023438e-01
3.158193230628967285e-01
2.478728592395782471e-01
4.720077514648437500e-01
3.479398488998413086e-01
2.646665275096893311e-01
1.899456679821014404e-01
4.749057888984680176e-01
3.574959337711334229e-01
2.813578844070434570e-01
2.139902710914611816e-01
4.975734055042266846e-01
4.047925472259521484e-01
3.436495661735534668e-01
2.871991097927093506e-01
1.000000000000000000e+00
1.000000000000000000e+00
1.000000000000000000e+00
1.000000000000000000e+00
1.000000000000000000e+00
0.000000000000000000e+00
0.000000000000000000e+00
0.000000000000000000e+00
0.000000000000000000e+00
0.000000000000000000e+00
0.000000000000000000e+00
0.000000000000000000e+00
0.000000000000000000e+00
0.000000000000000000e+00
0.000000000000000000e+00
0.000000000000000000e+00
0.000000000000000000e+00
0.000000000000000000e+00
0.000000000000000000e+00
0.000000000000000000e+00
0.000000000000000000e+00
0.000000000000000000e+00
0.000000000000000000e+00
0.000000000000000000e+00
0.000000000000000000e+00
0.000000000000000000e+00
0.000000000000000000e+00
0.000000000000000000e+00
0.000000000000000000e+00
0.000000000000000000e+00
0.000000000000000000e+00
0.000000000000000000e+00
0.000000000000000000e+00
0.000000000000000000e+00
0.000000000000000000e+00
0.000000000000000000e+00
0.000000000000000000e+00
0.000000000000000000e+00
0.000000000000000000e+00
0.000000000000000000e+00
0.000000000000000000e+00
0.000000000000000000e+00
0.000000000000000000e+00
0.000000000000000000e+00
0.000000000000000000e+00
0.000000000000000000e+00
0.000000000000000000e+00
0.000000000000000000e+00
0.000000000000000000e+00
0.000000000000000000e+00
0.000000000000000000e+00
0.000000000000000000e+00
0.000000000000000000e+00
