-1.000000000000000000e+00
2.604292631149291992e-01
3.463593423366546631e-01
4.083824455738067627e-01
4.416435956954956055e-01
4.394133687019348145e-01
3.766022920608520508e-01
3.941773474216461182e-01
3.947840929031372070e-01
3.913351297378540039e-01
3.313375115394592285e-01
3.478331267833709717e-01
3.525125086307525635e-01
3.542626202106475830e-01
2.849250435829162598e-01
2.988620400428771973e-01
3.067335784435272217e-01
3.125512599945068359e-01
2.364908307790756226e-01
2.443478107452392578e-01
2.532768249511718750e-01
2.632469534873962402e-01
7.569277286529541016e-01
7.207449674606323242e-01
6.425808072090148926e-01
5.556704998016357422e-01
4.763525128364562988e-01
4.874739646911621094e-01
3.749339580535888672e-01
3.009397983551025391e-01
2.304424941539764404e-01
4.631059467792510986e-01
3.361824154853820801e-01
2.504465579986572266e-01
1.749302446842193604e-01
4.655216932296752930e-01
3.455640077590942383e-01
2.688139677047729492e-01
2.030192017555236816e-01
4.872961342334747314e-01
3.946294784545898438e-01
3.319913744926452637e-01
2.749383449554443359e-01
1.000000000000000000e+00
1.000000000000000000e+00
1.000000000000000000e+00
1.000000000000000000e+00
1.000000000000000000e+00
0.000000000000000000e+00
0.000000000000000000e+00
0.000000000000000000e+00
0.000000000000000000e+00
0.000000000000000000e+00
0.000000000000000000e+00
0.000000000000000000e+00
0.000000000000000000e+00
0.000000000000000000e+00
0.000000000000000000e+00
0.000000000000000000e+00
0.000000000000000000e+00
0.000000000000000000e+00
0.000000000000000000e+00
0.000000000000000000e+00
0.000000000000000000e+00
0.000000000000000000e+00
0.000000000000000000e+00
0.000000000000000000e+00
0.000000000000000000e+00
0.000000000000000000e+00
0.000000000000000000e+00
0.000000000000000000e+00
0.000000000000000000e+00
0.000000000000000000e+00
0.000000000000000000e+00
0.000000000000000000e+00
0.000000000000000000e+00
0.000000000000000000e+00
0.000000000000000000e+00
0.000000000000000000e+00
0.000000000000000000e+00
0.000000000000000000e+00
0.000000000000000000e+00
0.000000000000000000e+00
0.000000000000000000e+00
0.000000000000000000e+00
0.000000000000000000e+00
0.000000000000000000e+00
0.000000000000000000e+00
0.000000000000000000e+00
0.000000000000000000e+00
0.000000000000000000e+00
0.000000000000000000e+00
0.000000000000000000e+00
0.000000000000000000e+00
0.000000000000000000e+00
0.000000000000000000e+00
