-1.000000000000000000e+00
2.767913043498992920e-01
3.551827967166900635e-01
4.087662398815155029e-01
4.257338047027587891e-01
4.126537442207336426e-01
3.494099974632263184e-01
3.495564460754394531e-01
3.387987613677978516e-01
3.224013745784759521e-01
3.062159717082977295e-01
3.047212064266204834e-01
2.909478843212127686e-01
2.728437781333923340e-01
2.655566930770874023e-01
2.637425363063812256e-01
2.571879327297210693e-01
2.458570450544357300e-01
2.242166697978973389e-01
2.205981612205505371e-01
2.168971300125122070e-01
2.114859223365783691e-01
7.981761693954467773e-01
7.437578439712524414e-01
6.496691703796386719e-01
5.645348429679870605e-01
5.016485452651977539e-01
5.020753741264343262e-01
3.943366408348083496e-01
3.260884881019592285e-01
2.625338137149810791e-01
4.884349107742309570e-01
3.714501857757568359e-01
2.907111048698425293e-01
2.196042537689208984e-01
4.952404201030731201e-01
3.841471970081329346e-01
3.129344880580902100e-01
2.535007596015930176e-01
5.222060680389404297e-01
4.352225065231323242e-01
3.793799281120300293e-01
3.320880532264709473e-01
1.000000000000000000e+00
1.000000000000000000e+00
1.000000000000000000e+00
1.000000000000000000e+00
1.000000000000000000e+00
0.000000000000000000e+00
0.000000000000000000e+00
0.000000000000000000e+00
0.000000000000000000e+00
0.000000000000000000e+00
0.000000000000000000e+00
0.000000000000000000e+00
0.000000000000000000e+00
0.000000000000000000e+00
0.000000000000000000e+00
0.000000000000000000e+00
0.000000000000000000e+00
0.000000000000000000e+00
0.000000000000000000e+00
0.000000000000000000e+00
0.000000000000000000e+00
0.000000000000000000e+00
0.000000000000000000e+00
0.000000000000000000e+00
0.000000000000000000e+00
0.000000000000000000e+00
0.000000000000000000e+00
0.000000000000000000e+00
0.000000000000000000e+00
0.000000000000000000e+00
0.000000000000000000e+00
0.000000000000000000e+00
0.000000000000000000e+00
0.000000000000000000e+00
0.000000000000000000e+00
0.000000000000000000e+00
0.000000000000000000e+00
0.000000000000000000e+00
0.000000000000000000e+00
0.000000000000000000e+00
0.000000000000000000e+00
0.000000000000000000e+00
0.000000000000000000e+00
0.000000000000000000e+00
0.000000000000000000e+00
0.000000000000000000e+00
0.000000000000000000e+00
0.000000000000000000e+00
0.000000000000000000e+00
0.000000000000000000e+00
0.000000000000000000e+00
0.000000000000000000e+00
0.000000000000000000e+00
