-1.000000000000000000e+00
3.580667972564697266e-01
4.339511394500732422e-01
4.934183061122894287e-01
5.231251716613769531e-01
5.256200432777404785e-01
4.737751483917236328e-01
4.945078790187835693e-01
4.995638132095336914e-01
5.013711452484130859e-01
4.359872937202453613e-01
4.569050669670104980e-01
4.642983675003051758e-01
4.677211046218872070e-01
3.969376981258392334e-01
4.156855046749114990e-01
4.257005155086517334e-01
4.319368600845336914e-01
3.531830608844757080e-01
3.657782673835754395e-01
3.777108192443847656e-01
3.883381485939025879e-01
8.712264895439147949e-01
8.420788049697875977e-01
7.709662318229675293e-01
6.928273439407348633e-01
6.276403665542602539e-01
6.345680356025695801e-01
5.400761365890502930e-01
4.810211062431335449e-01
4.250434637069702148e-01
6.119902133941650391e-01
5.051234960556030273e-01
4.350289404392242432e-01
3.713966310024261475e-01
6.100462675094604492e-01
5.087904930114746094e-01
4.455141425132751465e-01
3.885682821273803711e-01
6.247981190681457520e-01
5.464673638343811035e-01
4.979890882968902588e-01
4.528565406799316406e-01
0.000000000000000000e+00
1.000000000000000000e+00
1.000000000000000000e+00
1.000000000000000000e+00
1.000000000000000000e+00
0.000000000000000000e+00
0.000000000000000000e+00
0.000000000000000000e+00
0.000000000000000000e+00
0.000000000000000000e+00
0.000000000000000000e+00
0.000000000000000000e+00
0.000000000000000000e+00
0.000000000000000000e+00
0.000000000000000000e+00
0.000000000000000000e+00
0.000000000000000000e+00
0.000000000000000000e+00
0.000000000000000000e+00
0.000000000000000000e+00
0.000000000000000000e+00
0.000000000000000000e+00
0.000000000000000000e+00
0.000000000000000000e+00
0.000000000000000000e+00
0.000000000000000000e+00
0.000000000000000000e+00
0.000000000000000000e+00
0.000000000000000000e+00
0.000000000000000000e+00
0.000000000000000000e+00
0.000000000000000000e+00
0.000000000000000000e+00
0.000000000000000000e+00
0.000000000000000000e+00
0.000000000000000000e+00
0.000000000000000000e+00
0.000000000000000000e+00
0.000000000000000000e+00
0.000000000000000000e+00
0.000000000000000000e+00
0.000000000000000000e+00
0.000000000000000000e+00
0.000000000000000000e+00
0.000000000000000000e+00
0.000000000000000000e+00
0.000000000000000000e+00
0.000000000000000000e+00
0.000000000000000000e+00
0.000000000000000000e+00
0.000000000000000000e+00
0.000000000000000000e+00
0.000000000000000000e+00
