-1.000000000000000000e+00
4.449233412742614746e-01
5.256938338279724121e-01
5.791111588478088379e-01
6.051000356674194336e-01
6.038981676101684570e-01
5.506459474563598633e-01
5.640491843223571777e-01
5.647150278091430664e-01
5.624152421951293945e-01
5.102125406265258789e-01
5.244956612586975098e-01
5.282850265502929688e-01
5.291973948478698730e-01
4.690000712871551514e-01
4.804916083812713623e-01
4.872193038463592529e-01
4.916024804115295410e-01
4.261424243450164795e-01
4.341287910938262939e-01
4.430250823497772217e-01
4.522607624530792236e-01
7.764589190483093262e-01
7.465323209762573242e-01
6.718130111694335938e-01
5.904818177223205566e-01
5.201302170753479004e-01
5.323423743247985840e-01
4.338295459747314453e-01
3.689034581184387207e-01
3.068102002143859863e-01
5.129953622817993164e-01
4.015257954597473145e-01
3.247051537036895752e-01
2.563357055187225342e-01
5.178140401840209961e-01
4.133348464965820312e-01
3.415694236755371094e-01
2.777064740657806396e-01
5.392444133758544922e-01
4.552500247955322266e-01
3.995258808135986328e-01
3.477402031421661377e-01
1.000000000000000000e+00
1.000000000000000000e+00
1.000000000000000000e+00
1.000000000000000000e+00
1.000000000000000000e+00
0.000000000000000000e+00
0.000000000000000000e+00
0.000000000000000000e+00
0.000000000000000000e+00
0.000000000000000000e+00
0.000000000000000000e+00
0.000000000000000000e+00
0.000000000000000000e+00
0.000000000000000000e+00
0.000000000000000000e+00
0.000000000000000000e+00
0.000000000000000000e+00
0.000000000000000000e+00
0.000000000000000000e+00
0.000000000000000000e+00
0.000000000000000000e+00
0.000000000000000000e+00
0.000000000000000000e+00
0.000000000000000000e+00
0.000000000000000000e+00
0.000000000000000000e+00
0.000000000000000000e+00
0.000000000000000000e+00
0.000000000000000000e+00
0.000000000000000000e+00
0.000000000000000000e+00
0.000000000000000000e+00
0.000000000000000000e+00
0.000000000000000000e+00
0.000000000000000000e+00
0.000000000000000000e+00
0.000000000000000000e+00
0.000000000000000000e+00
0.000000000000000000e+00
0.000000000000000000e+00
0.000000000000000000e+00
0.000000000000000000e+00
0.000000000000000000e+00
0.000000000000000000e+00
0.000000000000000000e+00
0.000000000000000000e+00
0.000000000000000000e+00
0.000000000000000000e+00
0.000000000000000000e+00
0.000000000000000000e+00
0.000000000000000000e+00
0.000000000000000000e+00
0.000000000000000000e+00
