-1.000000000000000000e+00
4.460790753364562988e-01
5.244987010955810547e-01
5.783764123916625977e-01
6.039602160453796387e-01
6.054521799087524414e-01
5.501844286918640137e-01
5.631409883499145508e-01
5.639677047729492188e-01
5.620934367179870605e-01
5.097086429595947266e-01
5.231351256370544434e-01
5.269582271575927734e-01
5.276215672492980957e-01
4.691598415374755859e-01
4.796837866306304932e-01
4.859311878681182861e-01
4.895769357681274414e-01
4.272062778472900391e-01
4.345654845237731934e-01
4.434235095977783203e-01
4.520243704319000244e-01
7.786387801170349121e-01
7.478693723678588867e-01
6.724718809127807617e-01
5.915440917015075684e-01
5.218719840049743652e-01
5.340821743011474609e-01
4.339488744735717773e-01
3.694475293159484863e-01
3.084420561790466309e-01
5.166092514991760254e-01
4.036933183670043945e-01
3.286637961864471436e-01
2.623307406902313232e-01
5.221464037895202637e-01
4.166474044322967529e-01
3.465946614742279053e-01
2.844973206520080566e-01
5.433664321899414062e-01
4.589535593986511230e-01
4.043228328227996826e-01
3.534697592258453369e-01
0.000000000000000000e+00
1.000000000000000000e+00
1.000000000000000000e+00
1.000000000000000000e+00
1.000000000000000000e+00
0.000000000000000000e+00
0.000000000000000000e+00
0.000000000000000000e+00
0.000000000000000000e+00
0.000000000000000000e+00
0.000000000000000000e+00
0.000000000000000000e+00
0.000000000000000000e+00
0.000000000000000000e+00
0.000000000000000000e+00
0.000000000000000000e+00
0.000000000000000000e+00
0.000000000000000000e+00
0.000000000000000000e+00
0.000000000000000000e+00
0.000000000000000000e+00
0.000000000000000000e+00
0.000000000000000000e+00
0.000000000000000000e+00
0.000000000000000000e+00
0.000000000000000000e+00
0.000000000000000000e+00
0.000000000000000000e+00
0.000000000000000000e+00
0.000000000000000000e+00
0.000000000000000000e+00
0.000000000000000000e+00
0.000000000000000000e+00
0.000000000000000000e+00
0.000000000000000000e+00
0.000000000000000000e+00
0.000000000000000000e+00
0.000000000000000000e+00
0.000000000000000000e+00
0.000000000000000000e+00
0.000000000000000000e+00
0.000000000000000000e+00
0.000000000000000000e+00
0.000000000000000000e+00
0.000000000000000000e+00
0.000000000000000000e+00
0.000000000000000000e+00
0.000000000000000000e+00
0.000000000000000000e+00
0.000000000000000000e+00
0.000000000000000000e+00
0.000000000000000000e+00
0.000000000000000000e+00
