-1.000000000000000000e+00
4.457409977912902832e-01
5.195297598838806152e-01
5.713089704513549805e-01
5.954165458679199219e-01
5.924699306488037109e-01
5.432004332542419434e-01
5.571355223655700684e-01
5.595436096191406250e-01
5.597355365753173828e-01
5.072778463363647461e-01
5.210497975349426270e-01
5.262351036071777344e-01
5.288473367691040039e-01
4.713014662265777588e-01
4.824727475643157959e-01
4.901214540004730225e-01
4.956169128417968750e-01
4.329262673854827881e-01
4.409881830215454102e-01
4.499714672565460205e-01
4.585283398628234863e-01
7.556913495063781738e-01
7.294873595237731934e-01
6.613856554031372070e-01
5.859623551368713379e-01
5.243654847145080566e-01
5.368284583091735840e-01
4.490071535110473633e-01
3.917704820632934570e-01
3.375355303287506104e-01
5.196768641471862793e-01
4.207454323768615723e-01
3.538060784339904785e-01
2.946292757987976074e-01
5.223895311355590820e-01
4.296187758445739746e-01
3.670188486576080322e-01
3.115579485893249512e-01
5.395999550819396973e-01
4.650448858737945557e-01
4.165041744709014893e-01
3.715477287769317627e-01
1.000000000000000000e+00
1.000000000000000000e+00
1.000000000000000000e+00
1.000000000000000000e+00
1.000000000000000000e+00
0.000000000000000000e+00
0.000000000000000000e+00
0.000000000000000000e+00
0.000000000000000000e+00
0.000000000000000000e+00
0.000000000000000000e+00
0.000000000000000000e+00
0.000000000000000000e+00
0.000000000000000000e+00
0.000000000000000000e+00
0.000000000000000000e+00
0.000000000000000000e+00
0.000000000000000000e+00
0.000000000000000000e+00
0.000000000000000000e+00
0.000000000000000000e+00
0.000000000000000000e+00
0.000000000000000000e+00
0.000000000000000000e+00
0.000000000000000000e+00
0.000000000000000000e+00
0.000000000000000000e+00
0.000000000000000000e+00
0.000000000000000000e+00
0.000000000000000000e+00
0.000000000000000000e+00
0.000000000000000000e+00
0.000000000000000000e+00
0.000000000000000000e+00
0.000000000000000000e+00
0.000000000000000000e+00
0.000000000000000000e+00
0.000000000000000000e+00
0.000000000000000000e+00
0.000000000000000000e+00
0.000000000000000000e+00
0.000000000000000000e+00
0.000000000000000000e+00
0.000000000000000000e+00
0.000000000000000000e+00
0.000000000000000000e+00
0.000000000000000000e+00
0.000000000000000000e+00
0.000000000000000000e+00
0.000000000000000000e+00
0.000000000000000000e+00
0.000000000000000000e+00
0.000000000000000000e+00
