-1.000000000000000000e+00
4.319780170917510986e-01
5.159068107604980469e-01
5.738096833229064941e-01
6.027555465698242188e-01
5.986948609352111816e-01
5.412859916687011719e-01
5.582277774810791016e-01
5.590581893920898438e-01
5.554186701774597168e-01
4.998678565025329590e-01
5.147688388824462891e-01
5.195558071136474609e-01
5.211646556854248047e-01
4.570097625255584717e-01
4.678414165973663330e-01
4.756520986557006836e-01
4.815485775470733643e-01
4.101702570915222168e-01
4.195863008499145508e-01
4.290048182010650635e-01
4.395330846309661865e-01
7.618851661682128906e-01
7.389314174652099609e-01
6.610727906227111816e-01
5.741500854492187500e-01
5.054367780685424805e-01
5.217857956886291504e-01
4.116850495338439941e-01
3.419591188430786133e-01
2.807347476482391357e-01
4.975600540637969971e-01
3.771640658378601074e-01
2.958525121212005615e-01
2.285952866077423096e-01
4.967185258865356445e-01
3.806132078170776367e-01
3.069542050361633301e-01
2.450896799564361572e-01
5.146732926368713379e-01
4.259490072727203369e-01
3.713207840919494629e-01
3.236140608787536621e-01
1.000000000000000000e+00
1.000000000000000000e+00
1.000000000000000000e+00
1.000000000000000000e+00
1.000000000000000000e+00
0.000000000000000000e+00
0.000000000000000000e+00
0.000000000000000000e+00
0.000000000000000000e+00
0.000000000000000000e+00
0.000000000000000000e+00
0.000000000000000000e+00
0.000000000000000000e+00
0.000000000000000000e+00
0.000000000000000000e+00
0.000000000000000000e+00
0.000000000000000000e+00
0.000000000000000000e+00
0.000000000000000000e+00
0.000000000000000000e+00
0.000000000000000000e+00
0.000000000000000000e+00
0.000000000000000000e+00
0.000000000000000000e+00
0.000000000000000000e+00
0.000000000000000000e+00
0.000000000000000000e+00
0.000000000000000000e+00
0.000000000000000000e+00
0.000000000000000000e+00
0.000000000000000000e+00
0.000000000000000000e+00
0.000000000000000000e+00
0.000000000000000000e+00
0.000000000000000000e+00
0.000000000000000000e+00
0.000000000000000000e+00
0.000000000000000000e+00
0.000000000000000000e+00
0.000000000000000000e+00
0.000000000000000000e+00
0.000000000000000000e+00
0.000000000000000000e+00
0.000000000000000000e+00
0.000000000000000000e+00
0.000000000000000000e+00
0.000000000000000000e+00
0.000000000000000000e+00
0.000000000000000000e+00
0.000000000000000000e+00
0.000000000000000000e+00
0.000000000000000000e+00
0.000000000000000000e+00
