-1.000000000000000000e+00
3.375755548477172852e-01
4.151562452316284180e-01
4.737269282341003418e-01
5.029595494270324707e-01
5.080044269561767578e-01
4.517447948455810547e-01
4.695863127708435059e-01
4.733773767948150635e-01
4.728980958461761475e-01
4.115265607833862305e-01
4.303269386291503906e-01
4.377941489219665527e-01
4.405196309089660645e-01
3.703434467315673828e-01
3.861411213874816895e-01
3.962782025337219238e-01
4.032826423645019531e-01
3.245688676834106445e-01
3.342514038085937500e-01
3.449650406837463379e-01
3.549879193305969238e-01
8.414554595947265625e-01
8.129426836967468262e-01
7.349307537078857422e-01
6.536843180656433105e-01
5.884729623794555664e-01
5.956004858016967773e-01
4.938552975654602051e-01
4.306769371032714844e-01
3.730511665344238281e-01
5.725054740905761719e-01
4.581148624420166016e-01
3.855491280555725098e-01
3.228591084480285645e-01
5.719953775405883789e-01
4.629153311252593994e-01
3.968332111835479736e-01
3.388101756572723389e-01
5.899155735969543457e-01
5.042505264282226562e-01
4.518183469772338867e-01
4.046820700168609619e-01
0.000000000000000000e+00
1.000000000000000000e+00
1.000000000000000000e+00
1.000000000000000000e+00
1.000000000000000000e+00
0.000000000000000000e+00
0.000000000000000000e+00
0.000000000000000000e+00
0.000000000000000000e+00
0.000000000000000000e+00
0.000000000000000000e+00
0.000000000000000000e+00
0.000000000000000000e+00
0.000000000000000000e+00
0.000000000000000000e+00
0.000000000000000000e+00
0.000000000000000000e+00
0.000000000000000000e+00
0.000000000000000000e+00
0.000000000000000000e+00
0.000000000000000000e+00
0.000000000000000000e+00
0.000000000000000000e+00
0.000000000000000000e+00
0.000000000000000000e+00
0.000000000000000000e+00
0.000000000000000000e+00
0.000000000000000000e+00
0.000000000000000000e+00
0.000000000000000000e+00
0.000000000000000000e+00
0.000000000000000000e+00
0.000000000000000000e+00
0.000000000000000000e+00
0.000000000000000000e+00
0.000000000000000000e+00
0.000000000000000000e+00
0.000000000000000000e+00
0.000000000000000000e+00
0.000000000000000000e+00
0.000000000000000000e+00
0.000000000000000000e+00
0.000000000000000000e+00
0.000000000000000000e+00
0.000000000000000000e+00
0.000000000000000000e+00
0.000000000000000000e+00
0.000000000000000000e+00
0.000000000000000000e+00
0.000000000000000000e+00
0.000000000000000000e+00
0.000000000000000000e+00
0.000000000000000000e+00
