-1.000000000000000000e+00
5.209591984748840332e-01
5.326115489006042480e-01
5.579447150230407715e-01
5.657275319099426270e-01
5.610634088516235352e-01
6.157953143119812012e-01
6.832360625267028809e-01
7.241164445877075195e-01
7.385590076446533203e-01
6.445500254631042480e-01
7.346653938293457031e-01
7.820580005645751953e-01
7.963181138038635254e-01
6.627205610275268555e-01
7.460148930549621582e-01
7.835794687271118164e-01
7.955181598663330078e-01
6.740379333496093750e-01
7.342872619628906250e-01
7.677727341651916504e-01
7.862014174461364746e-01
7.668358087539672852e-01
6.663965582847595215e-01
5.799151659011840820e-01
5.210607647895812988e-01
4.821887612342834473e-01
5.514287948608398438e-01
4.574688971042633057e-01
4.619185924530029297e-01
4.911523461341857910e-01
5.958958268165588379e-01
5.289760828018188477e-01
5.327650904655456543e-01
5.592079162597656250e-01
6.570185422897338867e-01
6.051551699638366699e-01
6.120396852493286133e-01
6.331583857536315918e-01
7.306912541389465332e-01
7.319641113281250000e-01
7.366999983787536621e-01
7.437815666198730469e-01
1.000000000000000000e+00
0.000000000000000000e+00
0.000000000000000000e+00
0.000000000000000000e+00
0.000000000000000000e+00
0.000000000000000000e+00
0.000000000000000000e+00
0.000000000000000000e+00
0.000000000000000000e+00
0.000000000000000000e+00
0.000000000000000000e+00
0.000000000000000000e+00
0.000000000000000000e+00
0.000000000000000000e+00
0.000000000000000000e+00
0.000000000000000000e+00
0.000000000000000000e+00
0.000000000000000000e+00
0.000000000000000000e+00
0.000000000000000000e+00
0.000000000000000000e+00
0.000000000000000000e+00
0.000000000000000000e+00
0.000000000000000000e+00
0.000000000000000000e+00
0.000000000000000000e+00
0.000000000000000000e+00
0.000000000000000000e+00
0.000000000000000000e+00
0.000000000000000000e+00
0.000000000000000000e+00
0.000000000000000000e+00
0.000000000000000000e+00
0.000000000000000000e+00
0.000000000000000000e+00
0.000000000000000000e+00
0.000000000000000000e+00
0.000000000000000000e+00
0.000000000000000000e+00
0.000000000000000000e+00
0.000000000000000000e+00
0.000000000000000000e+00
0.000000000000000000e+00
0.000000000000000000e+00
0.000000000000000000e+00
0.000000000000000000e+00
0.000000000000000000e+00
0.000000000000000000e+00
0.000000000000000000e+00
0.000000000000000000e+00
0.000000000000000000e+00
0.000000000000000000e+00
0.000000000000000000e+00
