-1.000000000000000000e+00
5.215045213699340820e-01
5.461700558662414551e-01
5.923399329185485840e-01
6.396841406822204590e-01
6.850309967994689941e-01
6.074571609497070312e-01
6.823823451995849609e-01
7.349483966827392578e-01
7.500634193420410156e-01
6.247507929801940918e-01
7.261096835136413574e-01
7.783390879631042480e-01
7.902206182479858398e-01
6.363379955291748047e-01
7.350940704345703125e-01
7.778900861740112305e-01
7.875511646270751953e-01
6.465809345245361328e-01
7.190217375755310059e-01
7.565949559211730957e-01
7.726088762283325195e-01
7.761541008949279785e-01
6.726627945899963379e-01
5.988773703575134277e-01
5.641316771507263184e-01
5.594449639320373535e-01
5.596635341644287109e-01
4.574475884437561035e-01
4.710072875022888184e-01
5.109920501708984375e-01
6.031956076622009277e-01
5.269206166267395020e-01
5.439910888671875000e-01
5.731752514839172363e-01
6.628549098968505859e-01
5.993107557296752930e-01
6.132342219352722168e-01
6.366994976997375488e-01
7.347998023033142090e-01
7.299451231956481934e-01
7.351169586181640625e-01
7.401145100593566895e-01
0.000000000000000000e+00
0.000000000000000000e+00
0.000000000000000000e+00
0.000000000000000000e+00
0.000000000000000000e+00
0.000000000000000000e+00
0.000000000000000000e+00
0.000000000000000000e+00
0.000000000000000000e+00
0.000000000000000000e+00
0.000000000000000000e+00
0.000000000000000000e+00
0.000000000000000000e+00
0.000000000000000000e+00
0.000000000000000000e+00
0.000000000000000000e+00
0.000000000000000000e+00
0.000000000000000000e+00
0.000000000000000000e+00
0.000000000000000000e+00
0.000000000000000000e+00
0.000000000000000000e+00
0.000000000000000000e+00
0.000000000000000000e+00
0.000000000000000000e+00
0.000000000000000000e+00
0.000000000000000000e+00
0.000000000000000000e+00
0.000000000000000000e+00
0.000000000000000000e+00
0.000000000000000000e+00
0.000000000000000000e+00
0.000000000000000000e+00
0.000000000000000000e+00
0.000000000000000000e+00
0.000000000000000000e+00
0.000000000000000000e+00
0.000000000000000000e+00
0.000000000000000000e+00
0.000000000000000000e+00
0.000000000000000000e+00
0.000000000000000000e+00
0.000000000000000000e+00
0.000000000000000000e+00
0.000000000000000000e+00
0.000000000000000000e+00
0.000000000000000000e+00
0.000000000000000000e+00
0.000000000000000000e+00
0.000000000000000000e+00
0.000000000000000000e+00
0.000000000000000000e+00
0.000000000000000000e+00
