-1.000000000000000000e+00
4.656968712806701660e-01
4.695193767547607422e-01
5.001712441444396973e-01
5.403674840927124023e-01
5.623086094856262207e-01
6.223793625831604004e-01
6.963943839073181152e-01
6.836658120155334473e-01
6.550635099411010742e-01
6.495996713638305664e-01
7.431792020797729492e-01
7.165724039077758789e-01
6.806546449661254883e-01
6.572532653808593750e-01
7.365815639495849609e-01
7.101601958274841309e-01
6.798913478851318359e-01
6.435887217521667480e-01
7.097257971763610840e-01
6.977972984313964844e-01
6.704575419425964355e-01
7.737416625022888184e-01
6.551564931869506836e-01
5.564383864402770996e-01
5.146493315696716309e-01
5.522496700286865234e-01
5.936598777770996094e-01
5.293358564376831055e-01
5.133197307586669922e-01
5.298377275466918945e-01
6.629098653793334961e-01
6.203575134277343750e-01
6.005845069885253906e-01
6.076197624206542969e-01
7.287330031394958496e-01
6.975430250167846680e-01
6.788951754570007324e-01
6.837425231933593750e-01
7.888577580451965332e-01
7.833734154701232910e-01
7.592368125915527344e-01
7.564378976821899414e-01
0.000000000000000000e+00
0.000000000000000000e+00
1.000000000000000000e+00
1.000000000000000000e+00
1.000000000000000000e+00
0.000000000000000000e+00
0.000000000000000000e+00
0.000000000000000000e+00
0.000000000000000000e+00
0.000000000000000000e+00
0.000000000000000000e+00
0.000000000000000000e+00
0.000000000000000000e+00
0.000000000000000000e+00
0.000000000000000000e+00
0.000000000000000000e+00
0.000000000000000000e+00
0.000000000000000000e+00
0.000000000000000000e+00
0.000000000000000000e+00
0.000000000000000000e+00
0.000000000000000000e+00
0.000000000000000000e+00
0.000000000000000000e+00
0.000000000000000000e+00
0.000000000000000000e+00
0.000000000000000000e+00
0.000000000000000000e+00
0.000000000000000000e+00
0.000000000000000000e+00
0.000000000000000000e+00
0.000000000000000000e+00
0.000000000000000000e+00
0.000000000000000000e+00
0.000000000000000000e+00
0.000000000000000000e+00
0.000000000000000000e+00
0.000000000000000000e+00
0.000000000000000000e+00
0.000000000000000000e+00
0.000000000000000000e+00
0.000000000000000000e+00
0.000000000000000000e+00
0.000000000000000000e+00
0.000000000000000000e+00
0.000000000000000000e+00
0.000000000000000000e+00
0.000000000000000000e+00
0.000000000000000000e+00
0.000000000000000000e+00
0.000000000000000000e+00
0.000000000000000000e+00
0.000000000000000000e+00
