1.000000000000000000e+00
6.171504855155944824e-01
6.240940690040588379e-01
5.944227576255798340e-01
5.702676773071289062e-01
5.584788322448730469e-01
4.740406572818756104e-01
4.025169312953948975e-01
3.541948497295379639e-01
3.092309832572937012e-01
4.519501328468322754e-01
3.670986592769622803e-01
3.158563375473022461e-01
2.669623494148254395e-01
4.506275951862335205e-01
4.212046563625335693e-01
4.764486253261566162e-01
5.055155754089355469e-01
4.593606591224670410e-01
4.344448149204254150e-01
4.765158295631408691e-01
5.008512139320373535e-01
7.837046384811401367e-01
6.751603484153747559e-01
5.707670450210571289e-01
4.862038493156433105e-01
4.131676554679870605e-01
5.752882361412048340e-01
5.348138213157653809e-01
5.158348083496093750e-01
5.014975070953369141e-01
6.281014680862426758e-01
5.841110348701477051e-01
5.511704683303833008e-01
5.203639268875122070e-01
6.930029988288879395e-01
6.792047023773193359e-01
6.948323249816894531e-01
7.013635039329528809e-01
7.599634528160095215e-01
7.478603720664978027e-01
7.491126060485839844e-01
7.484307289123535156e-01
1.000000000000000000e+00
1.000000000000000000e+00
1.000000000000000000e+00
0.000000000000000000e+00
0.000000000000000000e+00
0.000000000000000000e+00
0.000000000000000000e+00
0.000000000000000000e+00
0.000000000000000000e+00
0.000000000000000000e+00
0.000000000000000000e+00
0.000000000000000000e+00
0.000000000000000000e+00
0.000000000000000000e+00
0.000000000000000000e+00
0.000000000000000000e+00
0.000000000000000000e+00
0.000000000000000000e+00
0.000000000000000000e+00
0.000000000000000000e+00
0.000000000000000000e+00
0.000000000000000000e+00
0.000000000000000000e+00
0.000000000000000000e+00
0.000000000000000000e+00
0.000000000000000000e+00
0.000000000000000000e+00
0.000000000000000000e+00
0.000000000000000000e+00
0.000000000000000000e+00
0.000000000000000000e+00
0.000000000000000000e+00
0.000000000000000000e+00
0.000000000000000000e+00
0.000000000000000000e+00
0.000000000000000000e+00
0.000000000000000000e+00
0.000000000000000000e+00
0.000000000000000000e+00
0.000000000000000000e+00
0.000000000000000000e+00
0.000000000000000000e+00
0.000000000000000000e+00
0.000000000000000000e+00
0.000000000000000000e+00
0.000000000000000000e+00
0.000000000000000000e+00
0.000000000000000000e+00
0.000000000000000000e+00
0.000000000000000000e+00
0.000000000000000000e+00
0.000000000000000000e+00
0.000000000000000000e+00
