1.000000000000000000e+00
5.423765778541564941e-01
5.319867730140686035e-01
4.798966050148010254e-01
4.397254288196563721e-01
4.199591577053070068e-01
3.698092997074127197e-01
2.907989621162414551e-01
2.388702630996704102e-01
1.911595463752746582e-01
3.569300770759582520e-01
2.646071910858154297e-01
2.041437476873397827e-01
1.484342962503433228e-01
3.667280972003936768e-01
3.271149396896362305e-01
3.850989341735839844e-01
4.231910407543182373e-01
3.878386020660400391e-01
3.598687946796417236e-01
4.026377797126770020e-01
4.319112300872802734e-01
6.239778399467468262e-01
5.199124217033386230e-01
4.276279509067535400e-01
3.476112484931945801e-01
2.793782353401184082e-01
4.692509770393371582e-01
4.593500792980194092e-01
4.610987305641174316e-01
4.645212590694427490e-01
5.268683433532714844e-01
5.165753364562988281e-01
5.071933269500732422e-01
4.990164041519165039e-01
5.883318781852722168e-01
6.011561155319213867e-01
5.958309769630432129e-01
5.882273912429809570e-01
6.506106257438659668e-01
6.580919027328491211e-01
6.442300677299499512e-01
6.302063465118408203e-01
1.000000000000000000e+00
0.000000000000000000e+00
1.000000000000000000e+00
1.000000000000000000e+00
1.000000000000000000e+00
0.000000000000000000e+00
0.000000000000000000e+00
0.000000000000000000e+00
0.000000000000000000e+00
0.000000000000000000e+00
0.000000000000000000e+00
0.000000000000000000e+00
0.000000000000000000e+00
0.000000000000000000e+00
0.000000000000000000e+00
0.000000000000000000e+00
0.000000000000000000e+00
0.000000000000000000e+00
0.000000000000000000e+00
0.000000000000000000e+00
0.000000000000000000e+00
0.000000000000000000e+00
0.000000000000000000e+00
0.000000000000000000e+00
0.000000000000000000e+00
0.000000000000000000e+00
0.000000000000000000e+00
0.000000000000000000e+00
0.000000000000000000e+00
0.000000000000000000e+00
0.000000000000000000e+00
0.000000000000000000e+00
0.000000000000000000e+00
0.000000000000000000e+00
0.000000000000000000e+00
0.000000000000000000e+00
0.000000000000000000e+00
0.000000000000000000e+00
0.000000000000000000e+00
0.000000000000000000e+00
0.000000000000000000e+00
0.000000000000000000e+00
0.000000000000000000e+00
0.000000000000000000e+00
0.000000000000000000e+00
0.000000000000000000e+00
0.000000000000000000e+00
0.000000000000000000e+00
0.000000000000000000e+00
0.000000000000000000e+00
0.000000000000000000e+00
0.000000000000000000e+00
0.000000000000000000e+00
