-1.000000000000000000e+00
0.000000000000000000e+00
1.068609896745799370e-01
2.373702002751202356e-01
2.923644075457914049e-01
3.623012810520468974e-01
4.962373218693513777e-01
6.968390289363326495e-01
8.242405275339398374e-01
9.277170818328114299e-01
4.869568278327550681e-01
7.256524360134214424e-01
8.702759129301959051e-01
1.000000000000000000e+00
4.295845656503361476e-01
4.839258219022126717e-01
3.470327036656432051e-01
2.727816093423141575e-01
3.563334523226959760e-01
3.603124925075779639e-01
2.524908666909937982e-01
1.967559605252088561e-01
1.000000000000000000e+00
1.000000000000000000e+00
1.000000000000000000e+00
0.000000000000000000e+00
0.000000000000000000e+00
0.000000000000000000e+00
0.000000000000000000e+00
0.000000000000000000e+00
0.000000000000000000e+00
0.000000000000000000e+00
0.000000000000000000e+00
0.000000000000000000e+00
0.000000000000000000e+00
0.000000000000000000e+00
0.000000000000000000e+00
0.000000000000000000e+00
0.000000000000000000e+00
0.000000000000000000e+00
0.000000000000000000e+00
0.000000000000000000e+00
0.000000000000000000e+00
0.000000000000000000e+00
0.000000000000000000e+00
0.000000000000000000e+00
0.000000000000000000e+00
0.000000000000000000e+00
0.000000000000000000e+00
0.000000000000000000e+00
0.000000000000000000e+00
0.000000000000000000e+00
0.000000000000000000e+00
0.000000000000000000e+00
