-1.000000000000000000e+00
0.000000000000000000e+00
1.247786255296973734e-01
2.615459434889940149e-01
3.276843082217479886e-01
3.924963064908623123e-01
5.173339990945344802e-01
7.178099350747026985e-01
8.405157682154986709e-01
9.405970428979598674e-01
5.068270460793757870e-01
7.460812834127332760e-01
8.844349502339511337e-01
1.000000000000000000e+00
4.474289984912339646e-01
5.250059856043384210e-01
3.907366399627772435e-01
3.027567007193490700e-01
3.712996743394638699e-01
4.004406306929934045e-01
3.118820415055108541e-01
2.524768589452340284e-01
1.000000000000000000e+00
1.000000000000000000e+00
1.000000000000000000e+00
0.000000000000000000e+00
0.000000000000000000e+00
0.000000000000000000e+00
0.000000000000000000e+00
0.000000000000000000e+00
0.000000000000000000e+00
0.000000000000000000e+00
0.000000000000000000e+00
0.000000000000000000e+00
0.000000000000000000e+00
0.000000000000000000e+00
0.000000000000000000e+00
0.000000000000000000e+00
0.000000000000000000e+00
0.000000000000000000e+00
0.000000000000000000e+00
0.000000000000000000e+00
0.000000000000000000e+00
0.000000000000000000e+00
0.000000000000000000e+00
0.000000000000000000e+00
0.000000000000000000e+00
0.000000000000000000e+00
0.000000000000000000e+00
0.000000000000000000e+00
0.000000000000000000e+00
0.000000000000000000e+00
0.000000000000000000e+00
0.000000000000000000e+00
