-1.000000000000000000e+00
0.000000000000000000e+00
1.235598986522068732e-01
2.576098238507136817e-01
3.204799616057129596e-01
3.784500903012202877e-01
5.104971568705851670e-01
7.107204850896828852e-01
8.354808398912143552e-01
9.373741105289394859e-01
5.013553808254028743e-01
7.415925132686903565e-01
8.812956932015592049e-01
1.000000000000000000e+00
4.430560546417986467e-01
5.147557452875166639e-01
3.788263354831236107e-01
2.895265725468914031e-01
3.675277438250977857e-01
3.905352556865595015e-01
3.018317989680148750e-01
2.418858548541252818e-01
1.000000000000000000e+00
1.000000000000000000e+00
1.000000000000000000e+00
0.000000000000000000e+00
0.000000000000000000e+00
0.000000000000000000e+00
0.000000000000000000e+00
0.000000000000000000e+00
0.000000000000000000e+00
0.000000000000000000e+00
0.000000000000000000e+00
0.000000000000000000e+00
0.000000000000000000e+00
0.000000000000000000e+00
0.000000000000000000e+00
0.000000000000000000e+00
0.000000000000000000e+00
0.000000000000000000e+00
0.000000000000000000e+00
0.000000000000000000e+00
0.000000000000000000e+00
0.000000000000000000e+00
0.000000000000000000e+00
0.000000000000000000e+00
0.000000000000000000e+00
0.000000000000000000e+00
0.000000000000000000e+00
0.000000000000000000e+00
0.000000000000000000e+00
0.000000000000000000e+00
0.000000000000000000e+00
0.000000000000000000e+00
