-1.000000000000000000e+00
0.000000000000000000e+00
1.211049569482784000e-01
2.555604445386653878e-01
3.202539646930747108e-01
3.842666408865341166e-01
5.127078007915998326e-01
7.095750694788337531e-01
8.314317394029172581e-01
9.324284861817676573e-01
5.017159425063976164e-01
7.408769909308622337e-01
8.801640610589914759e-01
1.000000000000000000e+00
4.416015920094542579e-01
5.232356030455591611e-01
3.857962816167315179e-01
2.967880419158374083e-01
3.639152747958514511e-01
3.985946155000631430e-01
3.086821830259138255e-01
2.485881814966746373e-01
1.000000000000000000e+00
1.000000000000000000e+00
1.000000000000000000e+00
0.000000000000000000e+00
0.000000000000000000e+00
0.000000000000000000e+00
0.000000000000000000e+00
0.000000000000000000e+00
0.000000000000000000e+00
0.000000000000000000e+00
0.000000000000000000e+00
0.000000000000000000e+00
0.000000000000000000e+00
0.000000000000000000e+00
0.000000000000000000e+00
0.000000000000000000e+00
0.000000000000000000e+00
0.000000000000000000e+00
0.000000000000000000e+00
0.000000000000000000e+00
0.000000000000000000e+00
0.000000000000000000e+00
0.000000000000000000e+00
0.000000000000000000e+00
0.000000000000000000e+00
0.000000000000000000e+00
0.000000000000000000e+00
0.000000000000000000e+00
0.000000000000000000e+00
0.000000000000000000e+00
0.000000000000000000e+00
0.000000000000000000e+00
