-1.000000000000000000e+00
0.000000000000000000e+00
1.233267827197459671e-01
2.590686271446265287e-01
3.198639499153294596e-01
3.759683497129227558e-01
5.146749039007890714e-01
7.161850744898514698e-01
8.383972344109926755e-01
9.403338448546971762e-01
5.057826713089849102e-01
7.421571635507989706e-01
8.810155182630811099e-01
1.000000000000000000e+00
4.488167404010625638e-01
5.243386088886913265e-01
3.841471208234033541e-01
2.942401441544701401e-01
3.728539899399820889e-01
3.832321696325058369e-01
2.918837224776967276e-01
2.352905551827947084e-01
1.000000000000000000e+00
1.000000000000000000e+00
1.000000000000000000e+00
0.000000000000000000e+00
0.000000000000000000e+00
0.000000000000000000e+00
0.000000000000000000e+00
0.000000000000000000e+00
0.000000000000000000e+00
0.000000000000000000e+00
0.000000000000000000e+00
0.000000000000000000e+00
0.000000000000000000e+00
0.000000000000000000e+00
0.000000000000000000e+00
0.000000000000000000e+00
0.000000000000000000e+00
0.000000000000000000e+00
0.000000000000000000e+00
0.000000000000000000e+00
0.000000000000000000e+00
0.000000000000000000e+00
0.000000000000000000e+00
0.000000000000000000e+00
0.000000000000000000e+00
0.000000000000000000e+00
0.000000000000000000e+00
0.000000000000000000e+00
0.000000000000000000e+00
0.000000000000000000e+00
0.000000000000000000e+00
0.000000000000000000e+00
