-1.000000000000000000e+00
0.000000000000000000e+00
1.275364988054087101e-01
2.605951240271049407e-01
3.203476217664328329e-01
3.711472076850250157e-01
5.172076115587450618e-01
7.203374492091435544e-01
8.433246384734870427e-01
9.432590080023113277e-01
5.065937720479736228e-01
7.441207191849678049e-01
8.836419154005790144e-01
1.000000000000000000e+00
4.491874825422597639e-01
5.254133427971920955e-01
3.881805584312784663e-01
2.947227777985336750e-01
3.726066726578288746e-01
3.943845071659076162e-01
3.204511047842509286e-01
2.727777947630359301e-01
1.000000000000000000e+00
1.000000000000000000e+00
1.000000000000000000e+00
0.000000000000000000e+00
0.000000000000000000e+00
0.000000000000000000e+00
0.000000000000000000e+00
0.000000000000000000e+00
0.000000000000000000e+00
0.000000000000000000e+00
0.000000000000000000e+00
0.000000000000000000e+00
0.000000000000000000e+00
0.000000000000000000e+00
0.000000000000000000e+00
0.000000000000000000e+00
0.000000000000000000e+00
0.000000000000000000e+00
0.000000000000000000e+00
0.000000000000000000e+00
0.000000000000000000e+00
0.000000000000000000e+00
0.000000000000000000e+00
0.000000000000000000e+00
0.000000000000000000e+00
0.000000000000000000e+00
0.000000000000000000e+00
0.000000000000000000e+00
0.000000000000000000e+00
0.000000000000000000e+00
0.000000000000000000e+00
0.000000000000000000e+00
