-1.000000000000000000e+00
0.000000000000000000e+00
1.301231126865420584e-01
2.552074207508558956e-01
3.068953353468777401e-01
3.552614452953652413e-01
5.109627555057072446e-01
7.131989344679463549e-01
8.379238297679725278e-01
9.373420686824393000e-01
5.026594351568594021e-01
7.332303750155625410e-01
8.780819290144081801e-01
1.000000000000000000e+00
4.448587003058782074e-01
5.079643185430610108e-01
3.885754143792449211e-01
3.076683134863991698e-01
3.666152133524159251e-01
3.832342964594304124e-01
3.127826353161604622e-01
2.651719676838050210e-01
1.000000000000000000e+00
1.000000000000000000e+00
1.000000000000000000e+00
0.000000000000000000e+00
0.000000000000000000e+00
0.000000000000000000e+00
0.000000000000000000e+00
0.000000000000000000e+00
0.000000000000000000e+00
0.000000000000000000e+00
0.000000000000000000e+00
0.000000000000000000e+00
0.000000000000000000e+00
0.000000000000000000e+00
0.000000000000000000e+00
0.000000000000000000e+00
0.000000000000000000e+00
0.000000000000000000e+00
0.000000000000000000e+00
0.000000000000000000e+00
0.000000000000000000e+00
0.000000000000000000e+00
0.000000000000000000e+00
0.000000000000000000e+00
0.000000000000000000e+00
0.000000000000000000e+00
0.000000000000000000e+00
0.000000000000000000e+00
0.000000000000000000e+00
0.000000000000000000e+00
0.000000000000000000e+00
0.000000000000000000e+00
