-1.000000000000000000e+00
0.000000000000000000e+00
1.319515102879718904e-01
2.552352580536552118e-01
3.094562792421459152e-01
3.556238517089816975e-01
5.137877204561263067e-01
7.168520866383613077e-01
8.418488344200097950e-01
9.409800745335727967e-01
5.056699263308771508e-01
7.465435324201296075e-01
8.852952704492618174e-01
1.000000000000000000e+00
4.459013913734167778e-01
5.142967440212421470e-01
4.008946748421928219e-01
3.182567740673096779e-01
3.642901235508110291e-01
3.947678223279742493e-01
3.410774110195960440e-01
3.024348281005266315e-01
1.000000000000000000e+00
1.000000000000000000e+00
1.000000000000000000e+00
0.000000000000000000e+00
0.000000000000000000e+00
0.000000000000000000e+00
0.000000000000000000e+00
0.000000000000000000e+00
0.000000000000000000e+00
0.000000000000000000e+00
0.000000000000000000e+00
0.000000000000000000e+00
0.000000000000000000e+00
0.000000000000000000e+00
0.000000000000000000e+00
0.000000000000000000e+00
0.000000000000000000e+00
0.000000000000000000e+00
0.000000000000000000e+00
0.000000000000000000e+00
0.000000000000000000e+00
0.000000000000000000e+00
0.000000000000000000e+00
0.000000000000000000e+00
0.000000000000000000e+00
0.000000000000000000e+00
0.000000000000000000e+00
0.000000000000000000e+00
0.000000000000000000e+00
0.000000000000000000e+00
0.000000000000000000e+00
0.000000000000000000e+00
