-1.000000000000000000e+00
0.000000000000000000e+00
1.365361027583816000e-01
2.566451277746377713e-01
3.211996992847550025e-01
3.803966760911033362e-01
5.264306746580794671e-01
7.196277387007958826e-01
8.420579743598002320e-01
9.417122046217760722e-01
5.156846108670403162e-01
7.474421400214740219e-01
8.865309586519923846e-01
1.000000000000000000e+00
4.526525606183656181e-01
5.226711819037478390e-01
4.256357796662235682e-01
3.509384352333210777e-01
3.662669917964943012e-01
3.955731519925687056e-01
3.526956131909448344e-01
3.246622171076847252e-01
1.000000000000000000e+00
1.000000000000000000e+00
1.000000000000000000e+00
0.000000000000000000e+00
0.000000000000000000e+00
0.000000000000000000e+00
0.000000000000000000e+00
0.000000000000000000e+00
0.000000000000000000e+00
0.000000000000000000e+00
0.000000000000000000e+00
0.000000000000000000e+00
0.000000000000000000e+00
0.000000000000000000e+00
0.000000000000000000e+00
0.000000000000000000e+00
0.000000000000000000e+00
0.000000000000000000e+00
0.000000000000000000e+00
0.000000000000000000e+00
0.000000000000000000e+00
0.000000000000000000e+00
0.000000000000000000e+00
0.000000000000000000e+00
0.000000000000000000e+00
0.000000000000000000e+00
0.000000000000000000e+00
0.000000000000000000e+00
0.000000000000000000e+00
0.000000000000000000e+00
0.000000000000000000e+00
0.000000000000000000e+00
