-1.000000000000000000e+00
0.000000000000000000e+00
1.247808639419475535e-01
2.561865343621930746e-01
3.216762649096133186e-01
3.891596153588156026e-01
5.130197169136229141e-01
7.163392245369418765e-01
8.401493641745395591e-01
9.416777175943420453e-01
5.012471697524361058e-01
7.405155002336601955e-01
8.806404805482177522e-01
1.000000000000000000e+00
4.413370268851128375e-01
5.216476150445269466e-01
3.941714915951714526e-01
3.060673509335360420e-01
3.645639517321340728e-01
4.000112062354438391e-01
3.148665888967593918e-01
2.516973703120051198e-01
1.000000000000000000e+00
1.000000000000000000e+00
1.000000000000000000e+00
0.000000000000000000e+00
0.000000000000000000e+00
0.000000000000000000e+00
0.000000000000000000e+00
0.000000000000000000e+00
0.000000000000000000e+00
0.000000000000000000e+00
0.000000000000000000e+00
0.000000000000000000e+00
0.000000000000000000e+00
0.000000000000000000e+00
0.000000000000000000e+00
0.000000000000000000e+00
0.000000000000000000e+00
0.000000000000000000e+00
0.000000000000000000e+00
0.000000000000000000e+00
0.000000000000000000e+00
0.000000000000000000e+00
0.000000000000000000e+00
0.000000000000000000e+00
0.000000000000000000e+00
0.000000000000000000e+00
0.000000000000000000e+00
0.000000000000000000e+00
0.000000000000000000e+00
0.000000000000000000e+00
0.000000000000000000e+00
0.000000000000000000e+00
