-1.000000000000000000e+00
0.000000000000000000e+00
1.340939557521916292e-01
2.654363473057889111e-01
3.370622556460931007e-01
4.061003699877521189e-01
5.208357386030948444e-01
7.218412699420717615e-01
8.423498414523202804e-01
9.437912997010161620e-01
5.079270594352353063e-01
7.446452005562907983e-01
8.823154263547779985e-01
1.000000000000000000e+00
4.480397378873831049e-01
5.371838598197380410e-01
4.245405241292955489e-01
3.396766220914680945e-01
3.695876516128114853e-01
4.290364765619542053e-01
3.659975446587925840e-01
3.100020147459531250e-01
1.000000000000000000e+00
1.000000000000000000e+00
1.000000000000000000e+00
0.000000000000000000e+00
0.000000000000000000e+00
0.000000000000000000e+00
0.000000000000000000e+00
0.000000000000000000e+00
0.000000000000000000e+00
0.000000000000000000e+00
0.000000000000000000e+00
0.000000000000000000e+00
0.000000000000000000e+00
0.000000000000000000e+00
0.000000000000000000e+00
0.000000000000000000e+00
0.000000000000000000e+00
0.000000000000000000e+00
0.000000000000000000e+00
0.000000000000000000e+00
0.000000000000000000e+00
0.000000000000000000e+00
0.000000000000000000e+00
0.000000000000000000e+00
0.000000000000000000e+00
0.000000000000000000e+00
0.000000000000000000e+00
0.000000000000000000e+00
0.000000000000000000e+00
0.000000000000000000e+00
0.000000000000000000e+00
0.000000000000000000e+00
