-1.000000000000000000e+00
0.000000000000000000e+00
1.262390100307364538e-01
2.556973945591322073e-01
3.185118750775768337e-01
3.812624657983885723e-01
5.155372004949260178e-01
7.177875714196211288e-01
8.418744283219327107e-01
9.436446091446398787e-01
5.056185465107614352e-01
7.421229176123790294e-01
8.817244220774103081e-01
1.000000000000000000e+00
4.477993873021895443e-01
5.261642004337445666e-01
4.012560886808454463e-01
3.125579955347983496e-01
3.711520359244840916e-01
4.064145883035435447e-01
3.312131234400831348e-01
2.741227021967530542e-01
1.000000000000000000e+00
1.000000000000000000e+00
1.000000000000000000e+00
0.000000000000000000e+00
0.000000000000000000e+00
0.000000000000000000e+00
0.000000000000000000e+00
0.000000000000000000e+00
0.000000000000000000e+00
0.000000000000000000e+00
0.000000000000000000e+00
0.000000000000000000e+00
0.000000000000000000e+00
0.000000000000000000e+00
0.000000000000000000e+00
0.000000000000000000e+00
0.000000000000000000e+00
0.000000000000000000e+00
0.000000000000000000e+00
0.000000000000000000e+00
0.000000000000000000e+00
0.000000000000000000e+00
0.000000000000000000e+00
0.000000000000000000e+00
0.000000000000000000e+00
0.000000000000000000e+00
0.000000000000000000e+00
0.000000000000000000e+00
0.000000000000000000e+00
0.000000000000000000e+00
0.000000000000000000e+00
0.000000000000000000e+00
