-1.000000000000000000e+00
0.000000000000000000e+00
1.389785211582691693e-01
2.784561865596111296e-01
3.488576829190145889e-01
4.108727337067923369e-01
5.213027394865143993e-01
7.223526886701769900e-01
8.451420502383342193e-01
9.448700711577115996e-01
5.071515414184609716e-01
7.441071429358218081e-01
8.830860786034808729e-01
1.000000000000000000e+00
4.459986388647761979e-01
5.343045317478345435e-01
4.276796158854425101e-01
3.457474412965698685e-01
3.659600546163145340e-01
4.245240052259364738e-01
3.733230717890305139e-01
3.270468208186360637e-01
1.000000000000000000e+00
1.000000000000000000e+00
1.000000000000000000e+00
0.000000000000000000e+00
0.000000000000000000e+00
0.000000000000000000e+00
0.000000000000000000e+00
0.000000000000000000e+00
0.000000000000000000e+00
0.000000000000000000e+00
0.000000000000000000e+00
0.000000000000000000e+00
0.000000000000000000e+00
0.000000000000000000e+00
0.000000000000000000e+00
0.000000000000000000e+00
0.000000000000000000e+00
0.000000000000000000e+00
0.000000000000000000e+00
0.000000000000000000e+00
0.000000000000000000e+00
0.000000000000000000e+00
0.000000000000000000e+00
0.000000000000000000e+00
0.000000000000000000e+00
0.000000000000000000e+00
0.000000000000000000e+00
0.000000000000000000e+00
0.000000000000000000e+00
0.000000000000000000e+00
0.000000000000000000e+00
0.000000000000000000e+00
