-1.000000000000000000e+00
0.000000000000000000e+00
1.423046262689532937e-01
2.700014380628710797e-01
3.376259682167221388e-01
3.986568093057909490e-01
5.299916453342008449e-01
7.356213832620436266e-01
8.562683876220367196e-01
9.519207625231400627e-01
5.139147541237456540e-01
7.527694652266013753e-01
8.906730822810655646e-01
1.000000000000000000e+00
4.491521422392382723e-01
5.332803356169111275e-01
4.380810162360352367e-01
3.607407144439045976e-01
3.623979747942809859e-01
4.092948577178853187e-01
3.759842331468699617e-01
3.466395621747618838e-01
1.000000000000000000e+00
1.000000000000000000e+00
1.000000000000000000e+00
0.000000000000000000e+00
0.000000000000000000e+00
0.000000000000000000e+00
0.000000000000000000e+00
0.000000000000000000e+00
0.000000000000000000e+00
0.000000000000000000e+00
0.000000000000000000e+00
0.000000000000000000e+00
0.000000000000000000e+00
0.000000000000000000e+00
0.000000000000000000e+00
0.000000000000000000e+00
0.000000000000000000e+00
0.000000000000000000e+00
0.000000000000000000e+00
0.000000000000000000e+00
0.000000000000000000e+00
0.000000000000000000e+00
0.000000000000000000e+00
0.000000000000000000e+00
0.000000000000000000e+00
0.000000000000000000e+00
0.000000000000000000e+00
0.000000000000000000e+00
0.000000000000000000e+00
0.000000000000000000e+00
0.000000000000000000e+00
0.000000000000000000e+00
