-1.000000000000000000e+00
0.000000000000000000e+00
1.363264366188298715e-01
2.821693638644953150e-01
3.515410204693102947e-01
3.837765606819222852e-01
5.284486559300872743e-01
7.334818992886169564e-01
8.559780316737903849e-01
9.546626907504744963e-01
5.094361009269698926e-01
7.471078223227691772e-01
8.868962161538358480e-01
1.000000000000000000e+00
4.449606404393717241e-01
5.359637325595872914e-01
4.185699958754814376e-01
3.314723833041361978e-01
3.639996217989458493e-01
3.849352532952110550e-01
3.142555531441628691e-01
2.632887972267490273e-01
1.000000000000000000e+00
1.000000000000000000e+00
1.000000000000000000e+00
0.000000000000000000e+00
0.000000000000000000e+00
0.000000000000000000e+00
0.000000000000000000e+00
0.000000000000000000e+00
0.000000000000000000e+00
0.000000000000000000e+00
0.000000000000000000e+00
0.000000000000000000e+00
0.000000000000000000e+00
0.000000000000000000e+00
0.000000000000000000e+00
0.000000000000000000e+00
0.000000000000000000e+00
0.000000000000000000e+00
0.000000000000000000e+00
0.000000000000000000e+00
0.000000000000000000e+00
0.000000000000000000e+00
0.000000000000000000e+00
0.000000000000000000e+00
0.000000000000000000e+00
0.000000000000000000e+00
0.000000000000000000e+00
0.000000000000000000e+00
0.000000000000000000e+00
0.000000000000000000e+00
0.000000000000000000e+00
0.000000000000000000e+00
