-1.000000000000000000e+00
0.000000000000000000e+00
1.358447413831057049e-01
2.814638640650234391e-01
3.525123812181599758e-01
3.801927935412308668e-01
5.281134699924604492e-01
7.373136861691022004e-01
8.605169434674290185e-01
9.600854954593340818e-01
5.078623343768868814e-01
7.473427318464198610e-01
8.872668275578219355e-01
1.000000000000000000e+00
4.407009428094872394e-01
5.253361803687046638e-01
4.081691519578866112e-01
3.237333400792666294e-01
3.577585316438482432e-01
3.732041002196276325e-01
3.079627771775433898e-01
2.653111500070073903e-01
1.000000000000000000e+00
1.000000000000000000e+00
1.000000000000000000e+00
0.000000000000000000e+00
0.000000000000000000e+00
0.000000000000000000e+00
0.000000000000000000e+00
0.000000000000000000e+00
0.000000000000000000e+00
0.000000000000000000e+00
0.000000000000000000e+00
0.000000000000000000e+00
0.000000000000000000e+00
0.000000000000000000e+00
0.000000000000000000e+00
0.000000000000000000e+00
0.000000000000000000e+00
0.000000000000000000e+00
0.000000000000000000e+00
0.000000000000000000e+00
0.000000000000000000e+00
0.000000000000000000e+00
0.000000000000000000e+00
0.000000000000000000e+00
0.000000000000000000e+00
0.000000000000000000e+00
0.000000000000000000e+00
0.000000000000000000e+00
0.000000000000000000e+00
0.000000000000000000e+00
0.000000000000000000e+00
0.000000000000000000e+00
