-1.000000000000000000e+00
0.000000000000000000e+00
1.365231059243002809e-01
2.829896443437673881e-01
3.541744540606283631e-01
3.810350962514394424e-01
5.271950058473394707e-01
7.363741923448224869e-01
8.593128083777858972e-01
9.584273783915545630e-01
5.086669933485201689e-01
7.480470797965524943e-01
8.874768777466888192e-01
1.000000000000000000e+00
4.424461769856489202e-01
5.190323628408735068e-01
4.016221462731796588e-01
3.191173009794134319e-01
3.605195070883036035e-01
3.706606407746791954e-01
3.038181399689832696e-01
2.610876286828776593e-01
1.000000000000000000e+00
1.000000000000000000e+00
1.000000000000000000e+00
0.000000000000000000e+00
0.000000000000000000e+00
0.000000000000000000e+00
0.000000000000000000e+00
0.000000000000000000e+00
0.000000000000000000e+00
0.000000000000000000e+00
0.000000000000000000e+00
0.000000000000000000e+00
0.000000000000000000e+00
0.000000000000000000e+00
0.000000000000000000e+00
0.000000000000000000e+00
0.000000000000000000e+00
0.000000000000000000e+00
0.000000000000000000e+00
0.000000000000000000e+00
0.000000000000000000e+00
0.000000000000000000e+00
0.000000000000000000e+00
0.000000000000000000e+00
0.000000000000000000e+00
0.000000000000000000e+00
0.000000000000000000e+00
0.000000000000000000e+00
0.000000000000000000e+00
0.000000000000000000e+00
0.000000000000000000e+00
0.000000000000000000e+00
