-1.000000000000000000e+00
0.000000000000000000e+00
1.358998165705356254e-01
2.886958938050963597e-01
3.539032438556487525e-01
3.590859054519045523e-01
5.211404005914369586e-01
7.369152996758541185e-01
8.606112993172242431e-01
9.605442999682372029e-01
5.026866038014453641e-01
7.467173647722782359e-01
8.857119482871262939e-01
1.000000000000000000e+00
4.386902979133875946e-01
5.090037258270405651e-01
4.046082515513934053e-01
3.348368510256174435e-01
3.576829240581139713e-01
3.573897372337528355e-01
2.938049195916490608e-01
2.557586733668517076e-01
1.000000000000000000e+00
1.000000000000000000e+00
1.000000000000000000e+00
0.000000000000000000e+00
0.000000000000000000e+00
0.000000000000000000e+00
0.000000000000000000e+00
0.000000000000000000e+00
0.000000000000000000e+00
0.000000000000000000e+00
0.000000000000000000e+00
0.000000000000000000e+00
0.000000000000000000e+00
0.000000000000000000e+00
0.000000000000000000e+00
0.000000000000000000e+00
0.000000000000000000e+00
0.000000000000000000e+00
0.000000000000000000e+00
0.000000000000000000e+00
0.000000000000000000e+00
0.000000000000000000e+00
0.000000000000000000e+00
0.000000000000000000e+00
0.000000000000000000e+00
0.000000000000000000e+00
0.000000000000000000e+00
0.000000000000000000e+00
0.000000000000000000e+00
0.000000000000000000e+00
0.000000000000000000e+00
0.000000000000000000e+00
