-1.000000000000000000e+00
0.000000000000000000e+00
1.350785218645476904e-01
2.862124076091930314e-01
3.562868924274602556e-01
3.738769434191596686e-01
5.265696164987266892e-01
7.416489293628459878e-01
8.658075790107202518e-01
9.665102718247291502e-01
5.079730952697393276e-01
7.481325653786644603e-01
8.864374721284098424e-01
1.000000000000000000e+00
4.429250987080703417e-01
5.114083417274258858e-01
4.063041830412584821e-01
3.351715226429147210e-01
3.606228336442796056e-01
3.552101781202556263e-01
2.898367422978274099e-01
2.512451909595370125e-01
1.000000000000000000e+00
1.000000000000000000e+00
1.000000000000000000e+00
0.000000000000000000e+00
0.000000000000000000e+00
0.000000000000000000e+00
0.000000000000000000e+00
0.000000000000000000e+00
0.000000000000000000e+00
0.000000000000000000e+00
0.000000000000000000e+00
0.000000000000000000e+00
0.000000000000000000e+00
0.000000000000000000e+00
0.000000000000000000e+00
0.000000000000000000e+00
0.000000000000000000e+00
0.000000000000000000e+00
0.000000000000000000e+00
0.000000000000000000e+00
0.000000000000000000e+00
0.000000000000000000e+00
0.000000000000000000e+00
0.000000000000000000e+00
0.000000000000000000e+00
0.000000000000000000e+00
0.000000000000000000e+00
0.000000000000000000e+00
0.000000000000000000e+00
0.000000000000000000e+00
0.000000000000000000e+00
0.000000000000000000e+00
