-1.000000000000000000e+00
0.000000000000000000e+00
1.364029623457419238e-01
2.691042860483546795e-01
3.360459292704296996e-01
4.023391557370486482e-01
5.222342052662698464e-01
7.280225213986410981e-01
8.540319015957018589e-01
9.547195429182985249e-01
5.049243741478832703e-01
7.431213037180691705e-01
8.844897105424851524e-01
1.000000000000000000e+00
4.393558609750130572e-01
5.241180443177176906e-01
4.143970053120728525e-01
3.298131559512944011e-01
3.552136333995648543e-01
4.167445693838551790e-01
3.830839583093192391e-01
3.552641689705164363e-01
1.000000000000000000e+00
1.000000000000000000e+00
1.000000000000000000e+00
0.000000000000000000e+00
0.000000000000000000e+00
0.000000000000000000e+00
0.000000000000000000e+00
0.000000000000000000e+00
0.000000000000000000e+00
0.000000000000000000e+00
0.000000000000000000e+00
0.000000000000000000e+00
0.000000000000000000e+00
0.000000000000000000e+00
0.000000000000000000e+00
0.000000000000000000e+00
0.000000000000000000e+00
0.000000000000000000e+00
0.000000000000000000e+00
0.000000000000000000e+00
0.000000000000000000e+00
0.000000000000000000e+00
0.000000000000000000e+00
0.000000000000000000e+00
0.000000000000000000e+00
0.000000000000000000e+00
0.000000000000000000e+00
0.000000000000000000e+00
0.000000000000000000e+00
0.000000000000000000e+00
0.000000000000000000e+00
0.000000000000000000e+00
