-1.000000000000000000e+00
0.000000000000000000e+00
1.306747858319443900e-01
2.577207250225014290e-01
3.151309041064257466e-01
3.758821741800885130e-01
5.113225675209766008e-01
7.110338977672915339e-01
8.368728024449691993e-01
9.422623749746217303e-01
5.007861329299567732e-01
7.333168838391633804e-01
8.772146983672163278e-01
1.000000000000000000e+00
4.403950540108305667e-01
5.297965679220494328e-01
4.092764060192045639e-01
3.196507693866835753e-01
3.590749920041887977e-01
4.110771631299921514e-01
3.565101318709882894e-01
3.110410068519359750e-01
1.000000000000000000e+00
1.000000000000000000e+00
1.000000000000000000e+00
0.000000000000000000e+00
0.000000000000000000e+00
0.000000000000000000e+00
0.000000000000000000e+00
0.000000000000000000e+00
0.000000000000000000e+00
0.000000000000000000e+00
0.000000000000000000e+00
0.000000000000000000e+00
0.000000000000000000e+00
0.000000000000000000e+00
0.000000000000000000e+00
0.000000000000000000e+00
0.000000000000000000e+00
0.000000000000000000e+00
0.000000000000000000e+00
0.000000000000000000e+00
0.000000000000000000e+00
0.000000000000000000e+00
0.000000000000000000e+00
0.000000000000000000e+00
0.000000000000000000e+00
0.000000000000000000e+00
0.000000000000000000e+00
0.000000000000000000e+00
0.000000000000000000e+00
0.000000000000000000e+00
0.000000000000000000e+00
0.000000000000000000e+00
