-1.000000000000000000e+00
0.000000000000000000e+00
1.353937888983674787e-01
2.681426360368567852e-01
3.373083032169434392e-01
4.123242501554325035e-01
5.199477241021120966e-01
7.237850601357098679e-01
8.471779561046697271e-01
9.503409810028368154e-01
5.042887725787528197e-01
7.407843861563753185e-01
8.805510286850891655e-01
1.000000000000000000e+00
4.413549160271129090e-01
5.413583975130721315e-01
4.250735975071462391e-01
3.362424805352708934e-01
3.586221723028394370e-01
4.290045295755930410e-01
3.869294178242582150e-01
3.484152553457580126e-01
1.000000000000000000e+00
1.000000000000000000e+00
1.000000000000000000e+00
0.000000000000000000e+00
0.000000000000000000e+00
0.000000000000000000e+00
0.000000000000000000e+00
0.000000000000000000e+00
0.000000000000000000e+00
0.000000000000000000e+00
0.000000000000000000e+00
0.000000000000000000e+00
0.000000000000000000e+00
0.000000000000000000e+00
0.000000000000000000e+00
0.000000000000000000e+00
0.000000000000000000e+00
0.000000000000000000e+00
0.000000000000000000e+00
0.000000000000000000e+00
0.000000000000000000e+00
0.000000000000000000e+00
0.000000000000000000e+00
0.000000000000000000e+00
0.000000000000000000e+00
0.000000000000000000e+00
0.000000000000000000e+00
0.000000000000000000e+00
0.000000000000000000e+00
0.000000000000000000e+00
0.000000000000000000e+00
0.000000000000000000e+00
