-1.000000000000000000e+00
3.261834084987640381e-01
3.925035595893859863e-01
4.313153624534606934e-01
3.894759118556976318e-01
3.392115235328674316e-01
4.795524477958679199e-01
5.236208438873291016e-01
5.505869388580322266e-01
5.682824254035949707e-01
4.183256924152374268e-01
4.347268939018249512e-01
4.367051422595977783e-01
4.358499348163604736e-01
3.557231724262237549e-01
3.535842895507812500e-01
3.486062288284301758e-01
3.445869684219360352e-01
2.973207831382751465e-01
3.065014779567718506e-01
3.191762566566467285e-01
3.319032788276672363e-01
1.028097629547119141e+00
1.029038429260253906e+00
9.936244487762451172e-01
9.460523724555969238e-01
8.999661207199096680e-01
7.930697798728942871e-01
6.755200624465942383e-01
5.938982367515563965e-01
5.172517299652099609e-01
7.606598734855651855e-01
6.055784225463867188e-01
5.004372596740722656e-01
4.101015627384185791e-01
7.809625864028930664e-01
6.619983315467834473e-01
5.868998765945434570e-01
5.223535895347595215e-01
8.338516354560852051e-01
7.979590892791748047e-01
8.335571289062500000e-01
8.726289272308349609e-01
1.000000000000000000e+00
1.000000000000000000e+00
1.000000000000000000e+00
1.000000000000000000e+00
0.000000000000000000e+00
0.000000000000000000e+00
0.000000000000000000e+00
0.000000000000000000e+00
0.000000000000000000e+00
0.000000000000000000e+00
0.000000000000000000e+00
0.000000000000000000e+00
0.000000000000000000e+00
0.000000000000000000e+00
0.000000000000000000e+00
0.000000000000000000e+00
0.000000000000000000e+00
0.000000000000000000e+00
0.000000000000000000e+00
0.000000000000000000e+00
0.000000000000000000e+00
0.000000000000000000e+00
0.000000000000000000e+00
0.000000000000000000e+00
0.000000000000000000e+00
0.000000000000000000e+00
0.000000000000000000e+00
0.000000000000000000e+00
0.000000000000000000e+00
0.000000000000000000e+00
0.000000000000000000e+00
0.000000000000000000e+00
0.000000000000000000e+00
0.000000000000000000e+00
0.000000000000000000e+00
0.000000000000000000e+00
0.000000000000000000e+00
0.000000000000000000e+00
0.000000000000000000e+00
0.000000000000000000e+00
0.000000000000000000e+00
0.000000000000000000e+00
0.000000000000000000e+00
0.000000000000000000e+00
0.000000000000000000e+00
0.000000000000000000e+00
0.000000000000000000e+00
0.000000000000000000e+00
0.000000000000000000e+00
0.000000000000000000e+00
0.000000000000000000e+00
0.000000000000000000e+00
0.000000000000000000e+00
