-1.000000000000000000e+00
3.061041533946990967e-01
3.679674267768859863e-01
4.005064368247985840e-01
3.411864042282104492e-01
2.819207012653350830e-01
4.466161131858825684e-01
4.865640401840209961e-01
5.067640542984008789e-01
5.213958621025085449e-01
3.847262263298034668e-01
3.980156183242797852e-01
4.019044935703277588e-01
4.048277139663696289e-01
3.244134485721588135e-01
3.037384748458862305e-01
2.906721234321594238e-01
2.816336452960968018e-01
2.669239044189453125e-01
2.668526172637939453e-01
2.784344553947448730e-01
2.899134457111358643e-01
1.056683540344238281e+00
1.054259300231933594e+00
1.012762784957885742e+00
9.505785107612609863e-01
8.978198766708374023e-01
8.046199083328247070e-01
6.871946454048156738e-01
6.057884693145751953e-01
5.302809476852416992e-01
7.627297043800354004e-01
5.935268998146057129e-01
4.843007028102874756e-01
3.949289917945861816e-01
7.764180898666381836e-01
6.310192346572875977e-01
5.376983880996704102e-01
4.609747827053070068e-01
8.284875154495239258e-01
8.039149045944213867e-01
8.564774990081787109e-01
9.130843281745910645e-01
1.000000000000000000e+00
1.000000000000000000e+00
1.000000000000000000e+00
1.000000000000000000e+00
0.000000000000000000e+00
0.000000000000000000e+00
0.000000000000000000e+00
0.000000000000000000e+00
0.000000000000000000e+00
0.000000000000000000e+00
0.000000000000000000e+00
0.000000000000000000e+00
0.000000000000000000e+00
0.000000000000000000e+00
0.000000000000000000e+00
0.000000000000000000e+00
0.000000000000000000e+00
0.000000000000000000e+00
0.000000000000000000e+00
0.000000000000000000e+00
0.000000000000000000e+00
0.000000000000000000e+00
0.000000000000000000e+00
0.000000000000000000e+00
0.000000000000000000e+00
0.000000000000000000e+00
0.000000000000000000e+00
0.000000000000000000e+00
0.000000000000000000e+00
0.000000000000000000e+00
0.000000000000000000e+00
0.000000000000000000e+00
0.000000000000000000e+00
0.000000000000000000e+00
0.000000000000000000e+00
0.000000000000000000e+00
0.000000000000000000e+00
0.000000000000000000e+00
0.000000000000000000e+00
0.000000000000000000e+00
0.000000000000000000e+00
0.000000000000000000e+00
0.000000000000000000e+00
0.000000000000000000e+00
0.000000000000000000e+00
0.000000000000000000e+00
0.000000000000000000e+00
0.000000000000000000e+00
0.000000000000000000e+00
0.000000000000000000e+00
0.000000000000000000e+00
0.000000000000000000e+00
0.000000000000000000e+00
