-1.000000000000000000e+00
3.858560323715209961e-01
4.588489234447479248e-01
5.175559520721435547e-01
5.053435564041137695e-01
4.607784152030944824e-01
5.306955575942993164e-01
5.749743580818176270e-01
6.001582741737365723e-01
6.145666837692260742e-01
4.781240820884704590e-01
4.864860773086547852e-01
4.877610504627227783e-01
4.841689169406890869e-01
4.280935227870941162e-01
4.305480718612670898e-01
4.280397891998291016e-01
4.204577803611755371e-01
3.793681263923645020e-01
4.207474291324615479e-01
4.488387107849121094e-01
4.635393917560577393e-01
8.961980342864990234e-01
8.834251165390014648e-01
8.130683898925781250e-01
7.351999878883361816e-01
6.795867681503295898e-01
6.135018467903137207e-01
5.085121989250183105e-01
4.392931759357452393e-01
3.758679330348968506e-01
5.846487283706665039e-01
4.368935823440551758e-01
3.521353602409362793e-01
2.850813567638397217e-01
6.014174222946166992e-01
4.775957763195037842e-01
3.873477876186370850e-01
3.139483332633972168e-01
6.489977836608886719e-01
6.367245316505432129e-01
6.798557639122009277e-01
7.215145230293273926e-01
1.000000000000000000e+00
1.000000000000000000e+00
1.000000000000000000e+00
1.000000000000000000e+00
0.000000000000000000e+00
0.000000000000000000e+00
0.000000000000000000e+00
0.000000000000000000e+00
0.000000000000000000e+00
0.000000000000000000e+00
0.000000000000000000e+00
0.000000000000000000e+00
0.000000000000000000e+00
0.000000000000000000e+00
0.000000000000000000e+00
0.000000000000000000e+00
0.000000000000000000e+00
0.000000000000000000e+00
0.000000000000000000e+00
0.000000000000000000e+00
0.000000000000000000e+00
0.000000000000000000e+00
0.000000000000000000e+00
0.000000000000000000e+00
0.000000000000000000e+00
0.000000000000000000e+00
0.000000000000000000e+00
0.000000000000000000e+00
0.000000000000000000e+00
0.000000000000000000e+00
0.000000000000000000e+00
0.000000000000000000e+00
0.000000000000000000e+00
0.000000000000000000e+00
0.000000000000000000e+00
0.000000000000000000e+00
0.000000000000000000e+00
0.000000000000000000e+00
0.000000000000000000e+00
0.000000000000000000e+00
0.000000000000000000e+00
0.000000000000000000e+00
0.000000000000000000e+00
0.000000000000000000e+00
0.000000000000000000e+00
0.000000000000000000e+00
0.000000000000000000e+00
0.000000000000000000e+00
0.000000000000000000e+00
0.000000000000000000e+00
0.000000000000000000e+00
0.000000000000000000e+00
0.000000000000000000e+00
