-1.000000000000000000e+00
3.765793442726135254e-01
4.529819488525390625e-01
5.255137681961059570e-01
5.055440664291381836e-01
4.381617903709411621e-01
4.923911988735198975e-01
5.089974403381347656e-01
4.915234446525573730e-01
4.822287559509277344e-01
4.376972615718841553e-01
4.500118196010589600e-01
4.424670636653900146e-01
4.348807632923126221e-01
3.839753270149230957e-01
3.886850774288177490e-01
3.951336443424224854e-01
3.924657106399536133e-01
3.247063159942626953e-01
3.371101319789886475e-01
3.502112030982971191e-01
3.491720855236053467e-01
6.332088708877563477e-01
5.926299095153808594e-01
5.004531145095825195e-01
4.017580747604370117e-01
3.787168860435485840e-01
3.865531086921691895e-01
3.164597153663635254e-01
4.073723852634429932e-01
4.310105144977569580e-01
3.758706748485565186e-01
3.079416155815124512e-01
4.138232171535491943e-01
4.238133728504180908e-01
3.827880322933197021e-01
3.137405514717102051e-01
4.178130328655242920e-01
4.329484999179840088e-01
3.969894945621490479e-01
3.566305637359619141e-01
4.246000051498413086e-01
4.396740198135375977e-01
1.000000000000000000e+00
0.000000000000000000e+00
0.000000000000000000e+00
0.000000000000000000e+00
0.000000000000000000e+00
0.000000000000000000e+00
0.000000000000000000e+00
0.000000000000000000e+00
0.000000000000000000e+00
0.000000000000000000e+00
0.000000000000000000e+00
0.000000000000000000e+00
0.000000000000000000e+00
0.000000000000000000e+00
0.000000000000000000e+00
0.000000000000000000e+00
0.000000000000000000e+00
0.000000000000000000e+00
0.000000000000000000e+00
0.000000000000000000e+00
0.000000000000000000e+00
0.000000000000000000e+00
0.000000000000000000e+00
0.000000000000000000e+00
0.000000000000000000e+00
0.000000000000000000e+00
0.000000000000000000e+00
0.000000000000000000e+00
0.000000000000000000e+00
0.000000000000000000e+00
0.000000000000000000e+00
0.000000000000000000e+00
0.000000000000000000e+00
0.000000000000000000e+00
0.000000000000000000e+00
0.000000000000000000e+00
0.000000000000000000e+00
0.000000000000000000e+00
0.000000000000000000e+00
0.000000000000000000e+00
0.000000000000000000e+00
0.000000000000000000e+00
0.000000000000000000e+00
0.000000000000000000e+00
0.000000000000000000e+00
0.000000000000000000e+00
0.000000000000000000e+00
0.000000000000000000e+00
0.000000000000000000e+00
0.000000000000000000e+00
0.000000000000000000e+00
0.000000000000000000e+00
0.000000000000000000e+00
