1.000000000000000000e+00
4.231252074241638184e-01
3.968892693519592285e-01
4.017752110958099365e-01
4.334218502044677734e-01
4.667666554450988770e-01
3.856756091117858887e-01
4.617377817630767822e-01
4.786165058612823486e-01
4.688354730606079102e-01
4.140367805957794189e-01
4.929632544517517090e-01
5.015360713005065918e-01
4.871681332588195801e-01
4.484210908412933350e-01
5.224989056587219238e-01
5.220076441764831543e-01
5.012091398239135742e-01
4.862115383148193359e-01
5.439415574073791504e-01
5.387578606605529785e-01
5.169532895088195801e-01
6.784322857856750488e-01
5.829857587814331055e-01
5.022193789482116699e-01
4.623614251613616943e-01
4.579829275608062744e-01
4.427589178085327148e-01
4.063796699047088623e-01
4.437583982944488525e-01
4.731367826461791992e-01
4.494074881076812744e-01
4.236631989479064941e-01
4.610880315303802490e-01
4.851715862751007080e-01
4.708121120929718018e-01
4.583814740180969238e-01
4.957596063613891602e-01
5.132640600204467773e-01
5.023794174194335938e-01
4.998770058155059814e-01
5.339455604553222656e-01
5.477859973907470703e-01
0.000000000000000000e+00
0.000000000000000000e+00
0.000000000000000000e+00
0.000000000000000000e+00
0.000000000000000000e+00
0.000000000000000000e+00
0.000000000000000000e+00
0.000000000000000000e+00
0.000000000000000000e+00
0.000000000000000000e+00
0.000000000000000000e+00
0.000000000000000000e+00
0.000000000000000000e+00
0.000000000000000000e+00
0.000000000000000000e+00
0.000000000000000000e+00
0.000000000000000000e+00
0.000000000000000000e+00
0.000000000000000000e+00
0.000000000000000000e+00
0.000000000000000000e+00
0.000000000000000000e+00
0.000000000000000000e+00
0.000000000000000000e+00
0.000000000000000000e+00
0.000000000000000000e+00
0.000000000000000000e+00
0.000000000000000000e+00
0.000000000000000000e+00
0.000000000000000000e+00
0.000000000000000000e+00
0.000000000000000000e+00
0.000000000000000000e+00
0.000000000000000000e+00
0.000000000000000000e+00
0.000000000000000000e+00
0.000000000000000000e+00
0.000000000000000000e+00
0.000000000000000000e+00
0.000000000000000000e+00
0.000000000000000000e+00
0.000000000000000000e+00
0.000000000000000000e+00
0.000000000000000000e+00
0.000000000000000000e+00
0.000000000000000000e+00
0.000000000000000000e+00
0.000000000000000000e+00
0.000000000000000000e+00
0.000000000000000000e+00
0.000000000000000000e+00
0.000000000000000000e+00
0.000000000000000000e+00
