1.000000000000000000e+00
4.313436448574066162e-01
3.747778236865997314e-01
3.561948537826538086e-01
3.681861758232116699e-01
3.961946964263916016e-01
3.724780678749084473e-01
3.946075141429901123e-01
4.030752778053283691e-01
3.975014984607696533e-01
4.184902608394622803e-01
4.378542900085449219e-01
4.413227736949920654e-01
4.356656074523925781e-01
4.643599689006805420e-01
4.799662232398986816e-01
4.775005877017974854e-01
4.673116505146026611e-01
5.047370195388793945e-01
5.167161226272583008e-01
5.088365077972412109e-01
4.943954944610595703e-01
6.880724430084228516e-01
6.189193129539489746e-01
5.516502261161804199e-01
4.985406994819641113e-01
4.730996191501617432e-01
4.776210486888885498e-01
4.302763938903808594e-01
4.503594934940338135e-01
4.809426963329315186e-01
4.792751073837280273e-01
4.349032342433929443e-01
4.515314400196075439e-01
4.842087626457214355e-01
4.968387484550476074e-01
4.526910483837127686e-01
4.670790731906890869e-01
4.973417520523071289e-01
5.299322009086608887e-01
4.897880554199218750e-01
4.953864216804504395e-01
5.140187144279479980e-01
0.000000000000000000e+00
0.000000000000000000e+00
0.000000000000000000e+00
0.000000000000000000e+00
0.000000000000000000e+00
0.000000000000000000e+00
0.000000000000000000e+00
0.000000000000000000e+00
0.000000000000000000e+00
0.000000000000000000e+00
0.000000000000000000e+00
0.000000000000000000e+00
0.000000000000000000e+00
0.000000000000000000e+00
0.000000000000000000e+00
0.000000000000000000e+00
0.000000000000000000e+00
0.000000000000000000e+00
0.000000000000000000e+00
0.000000000000000000e+00
0.000000000000000000e+00
0.000000000000000000e+00
0.000000000000000000e+00
0.000000000000000000e+00
0.000000000000000000e+00
0.000000000000000000e+00
0.000000000000000000e+00
0.000000000000000000e+00
0.000000000000000000e+00
0.000000000000000000e+00
0.000000000000000000e+00
0.000000000000000000e+00
0.000000000000000000e+00
0.000000000000000000e+00
0.000000000000000000e+00
0.000000000000000000e+00
0.000000000000000000e+00
0.000000000000000000e+00
0.000000000000000000e+00
0.000000000000000000e+00
0.000000000000000000e+00
0.000000000000000000e+00
0.000000000000000000e+00
0.000000000000000000e+00
0.000000000000000000e+00
0.000000000000000000e+00
0.000000000000000000e+00
0.000000000000000000e+00
0.000000000000000000e+00
0.000000000000000000e+00
0.000000000000000000e+00
0.000000000000000000e+00
0.000000000000000000e+00
