1.000000000000000000e+00
4.357829093933105469e-01
3.738400936126708984e-01
3.525671660900115967e-01
3.657429218292236328e-01
3.952142000198364258e-01
3.660561442375183105e-01
3.882402181625366211e-01
3.989960253238677979e-01
3.942333757877349854e-01
4.150570333003997803e-01
4.353887140750885010e-01
4.412010312080383301e-01
4.363975822925567627e-01
4.641200304031372070e-01
4.791825711727142334e-01
4.794140756130218506e-01
4.716426730155944824e-01
5.066605806350708008e-01
5.152196884155273438e-01
5.102291107177734375e-01
5.001884698867797852e-01
6.864074468612670898e-01
6.173282861709594727e-01
5.494601726531982422e-01
4.957674443721771240e-01
4.738781750202178955e-01
4.722644984722137451e-01
4.302445054054260254e-01
4.564764201641082764e-01
4.873832166194915771e-01
4.725665450096130371e-01
4.332143664360046387e-01
4.567869901657104492e-01
4.895814061164855957e-01
4.892187714576721191e-01
4.543687403202056885e-01
4.768710136413574219e-01
5.092147588729858398e-01
5.203827023506164551e-01
4.901126027107238770e-01
5.087705254554748535e-01
5.344384908676147461e-01
0.000000000000000000e+00
0.000000000000000000e+00
0.000000000000000000e+00
0.000000000000000000e+00
0.000000000000000000e+00
0.000000000000000000e+00
0.000000000000000000e+00
0.000000000000000000e+00
0.000000000000000000e+00
0.000000000000000000e+00
0.000000000000000000e+00
0.000000000000000000e+00
0.000000000000000000e+00
0.000000000000000000e+00
0.000000000000000000e+00
0.000000000000000000e+00
0.000000000000000000e+00
0.000000000000000000e+00
0.000000000000000000e+00
0.000000000000000000e+00
0.000000000000000000e+00
0.000000000000000000e+00
0.000000000000000000e+00
0.000000000000000000e+00
0.000000000000000000e+00
0.000000000000000000e+00
0.000000000000000000e+00
0.000000000000000000e+00
0.000000000000000000e+00
0.000000000000000000e+00
0.000000000000000000e+00
0.000000000000000000e+00
0.000000000000000000e+00
0.000000000000000000e+00
0.000000000000000000e+00
0.000000000000000000e+00
0.000000000000000000e+00
0.000000000000000000e+00
0.000000000000000000e+00
0.000000000000000000e+00
0.000000000000000000e+00
0.000000000000000000e+00
0.000000000000000000e+00
0.000000000000000000e+00
0.000000000000000000e+00
0.000000000000000000e+00
0.000000000000000000e+00
0.000000000000000000e+00
0.000000000000000000e+00
0.000000000000000000e+00
0.000000000000000000e+00
0.000000000000000000e+00
0.000000000000000000e+00
