-1.000000000000000000e+00
3.304662406444549561e-01
4.036601483821868896e-01
4.609138369560241699e-01
4.198883771896362305e-01
3.509135544300079346e-01
4.425050616264343262e-01
4.432551860809326172e-01
4.215134978294372559e-01
4.168320000171661377e-01
3.857559263706207275e-01
3.834410011768341064e-01
3.742419183254241943e-01
3.735511898994445801e-01
3.321678936481475830e-01
3.244714140892028809e-01
3.305638134479522705e-01
3.338415026664733887e-01
2.759286165237426758e-01
2.795365750789642334e-01
2.923216223716735840e-01
2.965631484985351562e-01
6.744949221611022949e-01
6.287963986396789551e-01
5.300506949424743652e-01
4.403515458106994629e-01
4.274753034114837646e-01
4.281917214393615723e-01
3.598768115043640137e-01
4.440696835517883301e-01
4.706118106842041016e-01
4.196353554725646973e-01
3.530984520912170410e-01
4.517627656459808350e-01
4.682537317276000977e-01
4.289087057113647461e-01
3.664190173149108887e-01
4.615728259086608887e-01
4.792067110538482666e-01
4.485539793968200684e-01
4.116390347480773926e-01
4.748866558074951172e-01
4.927819967269897461e-01
1.000000000000000000e+00
0.000000000000000000e+00
0.000000000000000000e+00
0.000000000000000000e+00
0.000000000000000000e+00
0.000000000000000000e+00
0.000000000000000000e+00
0.000000000000000000e+00
0.000000000000000000e+00
0.000000000000000000e+00
0.000000000000000000e+00
0.000000000000000000e+00
0.000000000000000000e+00
0.000000000000000000e+00
0.000000000000000000e+00
0.000000000000000000e+00
0.000000000000000000e+00
0.000000000000000000e+00
0.000000000000000000e+00
0.000000000000000000e+00
0.000000000000000000e+00
0.000000000000000000e+00
0.000000000000000000e+00
0.000000000000000000e+00
0.000000000000000000e+00
0.000000000000000000e+00
0.000000000000000000e+00
0.000000000000000000e+00
0.000000000000000000e+00
0.000000000000000000e+00
0.000000000000000000e+00
0.000000000000000000e+00
0.000000000000000000e+00
0.000000000000000000e+00
0.000000000000000000e+00
0.000000000000000000e+00
0.000000000000000000e+00
0.000000000000000000e+00
0.000000000000000000e+00
0.000000000000000000e+00
0.000000000000000000e+00
0.000000000000000000e+00
0.000000000000000000e+00
0.000000000000000000e+00
0.000000000000000000e+00
0.000000000000000000e+00
0.000000000000000000e+00
0.000000000000000000e+00
0.000000000000000000e+00
0.000000000000000000e+00
0.000000000000000000e+00
0.000000000000000000e+00
0.000000000000000000e+00
