-1.000000000000000000e+00
3.288233876228332520e-01
4.021123945713043213e-01
4.604931473731994629e-01
4.205023646354675293e-01
3.508552312850952148e-01
4.449996650218963623e-01
4.557319879531860352e-01
4.340802729129791260e-01
4.274002611637115479e-01
3.899975419044494629e-01
3.945478498935699463e-01
3.812655806541442871e-01
3.781903684139251709e-01
3.371225297451019287e-01
3.358426988124847412e-01
3.373668789863586426e-01
3.378423154354095459e-01
2.808883190155029297e-01
2.909635901451110840e-01
2.986539900302886963e-01
2.989141643047332764e-01
6.784841418266296387e-01
6.280549764633178711e-01
5.305249691009521484e-01
4.425171315670013428e-01
4.376411437988281250e-01
4.369887709617614746e-01
3.701047301292419434e-01
4.511491656303405762e-01
4.764578938484191895e-01
4.248083829879760742e-01
3.604004681110382080e-01
4.532412290573120117e-01
4.694686233997344971e-01
4.306520521640777588e-01
3.684110939502716064e-01
4.573401510715484619e-01
4.742599725723266602e-01
4.476974010467529297e-01
4.130782485008239746e-01
4.721258580684661865e-01
4.887721538543701172e-01
1.000000000000000000e+00
0.000000000000000000e+00
0.000000000000000000e+00
0.000000000000000000e+00
0.000000000000000000e+00
0.000000000000000000e+00
0.000000000000000000e+00
0.000000000000000000e+00
0.000000000000000000e+00
0.000000000000000000e+00
0.000000000000000000e+00
0.000000000000000000e+00
0.000000000000000000e+00
0.000000000000000000e+00
0.000000000000000000e+00
0.000000000000000000e+00
0.000000000000000000e+00
0.000000000000000000e+00
0.000000000000000000e+00
0.000000000000000000e+00
0.000000000000000000e+00
0.000000000000000000e+00
0.000000000000000000e+00
0.000000000000000000e+00
0.000000000000000000e+00
0.000000000000000000e+00
0.000000000000000000e+00
0.000000000000000000e+00
0.000000000000000000e+00
0.000000000000000000e+00
0.000000000000000000e+00
0.000000000000000000e+00
0.000000000000000000e+00
0.000000000000000000e+00
0.000000000000000000e+00
0.000000000000000000e+00
0.000000000000000000e+00
0.000000000000000000e+00
0.000000000000000000e+00
0.000000000000000000e+00
0.000000000000000000e+00
0.000000000000000000e+00
0.000000000000000000e+00
0.000000000000000000e+00
0.000000000000000000e+00
0.000000000000000000e+00
0.000000000000000000e+00
0.000000000000000000e+00
0.000000000000000000e+00
0.000000000000000000e+00
0.000000000000000000e+00
0.000000000000000000e+00
0.000000000000000000e+00
