-1.000000000000000000e+00
3.234725296497344971e-01
3.947998583316802979e-01
4.627153575420379639e-01
4.443570375442504883e-01
3.871526420116424561e-01
4.518573880195617676e-01
4.729342460632324219e-01
4.445235431194305420e-01
4.355436563491821289e-01
4.034506082534790039e-01
4.216682016849517822e-01
4.007213711738586426e-01
3.963066041469573975e-01
3.540158867835998535e-01
3.644212186336517334e-01
3.581315279006958008e-01
3.568846881389617920e-01
2.994685173034667969e-01
3.155463933944702148e-01
3.179489970207214355e-01
3.157430589199066162e-01
6.812034845352172852e-01
6.476172208786010742e-01
5.656307935714721680e-01
4.772539436817169189e-01
4.530860781669616699e-01
4.893793165683746338e-01
4.265873134136199951e-01
4.919610619544982910e-01
5.117559432983398438e-01
4.694800376892089844e-01
4.044489562511444092e-01
4.880114793777465820e-01
4.978648126125335693e-01
4.641521573066711426e-01
3.980608880519866943e-01
4.863770008087158203e-01
4.991005361080169678e-01
4.668499827384948730e-01
4.318735003471374512e-01
4.913392663002014160e-01
5.032323002815246582e-01
1.000000000000000000e+00
0.000000000000000000e+00
0.000000000000000000e+00
0.000000000000000000e+00
0.000000000000000000e+00
0.000000000000000000e+00
0.000000000000000000e+00
0.000000000000000000e+00
0.000000000000000000e+00
0.000000000000000000e+00
0.000000000000000000e+00
0.000000000000000000e+00
0.000000000000000000e+00
0.000000000000000000e+00
0.000000000000000000e+00
0.000000000000000000e+00
0.000000000000000000e+00
0.000000000000000000e+00
0.000000000000000000e+00
0.000000000000000000e+00
0.000000000000000000e+00
0.000000000000000000e+00
0.000000000000000000e+00
0.000000000000000000e+00
0.000000000000000000e+00
0.000000000000000000e+00
0.000000000000000000e+00
0.000000000000000000e+00
0.000000000000000000e+00
0.000000000000000000e+00
0.000000000000000000e+00
0.000000000000000000e+00
0.000000000000000000e+00
0.000000000000000000e+00
0.000000000000000000e+00
0.000000000000000000e+00
0.000000000000000000e+00
0.000000000000000000e+00
0.000000000000000000e+00
0.000000000000000000e+00
0.000000000000000000e+00
0.000000000000000000e+00
0.000000000000000000e+00
0.000000000000000000e+00
0.000000000000000000e+00
0.000000000000000000e+00
0.000000000000000000e+00
0.000000000000000000e+00
0.000000000000000000e+00
0.000000000000000000e+00
0.000000000000000000e+00
0.000000000000000000e+00
0.000000000000000000e+00
