-1.000000000000000000e+00
3.334591090679168701e-01
4.028995633125305176e-01
4.713476002216339111e-01
4.717514514923095703e-01
4.260729253292083740e-01
4.472731947898864746e-01
4.711815416812896729e-01
4.489496350288391113e-01
4.372119009494781494e-01
3.974507153034210205e-01
4.175811409950256348e-01
4.042176604270935059e-01
3.935271203517913818e-01
3.474778532981872559e-01
3.610289096832275391e-01
3.596297204494476318e-01
3.522531390190124512e-01
2.929469943046569824e-01
3.091620802879333496e-01
3.176515102386474609e-01
3.156755268573760986e-01
6.869167685508728027e-01
6.584461331367492676e-01
6.014717221260070801e-01
5.247411131858825684e-01
4.791571199893951416e-01
4.770975708961486816e-01
4.304339885711669922e-01
5.088160037994384766e-01
5.229248404502868652e-01
4.595730304718017578e-01
4.064648151397705078e-01
4.984085559844970703e-01
5.088747739791870117e-01
4.612709283828735352e-01
4.114216268062591553e-01
5.015451312065124512e-01
5.128560662269592285e-01
4.728790223598480225e-01
4.498601257801055908e-01
5.108088850975036621e-01
5.207765698432922363e-01
1.000000000000000000e+00
0.000000000000000000e+00
0.000000000000000000e+00
0.000000000000000000e+00
0.000000000000000000e+00
0.000000000000000000e+00
0.000000000000000000e+00
0.000000000000000000e+00
0.000000000000000000e+00
0.000000000000000000e+00
0.000000000000000000e+00
0.000000000000000000e+00
0.000000000000000000e+00
0.000000000000000000e+00
0.000000000000000000e+00
0.000000000000000000e+00
0.000000000000000000e+00
0.000000000000000000e+00
0.000000000000000000e+00
0.000000000000000000e+00
0.000000000000000000e+00
0.000000000000000000e+00
0.000000000000000000e+00
0.000000000000000000e+00
0.000000000000000000e+00
0.000000000000000000e+00
0.000000000000000000e+00
0.000000000000000000e+00
0.000000000000000000e+00
0.000000000000000000e+00
0.000000000000000000e+00
0.000000000000000000e+00
0.000000000000000000e+00
0.000000000000000000e+00
0.000000000000000000e+00
0.000000000000000000e+00
0.000000000000000000e+00
0.000000000000000000e+00
0.000000000000000000e+00
0.000000000000000000e+00
0.000000000000000000e+00
0.000000000000000000e+00
0.000000000000000000e+00
0.000000000000000000e+00
0.000000000000000000e+00
0.000000000000000000e+00
0.000000000000000000e+00
0.000000000000000000e+00
0.000000000000000000e+00
0.000000000000000000e+00
0.000000000000000000e+00
0.000000000000000000e+00
0.000000000000000000e+00
