-1.000000000000000000e+00
3.083985447883605957e-01
3.680413365364074707e-01
4.333989024162292480e-01
4.450068473815917969e-01
4.074783623218536377e-01
4.312083423137664795e-01
4.379884600639343262e-01
4.150574803352355957e-01
4.001719057559967041e-01
3.780501484870910645e-01
3.784551024436950684e-01
3.579236865043640137e-01
3.467508554458618164e-01
3.217148184776306152e-01
3.160409331321716309e-01
3.080556690692901611e-01
3.050891160964965820e-01
2.685047984123229980e-01
2.647791504859924316e-01
2.635848522186279297e-01
2.638800144195556641e-01
6.777823567390441895e-01
6.800079345703125000e-01
6.429989337921142578e-01
5.871563553810119629e-01
5.539147853851318359e-01
4.328213334083557129e-01
4.526303708553314209e-01
5.288197994232177734e-01
5.478976368904113770e-01
3.987714946269989014e-01
4.456298053264617920e-01
5.313495993614196777e-01
5.366108417510986328e-01
4.006561338901519775e-01
4.709736704826354980e-01
5.432604551315307617e-01
5.412567257881164551e-01
4.259485304355621338e-01
4.937983155250549316e-01
5.463924407958984375e-01
5.400001406669616699e-01
1.000000000000000000e+00
0.000000000000000000e+00
0.000000000000000000e+00
0.000000000000000000e+00
0.000000000000000000e+00
0.000000000000000000e+00
0.000000000000000000e+00
0.000000000000000000e+00
0.000000000000000000e+00
0.000000000000000000e+00
0.000000000000000000e+00
0.000000000000000000e+00
0.000000000000000000e+00
0.000000000000000000e+00
0.000000000000000000e+00
0.000000000000000000e+00
0.000000000000000000e+00
0.000000000000000000e+00
0.000000000000000000e+00
0.000000000000000000e+00
0.000000000000000000e+00
0.000000000000000000e+00
0.000000000000000000e+00
0.000000000000000000e+00
0.000000000000000000e+00
0.000000000000000000e+00
0.000000000000000000e+00
0.000000000000000000e+00
0.000000000000000000e+00
0.000000000000000000e+00
0.000000000000000000e+00
0.000000000000000000e+00
0.000000000000000000e+00
0.000000000000000000e+00
0.000000000000000000e+00
0.000000000000000000e+00
0.000000000000000000e+00
0.000000000000000000e+00
0.000000000000000000e+00
0.000000000000000000e+00
0.000000000000000000e+00
0.000000000000000000e+00
0.000000000000000000e+00
0.000000000000000000e+00
0.000000000000000000e+00
0.000000000000000000e+00
0.000000000000000000e+00
0.000000000000000000e+00
0.000000000000000000e+00
0.000000000000000000e+00
0.000000000000000000e+00
0.000000000000000000e+00
0.000000000000000000e+00
