-1.000000000000000000e+00
0.000000000000000000e+00
1.721484041392251918e-01
3.546612919531739738e-01
4.855614702112915904e-01
4.993012832699358361e-01
5.226173531686806317e-01
7.076530283321237347e-01
8.122576941442988252e-01
9.078475615091035067e-01
5.185631455382718746e-01
7.338567349657934002e-01
8.758934208364792529e-01
1.000000000000000000e+00
4.752101798139957145e-01
6.845685340457442480e-01
8.181271429133165629e-01
9.388132065766745527e-01
4.013706615040919523e-01
5.570028749868279894e-01
6.599266469371177779e-01
7.557678761232442533e-01
1.000000000000000000e+00
1.000000000000000000e+00
1.000000000000000000e+00
1.000000000000000000e+00
1.000000000000000000e+00
0.000000000000000000e+00
0.000000000000000000e+00
0.000000000000000000e+00
0.000000000000000000e+00
0.000000000000000000e+00
0.000000000000000000e+00
0.000000000000000000e+00
0.000000000000000000e+00
0.000000000000000000e+00
0.000000000000000000e+00
0.000000000000000000e+00
0.000000000000000000e+00
0.000000000000000000e+00
0.000000000000000000e+00
0.000000000000000000e+00
0.000000000000000000e+00
0.000000000000000000e+00
0.000000000000000000e+00
0.000000000000000000e+00
0.000000000000000000e+00
0.000000000000000000e+00
0.000000000000000000e+00
0.000000000000000000e+00
0.000000000000000000e+00
0.000000000000000000e+00
0.000000000000000000e+00
0.000000000000000000e+00
