1.000000000000000000e+00
0.000000000000000000e+00
1.677471898883228230e-01
3.340362879377617444e-01
4.690760786178435060e-01
5.665151106594612518e-01
4.857746498133694857e-01
7.099214123453684300e-01
8.403953036099801599e-01
9.429441625328092158e-01
4.843007461120942825e-01
7.283486563970660299e-01
8.833405301713358471e-01
1.000000000000000000e+00
4.516307196987053851e-01
6.667665689183700506e-01
8.104340700477421500e-01
9.221081711404467418e-01
4.004880743027070533e-01
5.485340238860041406e-01
6.482059568069418187e-01
7.360900114452486598e-01
1.000000000000000000e+00
1.000000000000000000e+00
1.000000000000000000e+00
1.000000000000000000e+00
1.000000000000000000e+00
0.000000000000000000e+00
0.000000000000000000e+00
0.000000000000000000e+00
0.000000000000000000e+00
0.000000000000000000e+00
0.000000000000000000e+00
0.000000000000000000e+00
0.000000000000000000e+00
0.000000000000000000e+00
0.000000000000000000e+00
0.000000000000000000e+00
0.000000000000000000e+00
0.000000000000000000e+00
0.000000000000000000e+00
0.000000000000000000e+00
0.000000000000000000e+00
0.000000000000000000e+00
0.000000000000000000e+00
0.000000000000000000e+00
0.000000000000000000e+00
0.000000000000000000e+00
0.000000000000000000e+00
0.000000000000000000e+00
0.000000000000000000e+00
0.000000000000000000e+00
0.000000000000000000e+00
0.000000000000000000e+00
