-1.000000000000000000e+00
0.000000000000000000e+00
1.636024528922400134e-01
3.156859305980002639e-01
4.115398605152216782e-01
4.565856620475014505e-01
4.976442539186692882e-01
6.817172401957772854e-01
8.140731389713263821e-01
9.221725713776093292e-01
4.878089247611110402e-01
7.076294472054387441e-01
8.655444001033635315e-01
1.000000000000000000e+00
4.483084242380394047e-01
6.692478780261386095e-01
8.137422606096360589e-01
9.374214216613599993e-01
3.828501142482873543e-01
5.282478671994518260e-01
6.389142707199420013e-01
7.389639302443744562e-01
0.000000000000000000e+00
1.000000000000000000e+00
1.000000000000000000e+00
1.000000000000000000e+00
1.000000000000000000e+00
0.000000000000000000e+00
0.000000000000000000e+00
0.000000000000000000e+00
0.000000000000000000e+00
0.000000000000000000e+00
0.000000000000000000e+00
0.000000000000000000e+00
0.000000000000000000e+00
0.000000000000000000e+00
0.000000000000000000e+00
0.000000000000000000e+00
0.000000000000000000e+00
0.000000000000000000e+00
0.000000000000000000e+00
0.000000000000000000e+00
0.000000000000000000e+00
0.000000000000000000e+00
0.000000000000000000e+00
0.000000000000000000e+00
0.000000000000000000e+00
0.000000000000000000e+00
0.000000000000000000e+00
0.000000000000000000e+00
0.000000000000000000e+00
0.000000000000000000e+00
0.000000000000000000e+00
0.000000000000000000e+00
