-1.000000000000000000e+00
0.000000000000000000e+00
1.642597870347513866e-01
3.281952040989756236e-01
4.543208240504900131e-01
5.476922030278100761e-01
5.115164471992729167e-01
6.998479619635117333e-01
8.189396896012830496e-01
9.285132785836910374e-01
5.306710531874639925e-01
7.447365757962378652e-01
8.833126673428656206e-01
1.000000000000000000e+00
5.112226673142655775e-01
7.114493720914920605e-01
8.448326861877087923e-01
9.618033470800859686e-01
4.623013054125026944e-01
6.155771756838910314e-01
7.206309477183214796e-01
8.216774076746296007e-01
0.000000000000000000e+00
1.000000000000000000e+00
1.000000000000000000e+00
1.000000000000000000e+00
1.000000000000000000e+00
0.000000000000000000e+00
0.000000000000000000e+00
0.000000000000000000e+00
0.000000000000000000e+00
0.000000000000000000e+00
0.000000000000000000e+00
0.000000000000000000e+00
0.000000000000000000e+00
0.000000000000000000e+00
0.000000000000000000e+00
0.000000000000000000e+00
0.000000000000000000e+00
0.000000000000000000e+00
0.000000000000000000e+00
0.000000000000000000e+00
0.000000000000000000e+00
0.000000000000000000e+00
0.000000000000000000e+00
0.000000000000000000e+00
0.000000000000000000e+00
0.000000000000000000e+00
0.000000000000000000e+00
0.000000000000000000e+00
0.000000000000000000e+00
0.000000000000000000e+00
0.000000000000000000e+00
0.000000000000000000e+00
