1.000000000000000000e+00
0.000000000000000000e+00
2.152168080483060075e-01
4.026144692730277419e-01
5.362510333775548643e-01
6.501523769081301030e-01
5.018697566527451359e-01
6.940983579294626171e-01
8.393763093676316345e-01
9.612633937321888311e-01
4.959592674608166440e-01
7.113077349930565507e-01
8.647725854918479893e-01
1.000000000000000000e+00
4.696731471375433231e-01
6.838754388917148708e-01
8.266456353878800511e-01
9.469762800661525315e-01
4.334148885075466695e-01
5.840170707835516950e-01
6.892739881322755835e-01
7.782775342566390364e-01
0.000000000000000000e+00
1.000000000000000000e+00
1.000000000000000000e+00
1.000000000000000000e+00
1.000000000000000000e+00
0.000000000000000000e+00
0.000000000000000000e+00
0.000000000000000000e+00
0.000000000000000000e+00
0.000000000000000000e+00
0.000000000000000000e+00
0.000000000000000000e+00
0.000000000000000000e+00
0.000000000000000000e+00
0.000000000000000000e+00
0.000000000000000000e+00
0.000000000000000000e+00
0.000000000000000000e+00
0.000000000000000000e+00
0.000000000000000000e+00
0.000000000000000000e+00
0.000000000000000000e+00
0.000000000000000000e+00
0.000000000000000000e+00
0.000000000000000000e+00
0.000000000000000000e+00
0.000000000000000000e+00
0.000000000000000000e+00
0.000000000000000000e+00
0.000000000000000000e+00
0.000000000000000000e+00
0.000000000000000000e+00
