1.000000000000000000e+00
0.000000000000000000e+00
1.823118368659064625e-01
3.641441299453578306e-01
5.072744617719344706e-01
6.105616086559016997e-01
5.087479623218524871e-01
7.349754195111235511e-01
8.630403725212734134e-01
9.656463831981914048e-01
4.905309757901051282e-01
7.383127295702550663e-01
8.855648149860609886e-01
1.000000000000000000e+00
4.461246951605399857e-01
6.644749688339457450e-01
8.034640108824976368e-01
9.138520368112413861e-01
3.921842530252217518e-01
5.473429058076307863e-01
6.481952598411255817e-01
7.399052056785853093e-01
1.000000000000000000e+00
1.000000000000000000e+00
1.000000000000000000e+00
1.000000000000000000e+00
1.000000000000000000e+00
0.000000000000000000e+00
0.000000000000000000e+00
0.000000000000000000e+00
0.000000000000000000e+00
0.000000000000000000e+00
0.000000000000000000e+00
0.000000000000000000e+00
0.000000000000000000e+00
0.000000000000000000e+00
0.000000000000000000e+00
0.000000000000000000e+00
0.000000000000000000e+00
0.000000000000000000e+00
0.000000000000000000e+00
0.000000000000000000e+00
0.000000000000000000e+00
0.000000000000000000e+00
0.000000000000000000e+00
0.000000000000000000e+00
0.000000000000000000e+00
0.000000000000000000e+00
0.000000000000000000e+00
0.000000000000000000e+00
0.000000000000000000e+00
0.000000000000000000e+00
0.000000000000000000e+00
0.000000000000000000e+00
