1.000000000000000000e+00
0.000000000000000000e+00
1.791676498249175076e-01
3.575631624345714243e-01
5.002013640760666346e-01
6.087412801038698529e-01
5.065195504145840744e-01
7.299659361486153797e-01
8.602219343081356495e-01
9.624499712597326395e-01
4.898119795888592476e-01
7.344351486656812700e-01
8.853487969729186835e-01
1.000000000000000000e+00
4.464471982736042399e-01
6.641745972532490105e-01
8.034759832390383494e-01
9.139640474422149330e-01
3.942763414234693453e-01
5.460213729069502975e-01
6.418978305079290347e-01
7.258344635722324689e-01
1.000000000000000000e+00
1.000000000000000000e+00
1.000000000000000000e+00
1.000000000000000000e+00
1.000000000000000000e+00
0.000000000000000000e+00
0.000000000000000000e+00
0.000000000000000000e+00
0.000000000000000000e+00
0.000000000000000000e+00
0.000000000000000000e+00
0.000000000000000000e+00
0.000000000000000000e+00
0.000000000000000000e+00
0.000000000000000000e+00
0.000000000000000000e+00
0.000000000000000000e+00
0.000000000000000000e+00
0.000000000000000000e+00
0.000000000000000000e+00
0.000000000000000000e+00
0.000000000000000000e+00
0.000000000000000000e+00
0.000000000000000000e+00
0.000000000000000000e+00
0.000000000000000000e+00
0.000000000000000000e+00
0.000000000000000000e+00
0.000000000000000000e+00
0.000000000000000000e+00
0.000000000000000000e+00
0.000000000000000000e+00
