-1.000000000000000000e+00
0.000000000000000000e+00
1.621842773930517734e-01
3.043772154196604518e-01
4.024113066271802763e-01
4.856530154871747662e-01
4.827708806925116169e-01
6.754643247622320601e-01
8.187989979174632449e-01
9.395734444003118746e-01
4.833670088185008651e-01
7.019346673046246154e-01
8.585935087341882710e-01
1.000000000000000000e+00
4.672169044684414962e-01
6.863586419071993072e-01
8.352437963947938471e-01
9.606218144677659554e-01
4.321250803139790597e-01
5.912954139135404574e-01
7.069573430889863896e-01
8.063675685691750195e-01
1.000000000000000000e+00
1.000000000000000000e+00
1.000000000000000000e+00
1.000000000000000000e+00
1.000000000000000000e+00
0.000000000000000000e+00
0.000000000000000000e+00
0.000000000000000000e+00
0.000000000000000000e+00
0.000000000000000000e+00
0.000000000000000000e+00
0.000000000000000000e+00
0.000000000000000000e+00
0.000000000000000000e+00
0.000000000000000000e+00
0.000000000000000000e+00
0.000000000000000000e+00
0.000000000000000000e+00
0.000000000000000000e+00
0.000000000000000000e+00
0.000000000000000000e+00
0.000000000000000000e+00
0.000000000000000000e+00
0.000000000000000000e+00
0.000000000000000000e+00
0.000000000000000000e+00
0.000000000000000000e+00
0.000000000000000000e+00
0.000000000000000000e+00
0.000000000000000000e+00
0.000000000000000000e+00
0.000000000000000000e+00
