-1.000000000000000000e+00
0.000000000000000000e+00
1.402962036218690922e-01
2.824669963309661136e-01
3.869385879522766469e-01
4.461404841393755150e-01
5.082158191712721207e-01
6.872622544330381222e-01
7.904911075152040167e-01
8.808795946174626801e-01
5.359329649534050333e-01
7.550863919680920189e-01
8.901390768681199939e-01
1.000000000000000000e+00
5.315764936585960498e-01
7.560917893807694856e-01
8.871384376252983150e-01
9.955322454768134044e-01
4.920445635040903709e-01
6.596456680918860727e-01
7.725127797348949610e-01
8.734421584988958376e-01
0.000000000000000000e+00
1.000000000000000000e+00
1.000000000000000000e+00
1.000000000000000000e+00
1.000000000000000000e+00
0.000000000000000000e+00
0.000000000000000000e+00
0.000000000000000000e+00
0.000000000000000000e+00
0.000000000000000000e+00
0.000000000000000000e+00
0.000000000000000000e+00
0.000000000000000000e+00
0.000000000000000000e+00
0.000000000000000000e+00
0.000000000000000000e+00
0.000000000000000000e+00
0.000000000000000000e+00
0.000000000000000000e+00
0.000000000000000000e+00
0.000000000000000000e+00
0.000000000000000000e+00
0.000000000000000000e+00
0.000000000000000000e+00
0.000000000000000000e+00
0.000000000000000000e+00
0.000000000000000000e+00
0.000000000000000000e+00
0.000000000000000000e+00
0.000000000000000000e+00
0.000000000000000000e+00
0.000000000000000000e+00
